         MJD         m       dm    uJy  duJy   F  err  chi/N        RA      Dec        x        y  maj  min   phi  apfit  mag5sig   Sky            Obs  __tmp_SN    Mask
57396.587948 19.454622      NaN  -11.0  20.0   c  0.0   1.05 210.89573 54.30806  7733.58  2264.22 3.99 3.60   7.7 -0.427    19.59 21.57 02a57396o0607c -0.750000 8388609
57396.598947 19.367717      NaN   18.0  17.0   c  0.0   1.14 210.89573 54.30806  7447.20  1691.20 4.10 3.60   5.0 -0.444    19.60 21.58 02a57396o0625c  0.823529 8388609
57396.614233 18.847027      NaN  -91.0  35.0   c  0.0   1.03 210.89573 54.30806  8260.84  2835.33 3.80 3.60  20.1 -0.418    19.60 21.56 02a57396o0650c -2.714286 8388609
57396.627717 18.292405      NaN   47.0  44.0   c  0.0   1.13 210.89573 54.30806  8523.22  1074.16 4.33 3.66  11.1 -0.431    19.59 21.57 02a57396o0672c  0.977273 8388609
57424.598946 18.738855      NaN   60.0  20.0   c  0.0   0.86 210.89573 54.30806  8232.10  1590.22 4.32 3.76  10.2 -0.440    19.70 21.79 02a57424o0633c  2.800000    True
57424.604067 19.510313      NaN   -5.0  19.0   c  0.0   0.98 210.89573 54.30806  8496.08  2160.32 4.25 3.83  15.0 -0.423    19.68 21.79 02a57424o0641c -0.473684    8192
57424.621336 19.384550      NaN   17.0  17.0   c  0.0   0.93 210.89573 54.30806  7340.78  2777.61 4.01 3.71   9.7 -0.415    19.70 21.79 02a57424o0667c  0.764706    True
57424.633626 19.696897      NaN    0.0  16.0   c  0.0   1.08 210.89573 54.30806  7263.72  2871.43 3.96 3.67  11.3 -0.418    19.70 21.79 02a57424o0685c -0.250000    8192
57448.521048 19.169763      NaN  -25.0  26.0   c  0.0   0.77 210.89573 54.30806  7898.73  1781.04 4.00 3.65  14.8 -0.450    19.26 20.81 02a57448o0458c -1.115385   False
57448.543577 19.256669      NaN  -22.0  24.0   c  0.0   0.90 210.89573 54.30806  8190.70  2361.37 3.94 3.73  22.9 -0.440    19.21 20.77 02a57448o0497c -1.083333    True
57448.565924 19.183773      NaN   12.0  23.0   c  0.0   1.13 210.89573 54.30806  7049.94  2983.27 4.38 3.91  -1.3 -0.388    19.09 20.75 02a57448o0536c  0.347826   False
57448.596475 19.115465      NaN   20.0  22.0   c  0.0   1.23 210.89573 54.30806  3378.20  7814.75 3.87 3.61 -70.5 -0.422    19.20 20.80 02a57448o0592c  0.727273   False
57449.515332 19.142275      NaN   21.0  21.0   c  0.0   0.93 210.89573 54.30806  8135.46  1731.73 4.04 3.63  15.3 -0.462    19.45 21.19 02a57449o0610c  0.809524   False
57449.538360 19.454622      NaN  -41.0  20.0   c  0.0   0.93 210.89573 54.30806  8433.84  2309.60 3.82 3.59  30.3 -0.456    19.42 21.11 02a57449o0650c -2.250000   False
57449.558557 19.454622      NaN   -1.0  20.0   c  0.0   0.97 210.89573 54.30806  7293.34  2936.91 3.78 3.62  14.6 -0.427    19.39 21.07 02a57449o0688c -0.250000   False
57449.570520 19.367717      NaN   12.0  19.0   c  0.0   1.11 210.89573 54.30806  7275.21  2876.25 3.75 3.57  17.8 -0.439    19.39 21.06 02a57449o0709c  0.421053   False
57458.509881 19.569016      NaN    3.0  18.0   c  0.0   1.07 210.89573 54.30806  8217.97  1584.30 4.31 3.77  15.2 -0.446    19.65 21.70 02a57458o0606c -0.055556    True
57458.513259 19.510313      NaN  -32.0  19.0   c  0.0   1.07 210.89573 54.30806  8503.84  2153.08 4.20 3.90  23.6 -0.426    19.61 21.68 02a57458o0613c -1.894737    8192
57458.536888 19.183773      NaN   24.0  19.0   c  0.0   0.81 210.89573 54.30806  7376.84  2778.39 4.12 3.83   1.8 -0.402    19.60 21.68 02a57458o0653c  1.052632    True
57458.567769 19.401649      NaN   13.0  18.0   c  0.0   0.92 210.89573 54.30806  3374.51  7812.65 3.85 3.61 -73.1 -0.421    19.64 21.68 02a57458o0708c  0.500000    True
57488.426551 19.142275      NaN   24.0  20.0   c  0.0   0.90 210.89573 54.30806  8350.33  1656.63 4.32 3.81  19.9 -0.477    19.60 21.59 02a57488o0373c  1.000000   False
57488.444090 19.454622      NaN   -3.0  20.0   c  0.0   1.03 210.89573 54.30806  8637.72  2213.09 4.17 3.80  29.4 -0.461    19.60 21.61 02a57488o0405c -0.350000   False
57488.465855 19.510313      NaN  -31.0  19.0   c  0.0   0.85 210.89573 54.30806  7515.77  2859.69 4.05 3.72  15.4 -0.446    19.57 21.56 02a57488o0444c -1.842105    True
57488.475297 19.569016      NaN   -2.0  18.0   c  0.0   1.31 210.89573 54.30806  3360.54  7804.32 3.98 3.61 -65.1 -0.439    19.55 21.54 02a57488o0460c -0.333333   False
57512.362600 19.351140      NaN   -5.0  22.0   c  0.0   0.89 210.89573 54.30806  9538.00  2723.60 4.66 4.15  38.3 -0.435    19.51 21.58 02a57512o0305c -0.409091   False
57512.371077 19.334813      NaN    5.0  22.0   c  0.0   0.94 210.89573 54.30806  9560.90  2759.90 4.57 4.07  39.6 -0.440    19.53 21.60 02a57512o0322c  0.045455    True
57512.373986 19.569016      NaN  -10.0  18.0   c  0.0   1.29 210.89573 54.30806   352.47  2645.02 5.07 3.82 -34.3 -0.412    19.58 21.60 02a57512o0328c -0.777778    True
57512.383392 19.351140      NaN   -6.0  22.0   c  0.0   0.81 210.89573 54.30806   372.32  2682.18 5.11 3.92 -34.1 -0.413    19.54 21.60 02a57512o0347c -0.454545   False
57512.386899 19.510313      NaN    0.0  19.0   c  0.0   1.05 210.89573 54.30806  1002.65  7884.77 4.45 3.81 -58.4 -0.429    19.55 21.63 02a57512o0354c -0.210526    True
57512.388945 19.569016      NaN  -21.0  18.0   c  0.0   1.14 210.89573 54.30806   306.44  2605.71 5.16 3.88 -31.6 -0.403    19.57 21.61 02a57512o0358c -1.388889    True
57512.397027 19.631075      NaN   -2.0  17.0   c  0.0   1.18 210.89573 54.30806  1033.13  7765.55 4.38 3.76 -57.8 -0.429    19.55 21.60 02a57512o0374c -0.352941    True
57512.407432 19.569016      NaN  -16.0  18.0   c  0.0   0.96 210.89573 54.30806 10225.63  7833.40 4.60 3.71  81.1 -0.426    19.54 21.62 02a57512o0395c -1.111111   False
57512.416849 19.271854      NaN   21.0  18.0   c  0.0   1.05 210.89573 54.30806  3634.84  8638.96 4.14 3.80 -62.0 -0.410    19.52 21.58 02a57512o0414c  0.944444   False
57515.371866 18.944322      NaN   34.0  22.0   c  0.0   1.06 210.89573 54.30806  1976.86   490.90 5.36 3.74 -16.0 -0.483    19.58 21.68 02a57515o0321c  1.363636   False
57515.372987 18.711133      NaN   42.0  27.0   c  0.0   0.94 210.89573 54.30806  7367.66   276.00 5.29 3.91  10.2 -0.491    19.61 21.70 02a57515o0323c  1.407407    True
57515.374441 19.569016      NaN   -7.0  18.0   c  0.0   1.07 210.89573 54.30806  8538.02 10109.40 4.30 3.86  75.3 -0.415    19.60 21.66 02a57515o0326c -0.611111    True
57515.383262 19.142275      NaN   30.0  18.0   c  0.0   1.03 210.89573 54.30806  3123.27 10251.73 4.23 3.95 -48.7 -0.400    19.61 21.73 02a57515o0344c  1.444444   False
57515.385734 19.454622      NaN    0.0  20.0   c  0.0   0.94 210.89573 54.30806  8466.43 10029.85 4.16 3.76  74.4 -0.422    19.61 21.65 02a57515o0348c -0.200000   False
57515.386824 18.826541      NaN   51.0  20.0   c  0.0   0.99 210.89573 54.30806  3175.35 10336.21 4.28 3.96 -54.4 -0.402    19.61 21.70 02a57515o0350c  2.350000   False
57515.400161 19.351140      NaN   16.0  18.0   c  0.0   0.94 210.89573 54.30806  3209.84 10216.01 4.17 3.91 -48.6 -0.391    19.61 21.69 02a57515o0376c  0.666667    True
57515.402098 19.401649      NaN  -11.0  21.0   c  0.0   1.18 210.89573 54.30806  2058.58   416.71 5.17 3.65 -15.8 -0.485    19.58 21.64 02a57515o0380c -0.714286    True
57515.409082 19.302877      NaN  -38.0  23.0   c  0.0   0.91 210.89573 54.30806  2009.84   479.36 5.24 3.65 -14.9 -0.478    19.58 21.61 02a57515o0393c -1.826087   False
57515.410533 19.454622      NaN   -1.0  20.0   c  0.0   1.03 210.89573 54.30806  3168.91 10279.68 4.12 3.91 -42.8 -0.392    19.61 21.65 02a57515o0396c -0.250000   False
57545.329395 19.529530      NaN    9.0  17.0   c  0.0   1.32 210.89573 54.30806  1137.71  8143.31 4.40 3.94 -56.1 -0.416    19.59 21.73 02a57545o0190c  0.294118   False
57545.338129 19.287255      NaN   11.0  21.0   c  0.0   1.01 210.89573 54.30806  1124.82  8105.97 4.40 3.93 -61.1 -0.432    19.58 21.75 02a57545o0208c  0.333333    True
57545.345896 19.569016      NaN  -18.0  18.0   c  0.0   0.95 210.89573 54.30806 10338.03  8227.43 4.55 3.63  80.2 -0.430    19.64 21.77 02a57545o0224c -1.222222   False
57545.355107 19.631075      NaN  -21.0  17.0   c  0.0   1.18 210.89573 54.30806  1183.27  8181.78 4.15 3.77 -57.1 -0.430    19.62 21.73 02a57545o0243c -1.470588    True
57545.356559 19.569016      NaN  -31.0  18.0   c  0.0   1.07 210.89573 54.30806 10326.15  8189.75 4.65 3.62  82.6 -0.426    19.64 21.79 02a57545o0246c -1.944444   False
57545.358980 19.569016      NaN  -12.0  18.0   c  0.0   0.88 210.89573 54.30806 10383.22  8271.79 4.64 3.65  81.3 -0.435    19.64 21.79 02a57545o0251c -0.888889    True
57545.361400 19.454622      NaN  -28.0  20.0   c  0.0   0.92 210.89573 54.30806  1196.18  8064.51 4.39 3.92 -58.1 -0.425    19.56 21.74 02a57545o0256c -1.600000   False
57545.371093 19.454622      NaN    7.0  19.0   c  0.0   1.37 210.89573 54.30806  1163.54  8125.18 4.36 3.89 -56.8 -0.427    19.46 21.59 02a57545o0276c  0.157895    True
57545.380784 19.212347      NaN   16.0  21.0   c  0.0   1.22 210.89573 54.30806 10395.89  8159.13 4.68 3.68  80.2 -0.420    19.41 21.51 02a57545o0296c  0.571429   False
57545.390661 19.454622      NaN  -18.0  20.0   c  0.0   0.86 210.89573 54.30806 10358.33  8218.95 4.89 3.82  79.3 -0.420    19.52 21.66 02a57545o0315c -1.100000   False
57549.332077 19.351140      NaN   10.0  20.0   c  0.0   1.24 210.89573 54.30806  2425.88  9668.90 4.08 3.84 -55.3 -0.425    19.44 21.31 02a57549o0078c  0.300000   False
57549.342782 19.014394      NaN   28.0  22.0   c  0.0   0.91 210.89573 54.30806  2415.71  9629.12 4.16 3.87 -53.9 -0.416    19.44 21.33 02a57549o0100c  1.090909   False
57549.359807 19.401649      NaN    1.0  21.0   c  0.0   1.00 210.89573 54.30806  2472.07  9704.54 4.11 3.83 -48.6 -0.420    19.46 21.36 02a57549o0135c -0.142857    True
57549.367069 19.302877      NaN   -9.0  23.0   c  0.0   1.04 210.89573 54.30806  2484.72  9587.75 4.12 3.84 -53.9 -0.424    19.47 21.39 02a57549o0150c -0.565217    True
57549.375839 19.038793      NaN   29.0  21.0   c  0.0   0.80 210.89573 54.30806  2453.27  9651.45 4.24 3.89 -49.4 -0.416    19.49 21.47 02a57549o0168c  1.190476   False
57581.293250 19.212347      NaN  -34.0  25.0   c  0.0   1.01 210.89573 54.30806  3756.14  6906.29 4.16 3.83 -77.1 -0.443    19.01 20.64 02a57581o0088c -1.520000    True
57581.304631 18.944322      NaN   28.0  24.0   c  0.0   1.12 210.89573 54.30806  3743.55  6864.93 4.12 3.85 -62.1 -0.443    19.01 20.65 02a57581o0111c  1.000000   False
57581.321240 19.241693      NaN    8.0  23.0   c  0.0   1.29 210.89573 54.30806  3798.97  6939.43 3.97 3.69 -62.9 -0.452    19.00 20.58 02a57581o0145c  0.173913   False
57581.328019 19.212347      NaN  -34.0  25.0   c  0.0   1.25 210.89573 54.30806  3811.34  6822.06 3.92 3.63 -72.2 -0.454    19.00 20.57 02a57581o0159c -1.520000   False
57581.338880 19.169763      NaN  -32.0  26.0   c  0.0   1.21 210.89573 54.30806  3778.59  6881.03 3.99 3.68 -66.0 -0.453    18.93 20.48 02a57581o0181c -1.384615   False
57605.257770 18.816441      NaN  -33.0  36.0   c  0.0   1.32 210.89573 54.30806  4019.49  6981.08 4.26 3.91  41.5 -0.372    18.85 21.71 02a57605o0052c -1.027778 8388609
57605.266058 18.816441      NaN   -6.0  36.0   c  0.0   1.14 210.89573 54.30806  3996.55  6940.51 4.44 4.23  41.9 -0.399    18.84 21.70 02a57605o0066c -0.277778 8388609
57605.277177 18.598565      NaN  -66.0  44.0   c  0.0   1.00 210.89573 54.30806  4052.77  7013.99 5.25 5.14  64.5 -0.324    18.70 21.72 02a57605o0085c -1.590909 8388609
57605.290850 19.318728      NaN   12.0  20.0   c  0.0   1.28 210.89573 54.30806  4076.44  6897.91 4.91 4.71 -64.6 -0.355    19.19 21.41 02a57605o0109c  0.400000 8388609
57605.303123 19.569016      NaN  -13.0  18.0   c  0.0   1.19 210.89573 54.30806  4031.12  6953.73 4.12 3.93 -60.1 -0.388    19.35 21.41 02a57605o0133c -0.944444 8388609
57609.251150 18.900000      NaN   23.0  27.0   c  0.0   1.11 210.89573 54.30806  1313.75 10113.82 4.18 3.78 -54.7 -0.425    19.04 20.57 02a57609o0045c  0.703704   False
57609.257024       NaN      NaN    NaN   NaN NaN  NaN    NaN       NaN      NaN      NaN      NaN  NaN  NaN   NaN    NaN      NaN   NaN            NaN       NaN   False
57609.260345 19.051202      NaN  -12.0  29.0   c  0.0   0.73 210.89573 54.30806  1289.95 10072.29 4.24 3.89 -54.1 -0.430    19.15 20.84 02a57609o0061c -0.551724    True
57609.274446 18.978793      NaN   19.0  26.0   c  0.0   1.10 210.89573 54.30806  1345.10 10148.09 4.23 4.00 -55.2 -0.431    19.15 20.86 02a57609o0086c  0.576923   False
57609.275582 15.285211      NaN 1164.0 544.0   c  0.0   0.15 210.89573 54.30806 10525.21 10196.36 5.08 4.03  81.4 -0.383    19.23 20.97 02a57609o0088c  2.132353    True
57609.283416 19.169763      NaN  -21.0  26.0   c  0.0   1.21 210.89573 54.30806  1356.98 10025.24 4.35 3.86 -54.8 -0.414    19.11 20.83 02a57609o0102c -0.961538    True
57609.293767 18.967180      NaN   14.0  28.0   c  0.0   0.95 210.89573 54.30806  1320.74 10089.50 4.49 3.94 -54.1 -0.405    19.06 20.79 02a57609o0120c  0.357143   False
57746.613969 19.155932      NaN   29.0  18.0   c  0.0   1.08 210.89573 54.30806  9598.95  2386.66 4.06 3.82  81.9 -0.422    19.61 21.65 02a57746o0819c  1.388889   False
57746.625461 19.569016      NaN    0.0  18.0   c  0.0   1.12 210.89573 54.30806  9609.33  2426.28 4.08 3.83  80.9 -0.420    19.61 21.63 02a57746o0841c -0.222222   False
57746.627011 19.569016      NaN  -13.0  18.0   c  0.0   1.03 210.89573 54.30806   400.97  2315.22 4.23 4.16 -88.7 -0.368    19.54 21.57 02a57746o0844c -0.944444   False
57746.636855 19.569016      NaN  -30.0  18.0   c  0.0   1.05 210.89573 54.30806  9553.79  2353.37 4.24 4.02  81.1 -0.403    19.60 21.66 02a57746o0863c -1.888889    True
57746.638445 19.334813      NaN   20.0  17.0   c  0.0   1.02 210.89573 54.30806   413.59  2355.42 4.28 4.21  85.9 -0.364    19.56 21.60 02a57746o0866c  0.941176    True
57746.648259 19.569016      NaN  -17.0  18.0   c  0.0   1.09 210.89573 54.30806  9539.79  2471.52 4.17 3.92  78.9 -0.407    19.60 21.66 02a57746o0885c -1.166667    True
57746.650355 19.631075      NaN  -17.0  17.0   c  0.0   1.00 210.89573 54.30806   354.81  2273.03 4.15 4.02  85.7 -0.380    19.60 21.59 02a57746o0889c -1.235294    True
57746.659628 19.401649      NaN  -20.0  21.0   c  0.0   0.79 210.89573 54.30806  9575.93  2413.27 4.06 3.80  79.7 -0.417    19.52 21.38 02a57746o0907c -1.142857    True
57746.661195 19.226921      NaN   24.0  18.0   c  0.0   1.26 210.89573 54.30806   343.81  2409.55 4.09 3.96  84.2 -0.380    19.40 21.16 02a57746o0910c  1.111111   False
57746.669931 18.684100      NaN   12.0  38.0   c  0.0   1.20 210.89573 54.30806   377.11  2333.95 4.32 4.15  80.0 -0.358    18.45 19.40 02a57746o0927c  0.210526    True
57778.570698 19.510313      NaN    7.0  18.0   c  0.0   1.12 210.89573 54.30806  9090.01 10210.54 4.12 3.71 -88.1 -0.431    19.77 21.82 02a57778o0568c  0.166667   False
57778.576629 19.401649      NaN  -10.0  21.0   c  0.0   0.97 210.89573 54.30806  7865.10   409.28 4.00 3.78  15.1 -0.454    19.75 21.80 02a57778o0578c -0.666667   False
57778.584061 19.287255      NaN   14.0  20.0   c  0.0   1.08 210.89573 54.30806  9103.37 10252.01 4.09 3.68 -88.1 -0.432    19.77 21.81 02a57778o0592c  0.500000    True
57778.589437 19.510313      NaN    7.0  18.0   c  0.0   0.97 210.89573 54.30806  7877.37   450.18 3.94 3.77  18.1 -0.452    19.77 21.82 02a57778o0602c  0.166667   False
57778.596885 19.436675      NaN   11.0  18.0   c  0.0   1.30 210.89573 54.30806  9046.00 10177.96 4.09 3.73  89.5 -0.433    19.78 21.83 02a57778o0616c  0.388889    True
57778.602290 19.454622      NaN    2.0  20.0   c  0.0   0.95 210.89573 54.30806  7834.85   374.82 3.95 3.73  15.0 -0.453    19.79 21.85 02a57778o0626c -0.100000   False
57778.609876 19.226921      NaN   21.0  19.0   c  0.0   0.85 210.89573 54.30806  9023.88 10299.14 4.04 3.68 -88.4 -0.432    19.80 21.86 02a57778o0640c  0.894737    True
57778.615190 19.491430      NaN   11.0  17.0   c  0.0   1.25 210.89573 54.30806  7814.27   498.48 3.84 3.67  17.6 -0.453    19.81 21.88 02a57778o0650c  0.411765    True
57778.622705 19.334813      NaN   14.0  19.0   c  0.0   1.06 210.89573 54.30806  9069.36 10239.63 3.98 3.63 -89.0 -0.436    19.82 21.89 02a57778o0664c  0.526316   False
57778.628048 19.454622      NaN    3.0  20.0   c  0.0   1.14 210.89573 54.30806  7848.38   439.40 3.99 3.81  15.3 -0.447    19.77 21.86 02a57778o0674c -0.050000   False
57782.565439 19.696897      NaN   -1.0  16.0   c  0.0   0.99 210.89573 54.30806  8301.05  1409.17 3.86 3.75  84.3 -0.416    19.82 21.96 02a57782o0717c -0.312500    True
57782.579866 19.401649      NaN   16.0  17.0   c  0.0   0.89 210.89573 54.30806  8322.99  1449.09 3.89 3.75 -88.4 -0.409    19.84 21.99 02a57782o0743c  0.705882   False
57782.593858 19.696897      NaN  -12.0  16.0   c  0.0   1.10 210.89573 54.30806  8266.67  1376.03 3.81 3.67  86.8 -0.414    19.88 22.03 02a57782o0769c -1.000000   False
57782.607900 19.401649      NaN   10.0  19.0   c  0.0   0.83 210.89573 54.30806  8243.71  1499.60 3.93 3.77  83.5 -0.404    19.81 21.96 02a57782o0795c  0.315789   False
57782.621826 19.631075      NaN    2.0  17.0   c  0.0   0.96 210.89573 54.30806  8292.23  1441.49 3.86 3.71  85.7 -0.415    19.84 21.99 02a57782o0821c -0.117647    True
57786.563706 19.436675      NaN   11.0  18.0   c  0.0   0.96 210.89573 54.30806  9317.18  9930.24 3.91 3.51 -86.0 -0.427    19.80 21.89 02a57786o0507c  0.388889   False
57786.566299 19.384550      NaN    8.0  20.0   c  0.0   1.15 210.89573 54.30806  8074.00   130.30 3.89 3.68  12.6 -0.447    19.82 21.92 02a57786o0512c  0.200000    True
57786.576403 19.631075      NaN  -10.0  17.0   c  0.0   1.13 210.89573 54.30806  9328.35  9970.53 3.97 3.59 -88.6 -0.418    19.82 21.94 02a57786o0531c -0.823529   False
57786.579012 19.454622      NaN  -24.0  20.0   c  0.0   0.90 210.89573 54.30806  8086.27   170.84 3.87 3.68  17.1 -0.448    19.85 21.96 02a57786o0536c -1.400000    True
57786.589214 19.051202      NaN   37.0  18.0   c  0.0   0.97 210.89573 54.30806  9270.18  9895.07 3.94 3.57 -89.9 -0.429    19.83 21.94 02a57786o0555c  1.833333   False
57786.591848 19.510313      NaN   -3.0  19.0   c  0.0   1.13 210.89573 54.30806  8030.53    95.14 3.90 3.71  15.4 -0.449    19.68 21.79 02a57786o0560c -0.368421    True
57786.602149 19.256669      NaN  -19.0  24.0   c  0.0   1.25 210.89573 54.30806  9247.43 10016.77 3.98 3.64  85.5 -0.434    19.48 21.55 02a57786o0579c -0.958333    True
57786.604786 19.401649      NaN    4.0  21.0   c  0.0   1.24 210.89573 54.30806  8019.20   216.28 3.88 3.76  18.9 -0.442    19.84 21.98 02a57786o0584c  0.000000    True
57786.615038 19.569016      NaN  -13.0  18.0   c  0.0   1.08 210.89573 54.30806  9292.40  9958.06 3.95 3.59  86.1 -0.426    19.78 21.88 02a57786o0603c -0.944444    True
57786.617646 19.401649      NaN   -3.0  21.0   c  0.0   0.97 210.89573 54.30806  8053.58   159.72 3.90 3.74  24.6 -0.448    19.84 21.99 02a57786o0608c -0.333333    True
57806.543426 19.510313      NaN  -20.0  19.0   c  0.0   0.87 210.89573 54.30806  9176.75  1312.81 3.85 3.71  60.2 -0.446    19.76 21.82 02a57806o0606c -1.263158   False
57806.546470 19.569016      NaN  -10.0  18.0   c  0.0   0.95 210.89573 54.30806  9203.02  1349.96 3.97 3.84  55.4 -0.429    19.74 21.83 02a57806o0612c -0.777778   False
57806.563479 19.631075      NaN  -30.0  17.0   c  0.0   1.13 210.89573 54.30806  9145.56  1277.23 4.05 3.88  52.4 -0.427    19.76 21.89 02a57806o0643c -2.000000    True
57806.577726 19.454622      NaN    4.0  20.0   c  0.0   0.77 210.89573 54.30806  9125.18  1396.37 3.91 3.72  65.1 -0.440    19.76 21.84 02a57806o0669c  0.000000   False
57806.591596 19.569016      NaN   -6.0  18.0   c  0.0   0.99 210.89573 54.30806  9175.26  1335.67 3.91 3.71  60.9 -0.439    19.72 21.75 02a57806o0695c -0.555556    True
57834.492888 19.696897      NaN   -4.0  16.0   c  0.0   1.01 210.89573 54.30806  8077.34  3380.76 3.99 3.71  87.7 -0.381    19.07 21.15 02a57834o0443c -0.500000   False
57834.503330 19.401649      NaN    0.0  21.0   c  0.0   1.02 210.89573 54.30806  2405.19  7030.48 3.82 3.69  44.9 -0.427    19.11 21.19 02a57834o0463c -0.190476   False
57834.527024 19.351140      NaN   -6.0  22.0   c  0.0   1.25 210.89573 54.30806  2452.52  7106.49 3.82 3.67  46.5 -0.423    19.04 21.02 02a57834o0506c -0.454545   False
57834.542612 19.169763      NaN   13.0  23.0   c  0.0   0.96 210.89573 54.30806  2471.71  6991.36 4.01 3.88  52.0 -0.407    18.92 20.83 02a57834o0535c  0.391304    True
57834.554663 19.302877      NaN    2.0  23.0   c  0.0   1.10 210.89573 54.30806  2426.62  7052.74 4.05 3.88  49.7 -0.393    18.86 20.73 02a57834o0557c -0.086957   False
57838.492206 19.302877      NaN    1.0  23.0   c  0.0   0.73 210.89573 54.30806   145.52   580.03 4.44 4.38 -72.8 -0.376    19.01 21.19 02a57838o0454c -0.130435    8192
57838.492735 19.351140      NaN  -53.0  22.0   c  0.0   1.06 210.89573 54.30806  1508.12 10388.94 4.33 4.18  26.2 -0.383    19.04 21.20 02a57838o0455c -2.590909    True
57838.494486 19.384550      NaN    8.0  20.0   c  0.0   1.21 210.89573 54.30806  9003.05    99.85 4.02 3.88  39.5 -0.447    19.06 21.21 02a57838o0458c  0.200000    True
57838.495005 19.351140      NaN  -11.0  22.0   c  0.0   1.14 210.89573 54.30806 10367.49  9912.12 4.46 4.09  80.9 -0.413    19.01 21.18 02a57838o0459c -0.681818    True
57838.505700 18.990530      NaN   30.0  22.0   c  0.0   1.09 210.89573 54.30806 10296.00  9836.91 4.42 4.10  81.9 -0.402    19.02 21.17 02a57838o0479c  1.181818    True
57838.524714 19.510313      NaN    4.0  19.0   c  0.0   0.93 210.89573 54.30806   204.10   496.84 4.25 4.18 -14.6 -0.374    19.03 21.14 02a57838o0515c  0.000000    True
57838.528687 18.978793      NaN   25.0  24.0   c  0.0   0.92 210.89573 54.30806  1557.05 10303.97 4.13 3.95  18.6 -0.402    19.04 21.15 02a57838o0522c  0.875000    True
57838.541835 19.197966      NaN   17.0  21.0   c  0.0   0.96 210.89573 54.30806  1529.26 10366.48 4.23 3.75   9.1 -0.385    19.03 21.12 02a57838o0547c  0.619048    8192
57838.542881 19.401649      NaN  -20.0  21.0   c  0.0   0.96 210.89573 54.30806   170.64   552.39 4.09 3.98 -87.7 -0.398    19.06 21.09 02a57838o0549c -1.142857    True
57842.515338 19.115465      NaN   17.0  23.0   c  0.0   0.96 210.89573 54.30806  3852.45  6718.00 4.04 3.91  55.5 -0.397    18.98 21.04 02a57842o0427c  0.565217    8192
57842.526432 19.454622      NaN  -17.0  20.0   c  0.0   1.33 210.89573 54.30806  3895.62  6793.68 4.26 4.09  67.2 -0.387    18.93 21.04 02a57842o0448c -1.050000    True
57842.544005 19.454622      NaN  -15.0  20.0   c  0.0   1.00 210.89573 54.30806  3916.70  6673.47 4.12 3.95  75.7 -0.378    18.94 20.97 02a57842o0481c -0.950000    8192
57862.478560 19.454622      NaN   -1.0  20.0   c  0.0   0.91 210.89573 54.30806  3544.75  6949.69 3.82 3.70  86.1 -0.396    18.84 20.47 02a57862o0525c -0.250000   False
57862.500554 19.155932      NaN   17.0  22.0   c  0.0   0.88 210.89573 54.30806  3521.85  6909.73 3.78 3.66  86.7 -0.402    18.76 20.25 02a57862o0570c  0.590909   False
57862.510937 19.183773      NaN   15.0  22.0   c  0.0   0.98 210.89573 54.30806  3578.71  6985.43 3.72 3.61  84.9 -0.412    18.74 20.17 02a57862o0591c  0.500000   False
57862.522570 19.226921      NaN   12.0  22.0   c  0.0   1.01 210.89573 54.30806  3602.68  6866.99 3.74 3.65  72.3 -0.401    18.68 20.07 02a57862o0615c  0.363636    True
57862.530436 19.401649      NaN   -3.0  21.0   c  0.0   1.36 210.89573 54.30806  3569.58  6925.90 3.69 3.59  76.4 -0.414    18.67 20.02 02a57862o0631c -0.333333   False
57870.492158 19.696897      NaN   16.0  12.0   c  0.0   1.21 210.89573 54.30806  1916.92  8593.19 2.42 2.27   7.7 -0.466    19.53 20.68 02a57870o0440c  1.000000    True
57870.509600 20.009244      NaN   -6.0  12.0   c  0.0   1.14 210.89573 54.30806  1893.74  8555.25 2.44 2.28   5.8 -0.462    19.48 20.63 02a57870o0473c -0.833333   False
57870.517991 19.979496      NaN    8.0  11.0   c  0.0   1.23 210.89573 54.30806  1949.02  8627.24 2.45 2.31   7.2 -0.468    19.46 20.60 02a57870o0489c  0.363636   False
57870.530201 20.103715      NaN   -5.0  11.0   c  0.0   1.25 210.89573 54.30806  1974.69  8509.74 2.48 2.35   1.4 -0.461    19.42 20.58 02a57870o0512c -0.818182   False
57870.541671 20.103715      NaN   -5.0  11.0   c  0.0   1.11 210.89573 54.30806  1941.94  8567.41 2.47 2.35   0.7 -0.466    19.42 20.55 02a57870o0534c -0.818182    True
57894.386745 20.009244      NaN   -5.0  12.0   c  0.0   1.41 210.89573 54.30806  1340.06  9767.41 2.54 2.32 -11.4 -0.464    19.65 21.54 02a57894o0292c -0.750000   False
57894.416893 20.009244      NaN   -3.0  12.0   c  0.0   1.53 210.89573 54.30806  1316.98  9726.67 2.59 2.35 -13.8 -0.468    19.81 21.74 02a57894o0349c -0.583333   False
57894.419529 20.103715      NaN  -12.0  11.0   c  0.0   1.19 210.89573 54.30806  1374.45  9798.95 2.58 2.37  -6.3 -0.467    19.78 21.70 02a57894o0354c -1.454545    True
57894.441778 19.979496      NaN    5.0  12.0   c  0.0   1.08 210.89573 54.30806  1388.93  9679.10 2.53 2.29  -7.4 -0.473    19.68 21.53 02a57894o0396c  0.083333   False
57894.453543 19.841877      NaN   -7.0  14.0   c  0.0   0.98 210.89573 54.30806  1353.87  9738.24 2.53 2.30  -4.3 -0.474    19.49 21.27 02a57894o0418c -0.785714    True
57898.389114 20.009244      NaN    3.0  12.0   c  0.0   0.75 210.89573 54.30806  1875.18  8717.95 2.66 2.37  -5.2 -0.481    19.73 21.69 02a57898o0138c -0.083333    True
57898.398663 20.207197      NaN    0.0  10.0   c  0.0   1.37 210.89573 54.30806  1851.54  8677.96 2.48 2.29  -0.7 -0.503    19.78 21.72 02a57898o0156c -0.400000   False
57898.417223 20.103715      NaN   -1.0  11.0   c  0.0   0.89 210.89573 54.30806  1907.05  8751.80 2.59 2.34 -11.9 -0.486    19.75 21.68 02a57898o0191c -0.454545   False
57898.437402 20.207197      NaN  -16.0  10.0   c  0.0   1.71 210.89573 54.30806  1932.98  8631.09 2.46 2.24   2.1 -0.504    19.75 21.62 02a57898o0229c -2.000000   False
57898.446924 19.922338      NaN  -16.0  13.0   c  0.0   0.99 210.89573 54.30806  1898.96  8688.55 2.67 2.48   1.7 -0.486    19.69 21.60 02a57898o0247c -1.538462   False
57902.386132 20.207197      NaN   -1.0  10.0   c  0.0   1.51 210.89573 54.30806  4398.63  7529.18 2.52 2.42  -3.6 -0.451    19.81 21.63 02a57902o0297c -0.500000   False
57902.397408 19.766969      NaN   16.0  11.0   c  0.0   1.01 210.89573 54.30806  4388.10  7489.28 2.57 2.47  -9.2 -0.461    19.77 21.60 02a57902o0319c  1.090909   False
57902.399963 20.103715      NaN   13.0   8.0   c  0.0   1.96 210.89573 54.30806  4435.01  7567.26 2.59 2.45  -2.7 -0.449    19.78 21.58 02a57902o0324c  1.125000   False
57902.422768 20.321591      NaN    4.0   9.0   c  0.0   1.61 210.89573 54.30806  4459.27  7448.21 2.56 2.45  -0.2 -0.463    19.79 21.63 02a57902o0368c  0.000000    True
57902.433611 20.009244      NaN   -1.0  12.0   c  0.0   1.00 210.89573 54.30806  4424.13  7505.00 2.61 2.52  -1.8 -0.455    19.67 21.49 02a57902o0389c -0.416667   False
58020.235926 19.652575      NaN    9.0  15.0   c  0.0   1.35 210.89573 54.30806  3564.01  3765.83 2.41 2.31 -78.2 -0.409    19.28 20.64 02a58020o0006c  0.333333 8388609
58194.569176 20.103715      NaN   -9.0  11.0   c  0.0   1.43 210.89573 54.30806  2284.52  8882.02 2.55 2.35  22.1 -0.453    19.73 21.58 02a58194o0731c -1.181818    True
58194.580281 19.841877      NaN   16.0  10.0   c  0.0   1.14 210.89573 54.30806  2260.27  8843.67 2.56 2.31  24.9 -0.453    19.75 21.58 02a58194o0749c  1.200000    True
58194.590959 19.922338      NaN   -2.0  13.0   c  0.0   0.96 210.89573 54.30806  2310.14  8915.89 2.63 2.46  14.7 -0.444    19.72 21.58 02a58194o0768c -0.461538    8192
58194.602403 20.207197      NaN   -2.0  10.0   c  0.0   1.51 210.89573 54.30806  2319.98  8796.95 2.41 2.21  17.2 -0.466    19.75 21.57 02a58194o0786c -0.600000    8192
58196.529228 18.369531      NaN    5.0  54.0   c  0.0   0.71 210.89573 54.30806  4980.87  3699.57 2.58 2.44  19.6 -0.397    17.79 19.73 02a58196o0652c  0.018519    8192
58196.535461 19.979496      NaN   11.0  10.0   c  0.0   1.50 210.89573 54.30806  4949.54  3663.58 2.45 2.31  46.1 -0.411    19.80 21.89 02a58196o0663c  0.700000    True
58196.543979 17.607010      NaN   75.0  86.0   c  0.0   1.55 210.89573 54.30806  5005.44  3738.80 2.45 2.34  37.9 -0.438    16.95 18.82 02a58196o0680c  0.825581    8192
58251.578978 19.868040      NaN    9.0  12.0   c  0.0   1.31 210.89573 54.30806  4149.16  3778.04 2.73 2.54 -52.9 -0.388    19.50 21.34 02a58251o0733c  0.416667   False
58251.587115 20.103715      NaN    4.0  11.0   c  0.0   1.29 210.89573 54.30806  4148.43  3782.03 2.83 2.62 -51.2 -0.378    19.45 21.26 02a58251o0749c  0.000000   False
58251.594640 20.009244      NaN    0.0  12.0   c  0.0   1.17 210.89573 54.30806  4136.88  3785.63 2.69 2.55 -50.4 -0.388    19.43 21.20 02a58251o0764c -0.333333   False
58251.602316 19.766969      NaN   -1.0  15.0   c  0.0   0.96 210.89573 54.30806  4146.87  3788.37 3.00 2.79 -53.4 -0.380    19.28 21.09 02a58251o0779c -0.333333    True
58252.572007 20.009244      NaN  -11.0  12.0   c  0.0   1.49 210.89573 54.30806  4148.63  3774.16 2.58 2.45 -49.9 -0.394    19.44 21.13 02a58252o0684c -1.250000    True
58252.582264 20.009244      NaN    3.0  12.0   c  0.0   1.06 210.89573 54.30806  4147.66  3779.41 2.51 2.40 -48.6 -0.402    19.46 21.08 02a58252o0703c -0.083333    True
58252.589663 19.868040      NaN    6.0  13.0   c  0.0   1.00 210.89573 54.30806  4135.90  3782.71 2.54 2.45 -46.8 -0.398    19.40 21.05 02a58252o0718c  0.153846    True
58252.598499 19.609992      NaN   17.0  13.0   c  0.0   1.24 210.89573 54.30806  4147.02  3785.76 2.49 2.40 -53.0 -0.398    19.37 20.99 02a58252o0735c  1.000000    8192
58256.417856 18.816441      NaN  -63.0  36.0   c  0.0   0.52 210.89573 54.30806  3218.30  5371.00 2.37 2.34 -16.3 -0.425    19.82 21.77 02a58256o0256c -1.861111   False
58256.432475 20.207197      NaN    1.0  10.0   c  0.0   0.79 210.89573 54.30806  3196.28  5330.54 2.41 2.41  19.6 -0.424    19.76 21.79 02a58256o0287c -0.300000   False
58256.449876 19.950541      NaN   12.0  10.0   c  0.0   1.37 210.89573 54.30806  3252.37  5406.66 2.34 2.31  11.2 -0.431    19.80 21.75 02a58256o0324c  0.800000   False
58256.458792 20.321591      NaN  -19.0   9.0   c  0.0   1.62 210.89573 54.30806  3276.28  5287.53 2.38 2.30  39.7 -0.425    19.79 21.74 02a58256o0343c -2.555556   False
58280.393689 20.207197      NaN  -10.0  10.0   c  0.0   0.93 210.89573 54.30806  5382.36  4891.92 2.45 2.41 -69.2 -0.419    19.75 21.71 02a58280o0323c -1.400000    True
58280.407270 20.009244      NaN    4.0  12.0   c  0.0   0.77 210.89573 54.30806  5372.06  4855.81 2.53 2.51  54.6 -0.412    19.67 21.62 02a58280o0352c  0.000000   False
58280.414598 19.922338      NaN  -10.0  13.0   c  0.0   0.89 210.89573 54.30806  5427.41  4929.61 2.44 2.41  54.2 -0.422    19.45 21.31 02a58280o0368c -1.076923   False
58280.424534 20.207197      NaN  -20.0  10.0   c  0.0   1.38 210.89573 54.30806  5438.57  4817.27 2.42 2.38  53.6 -0.418    19.72 21.59 02a58280o0389c -2.400000   False
58284.387122 19.841877      NaN   16.0  10.0   c  0.0   1.68 210.89573 54.30806  2855.35  5642.24 2.36 2.30   0.6 -0.420    19.59 21.41 02a58284o0307c  1.200000   False
58284.391741 19.922338      NaN   10.0  11.0   c  0.0   1.48 210.89573 54.30806  2829.80  5603.69 2.35 2.29   3.9 -0.422    19.62 21.46 02a58284o0317c  0.545455   False
58284.403480 20.009244      NaN   -8.0  12.0   c  0.0   0.88 210.89573 54.30806  2888.32  5681.22 2.40 2.34  20.6 -0.428    19.67 21.53 02a58284o0342c -1.000000   False
58284.411716 20.207197      NaN   -2.0  10.0   c  0.0   1.33 210.89573 54.30806  2909.64  5560.64 2.44 2.38  21.9 -0.431    19.70 21.54 02a58284o0360c -0.600000   False
58308.365311 20.207197      NaN   -1.0  10.0   c  0.0   1.06 210.89573 54.30806  5594.06  3912.16 2.75 2.47 -51.1 -0.410    19.67 21.59 02a58308o0015c -0.500000    8192
58308.374538 20.207197      NaN    4.0  10.0   c  0.0   1.50 210.89573 54.30806  5615.49  3793.67 2.67 2.48 -52.0 -0.409    19.64 21.54 02a58308o0035c  0.000000    8192
58312.333401 20.207197      NaN   -7.0  10.0   c  0.0   1.09 210.89573 54.30806  5144.96  3950.85 2.52 2.35 -53.7 -0.416    19.75 21.63 02a58312o0193c -1.100000   False
58312.339561 20.103715      NaN  -15.0  11.0   c  0.0   0.90 210.89573 54.30806  5119.76  3910.50 2.69 2.43 -54.7 -0.407    19.71 21.63 02a58312o0206c -1.727273   False
58312.349040 19.979496      NaN   11.0  10.0   c  0.0   1.73 210.89573 54.30806  5177.13  3987.18 2.58 2.48 -50.9 -0.410    19.67 21.61 02a58312o0226c  0.700000   False
58312.361108 20.103715      NaN  -13.0  11.0   c  0.0   1.14 210.89573 54.30806  5199.35  3869.77 2.53 2.47 -50.2 -0.409    19.68 21.58 02a58312o0252c -1.545455   False
58316.328042 19.922338      NaN  -10.0  13.0   c  0.0   1.16 210.89573 54.30806  3284.03  3430.67 3.09 2.96 -61.9 -0.381    19.36 21.19 02a58316o0183c -1.076923    8192
58316.337992 19.589310      NaN   15.0  14.0   c  0.0   1.07 210.89573 54.30806  3273.02  3389.62 3.05 3.00  68.7 -0.366    19.34 21.27 02a58316o0204c  0.785714    True
58316.346903 19.979496      NaN    5.0  12.0   c  0.0   1.18 210.89573 54.30806  3328.58  3465.05 2.82 2.80  35.5 -0.378    19.44 21.34 02a58316o0223c  0.083333    True
58316.359453 19.766969      NaN   10.0  13.0   c  0.0   1.19 210.89573 54.30806  3350.62  3347.64 3.39 3.33 -52.7 -0.357    19.31 21.41 02a58316o0250c  0.461538    8192
58344.281357 19.719755      NaN   18.0  11.0   c  0.0   1.39 210.89573 54.30806  4003.58  2675.18 2.61 2.40 -55.1 -0.387    19.46 21.13 02a58344o0108c  1.272727    True
58344.290487 20.207197      NaN  -13.0  10.0   c  0.0   1.90 210.89573 54.30806  3992.46  2635.90 2.74 2.55 -63.1 -0.394    19.41 21.10 02a58344o0127c -1.700000    8192
58344.299671 19.816329      NaN    8.0  13.0   c  0.0   1.46 210.89573 54.30806  4048.80  2711.86 2.67 2.48 -55.5 -0.385    19.08 20.79 02a58344o0146c  0.307692    True
58344.308612 19.631075      NaN   16.0  13.0   c  0.0   1.38 210.89573 54.30806  4070.48  2589.65 2.62 2.50 -52.1 -0.392    19.43 21.14 02a58344o0165c  0.923077    8192
58376.224249 19.038793      NaN   26.0  22.0   c  0.0   1.03 210.89573 54.30806  5687.01  2164.86 2.62 2.39 -58.5 -0.397    18.75 19.69 02a58376o0028c  1.000000    8192
58376.230043 19.256669      NaN   10.0  22.0   c  0.0   0.96 210.89573 54.30806  5675.34  2125.01 2.56 2.41 -64.0 -0.391    18.99 20.12 02a58376o0040c  0.272727    True
58376.238331 19.401649      NaN   -8.0  21.0   c  0.0   0.88 210.89573 54.30806  5730.24  2227.44 2.68 2.50 -61.0 -0.388    19.11 20.35 02a58376o0057c -0.571429    8192
58376.247461 19.569016      NaN   -7.0  18.0   c  0.0   1.05 210.89573 54.30806  5753.57  2100.96 2.89 2.78 -67.7 -0.379    19.00 20.36 02a58376o0076c -0.611111    True
58520.663770 20.009244      NaN    2.0  12.0   c  0.0   1.23 210.89573 54.30806  4420.83  7831.25 2.59 2.36  19.2 -0.464    19.68 21.60 02a58520o0274c -0.666667    8192
58520.673685 18.978793      NaN  -18.0  31.0   c  0.0   1.10 210.89573 54.30806  4395.24  7791.44 2.64 2.45  19.8 -0.473    18.45 19.41 02a58520o0295c -0.903226    8192
58576.556729 19.841877      NaN    2.0  14.0   c  0.0   1.05 210.89573 54.30806  7727.69    95.82 2.48 2.09 -59.9 -0.404    19.78 21.80 02a58576o0718c -0.571429   False
58576.558102 20.103715      NaN    4.0  11.0   c  0.0   1.17 210.89573 54.30806  7994.50  9833.32 2.67 2.50 -64.6 -0.402    19.80 21.82 02a58576o0721c -0.545455    True
58576.570795 20.103715      NaN  -10.0  11.0   c  0.0   1.25 210.89573 54.30806  7970.13  9792.25 2.75 2.52 -54.5 -0.414    19.76 21.80 02a58576o0748c -1.818182   False
58576.571708 19.922338      NaN  -10.0  13.0   c  0.0   1.35 210.89573 54.30806  7704.40    54.13 2.55 2.17 -54.5 -0.392    19.74 21.77 02a58576o0750c -1.538462   False
58576.577207 19.841877      NaN   -5.0  14.0   c  0.0   1.14 210.89573 54.30806  7769.91   133.98 2.57 2.18 -55.4 -0.420    19.76 21.75 02a58576o0762c -1.071429   False
58576.578589 20.207197      NaN   -3.0  10.0   c  0.0   1.59 210.89573 54.30806  8025.25  9873.00 2.83 2.48 -54.2 -0.408    19.73 21.78 02a58576o0765c -1.300000   False
58576.591620 19.868040      NaN   15.0  12.0   c  0.0   1.25 210.89573 54.30806  8045.83  9755.81 2.90 2.51 -53.6 -0.400    19.67 21.74 02a58576o0792c  0.416667   False
58580.533459 20.103715      NaN   -3.0  11.0   c  0.0   1.42 210.89573 54.30806  7606.48  7870.10 2.64 2.49  45.1 -0.407    19.60 21.43 02a58580o0667c -1.181818    8192
58580.553444 20.103715      NaN   -1.0  11.0   c  0.0   1.54 210.89573 54.30806  7639.43  7908.32 2.56 2.54  82.0 -0.405    19.66 21.40 02a58580o0709c -1.000000    True
58580.565220 20.039830      NaN   12.0  11.0   c  0.0   1.28 210.89573 54.30806  7660.53  7790.54 2.60 2.53  67.9 -0.409    19.59 21.37 02a58580o0734c  0.181818    8192
58604.470220 20.207197      NaN  -22.0  10.0   c  0.0   1.67 210.89573 54.30806  7332.67  3989.62 2.37 2.30  44.9 -0.399    19.60 21.61 02a58604o0438c -3.200000    4096
58604.485174 19.743105      NaN   26.0  10.0   c  0.0   1.41 210.89573 54.30806  7309.55  3950.34 2.38 2.30 -64.6 -0.409    19.59 21.62 02a58604o0470c  1.600000   False
58604.494705 20.009244      NaN   13.0  11.0   c  0.0   1.66 210.89573 54.30806  7363.27  4025.38 2.41 2.38  49.6 -0.404    19.60 21.58 02a58604o0490c  0.272727   False
58604.501777 20.207197      NaN    7.0  10.0   c  0.0   1.72 210.89573 54.30806  7385.75  3911.76 2.48 2.38 -61.4 -0.399    19.53 21.55 02a58604o0505c -0.300000   False
58612.399959 19.816329      NaN   20.0  11.0   c  0.0   1.24 210.89573 54.30806  9102.48  6885.89 2.56 2.46  59.0 -0.422    19.76 21.60 02a58612o0365c  0.909091   False
58612.401822 20.009244      NaN  -10.0  12.0   c  0.0   0.98 210.89573 54.30806  9082.78  6846.16 2.56 2.46  57.9 -0.406    19.79 21.60 02a58612o0369c -1.666667   False
58612.407474 20.207197      NaN   -7.0  10.0   c  0.0   1.51 210.89573 54.30806  9138.98  6925.88 2.57 2.49  80.0 -0.421    19.76 21.61 02a58612o0381c -1.700000   False
58612.432540 20.103715      NaN   -5.0  11.0   c  0.0   1.38 210.89573 54.30806  9148.61  6808.38 2.59 2.47  48.1 -0.463    19.78 21.63 02a58612o0433c -1.363636   False
58636.335628 19.922338      NaN  -12.0  13.0   c  0.0   1.10 210.89573 54.30806  1806.82  7486.93 2.48 2.37 -16.4 -0.429    19.71 21.76 02a58636o0227c -1.692308   False
58636.341238 20.321591      NaN   -7.0   9.0   c  0.0   1.79 210.89573 54.30806  8772.47  3045.04 2.37 2.26 -63.6 -0.422    19.80 21.76 02a58636o0239c -1.888889   False
58636.347261 20.321591      NaN    5.0   9.0   c  0.0   1.52 210.89573 54.30806  8836.61  3134.48 2.44 2.24 -62.2 -0.411    19.80 21.77 02a58636o0252c -0.555556   False
58636.365477 20.207197      NaN    5.0  10.0   c  0.0   0.97 210.89573 54.30806  8851.02  3014.97 2.46 2.24 -63.5 -0.412    19.75 21.70 02a58636o0291c -0.500000   False
58664.300439 19.979496      NaN   20.0   9.0   c  0.0   1.66 210.89573 54.30806  2512.73  1202.17 2.38 2.29 -65.5 -0.435    19.78 21.60 02a58664o0137c  1.111111   False
58664.303183 20.207197      NaN    2.0  10.0   c  0.0   1.32 210.89573 54.30806  2491.70  1163.27 2.42 2.27 -59.9 -0.420    19.81 21.61 02a58664o0143c -0.800000    True
58664.308728 20.207197      NaN    0.0  10.0   c  0.0   1.17 210.89573 54.30806  2549.38  1237.00 2.35 2.27 -78.2 -0.405    19.80 21.64 02a58664o0155c -1.000000   False
58664.318819 19.652575      NaN   30.0  10.0   c  0.0   1.48 210.89573 54.30806  2569.95  1119.01 2.35 2.23 -75.3 -0.432    19.82 21.68 02a58664o0177c  2.000000   False
58668.360430 20.039830      NaN   15.0  10.0   c  0.0   1.17 210.89573 54.30806  6991.46  4773.21 2.58 2.30  40.7 -0.393    19.70 21.53 02a58668o0259c  0.500000    True
58668.363476 19.791368      NaN   15.0  13.0   c  0.0   1.30 210.89573 54.30806  6971.85  4732.98 2.61 2.25  40.7 -0.573    19.74 21.50 02a58668o0265c  0.384615   False
58668.370013 19.652575      NaN   24.0  12.0   c  0.0   1.55 210.89573 54.30806  7027.25  4809.28 2.68 2.25  39.4 -0.389    19.70 21.46 02a58668o0279c  1.166667   False
58668.381748 20.009244      NaN  -19.0  12.0   c  0.0   0.83 210.89573 54.30806  7046.50  4691.08 2.56 2.27  38.1 -0.387    19.72 21.46 02a58668o0304c -2.416667   False
58692.299708 20.321591      NaN    0.0   9.0   c  0.0   2.10 210.89573 54.30806  8897.32  5217.97 2.65 2.49  41.4 -0.392    19.68 21.66 02a58692o0140c -1.111111   False
58692.302589 20.103715      NaN    0.0  11.0   c  0.0   1.15 210.89573 54.30806  8877.11  5177.91 2.64 2.45  38.0 -0.389    19.70 21.66 02a58692o0146c -0.909091   False
58692.308687 20.103715      NaN   -1.0  11.0   c  0.0   1.00 210.89573 54.30806  8932.74  5257.46 2.53 2.46  53.8 -0.394    19.67 21.63 02a58692o0157c -1.000000   False
58692.318540 20.207197      NaN   10.0  10.0   c  0.0   1.23 210.89573 54.30806  8951.28  5141.04 2.56 2.44  41.4 -0.392    19.70 21.60 02a58692o0178c  0.000000   False
58696.259275 20.207197      NaN    8.0  10.0   c  0.0   1.28 210.89573 54.30806  8903.77  5221.12 2.77 2.47 -64.3 -0.398    19.61 21.39 02a58696o0060c -0.200000   False
58696.263160 20.103715      NaN   -3.0  11.0   c  0.0   0.97 210.89573 54.30806  8882.91  5180.69 2.89 2.48 -64.6 -0.397    19.64 21.51 02a58696o0068c -1.181818   False
58696.268990 20.103715      NaN    6.0  11.0   c  0.0   1.31 210.89573 54.30806  8939.74  5260.75 2.87 2.52 -64.2 -0.401    19.66 21.57 02a58696o0080c -0.363636   False
58696.279054 19.894850      NaN   14.0  12.0   c  0.0   1.09 210.89573 54.30806  8955.69  5151.12 3.00 2.56 -63.9 -0.397    19.61 21.57 02a58696o0101c  0.333333   False
58700.300639 19.841877      NaN   -9.0  14.0   c  0.0   1.01 210.89573 54.30806  3360.56  7091.50 2.45 2.42   8.1 -0.386    19.55 21.20 02a58700o0151c -1.357143   False
58700.303953 20.009244      NaN   -4.0  12.0   c  0.0   0.95 210.89573 54.30806  3341.85  7051.48 2.38 2.34   0.0 -0.391    19.59 21.19 02a58700o0158c -1.166667   False
58700.310446 20.009244      NaN   -2.0  12.0   c  0.0   1.02 210.89573 54.30806  3397.91  7129.49 2.48 2.37  26.6 -0.380    19.54 21.19 02a58700o0172c -1.000000    True
58700.320640 20.103715      NaN    4.0  11.0   c  0.0   1.28 210.89573 54.30806  3417.63  7010.57 2.44 2.40   0.6 -0.389    19.55 21.17 02a58700o0194c -0.545455   False
58708.299948 18.816441      NaN  -51.0  36.0   c  0.0   1.16 210.89573 54.30806  4783.56  3201.75 2.87 2.31  41.6 -0.386    18.22 19.07 02a58708o0161c -1.694444   False
58708.302750 18.675237      NaN  -53.0  41.0   c  0.0   1.39 210.89573 54.30806  4762.50  3163.11 2.82 2.29  42.4 -0.398    18.06 18.90 02a58708o0167c -1.536585    True
58708.309789 18.623526      NaN -104.0  43.0   c  0.0   0.95 210.89573 54.30806  4822.37  3242.13 2.95 2.35  42.2 -0.375    17.75 18.71 02a58708o0182c -2.651163   False
58708.319771 18.847027      NaN  -19.0  35.0   c  0.0   1.33 210.89573 54.30806  4843.76  3123.57 2.71 2.33  39.5 -0.400    18.16 18.98 02a58708o0203c -0.828571   False
58724.254212 19.631075      NaN   31.0  10.0   c  0.0   1.63 210.89573 54.30806  5055.14  4844.40 2.75 2.32  34.2 -0.404    19.58 21.32 02a58724o0081c  2.100000   False
58724.257423 19.674510      NaN   17.0  14.0   c  0.0   1.01 210.89573 54.30806  5036.65  4806.15 2.64 2.29  38.4 -0.401    19.54 21.31 02a58724o0088c  0.500000    True
58724.263511 20.009244      NaN    2.0  12.0   c  0.0   1.16 210.89573 54.30806  5091.79  4882.02 2.76 2.32  36.7 -0.394    19.50 21.30 02a58724o0101c -0.666667   False
58724.275107 19.922338      NaN   -3.0  13.0   c  0.0   0.87 210.89573 54.30806  5112.61  4768.35 2.72 2.32  36.3 -0.394    19.49 21.25 02a58724o0126c -1.000000   False
58872.552407 20.103715      NaN  -15.0  11.0   c  0.0   0.94 210.89573 54.30806  3578.00  5800.99 2.53 2.32  44.0 -0.392    19.85 22.00 02a58872o0760c -2.272727   False
58872.555279 20.071303      NaN   14.0  10.0   c  0.0   1.29 210.89573 54.30806  3600.06  5838.82 2.36 2.33 -56.4 -0.411    19.81 21.99 02a58872o0766c  0.400000   False
58872.561131 20.321591      NaN   -9.0   9.0   c  0.0   1.61 210.89573 54.30806  3542.55  5759.63 2.35 2.31 -49.3 -0.410    19.84 21.99 02a58872o0778c -2.111111   False
58872.571799 20.207197      NaN   -6.0  10.0   c  0.0   0.87 210.89573 54.30806  3511.97  5880.12 2.52 2.31  40.8 -0.393    19.84 22.02 02a58872o0799c -1.600000   False
58876.651589 20.207197      NaN    0.0  10.0   c  0.0   1.49 210.89573 54.30806  1938.20  9647.38 2.41 2.33 -38.3 -0.427    19.70 21.82 02a58876o0927c -1.000000    8192
58876.655266 19.766969      NaN   -8.0  15.0   c  0.0   1.46 210.89573 54.30806  1957.37  9686.23 2.50 2.37 -43.4 -0.418    19.31 21.31 02a58876o0935c -1.200000    8192
58876.662978 19.841877      NaN  -22.0  14.0   c  0.0   1.26 210.89573 54.30806  1899.71  9607.18 2.45 2.31 -39.6 -0.420    19.30 21.14 02a58876o0951c -2.285714    True
58876.669196 18.534680      NaN   75.0  25.0   c  0.0   1.47 210.89573 54.30806  1878.65  9723.67 2.46 2.31 -35.3 -0.428    18.50 19.82 02a58876o0963c  2.600000    True
58884.593779 20.321591      NaN   -7.0   9.0   c  0.0   1.71 210.89573 54.30806  5066.60  1953.09 2.50 2.27  50.3 -0.395    19.82 21.99 02a58884o0827c -0.444444    True
58884.596741 20.449472      NaN  -15.0   8.0   c  0.0   2.00 210.89573 54.30806  5091.34  1988.54 2.44 2.20 -61.4 -0.403    19.85 21.98 02a58884o0833c -1.500000    8192
58884.605408 20.207197      NaN   -9.0  10.0   c  0.0   1.30 210.89573 54.30806  5036.15  1912.15 2.47 2.26 -62.8 -0.402    19.81 21.98 02a58884o0851c -0.600000    True
58884.615927 20.207197      NaN  -20.0  10.0   c  0.0   0.72 210.89573 54.30806  5014.53  2030.93 2.43 2.26  52.3 -0.400    19.81 21.99 02a58884o0873c -1.700000    8192
58900.591861 20.103715      NaN    0.0  10.0   c  0.0   1.44 210.89573 54.30806  7228.22  3492.23 2.54 2.48  70.3 -0.387    19.55 21.59 02a58900o0772c  0.300000   False
58900.593725 20.009244      NaN  -20.0  12.0   c  0.0   1.15 210.89573 54.30806  7250.22  3524.02 2.56 2.43 -67.9 -0.391    19.32 21.32 02a58900o0776c -1.416667   False
58900.597390 19.318728      NaN   11.0  18.0   c  0.0   0.92 210.89573 54.30806  7192.22  3452.41 2.87 2.78 -67.6 -0.395    19.29 21.41 02a58900o0783c  0.777778   False
58900.608099 20.009244      NaN   -6.0  12.0   c  0.0   1.35 210.89573 54.30806  3412.57  7012.12 2.76 2.65 -56.4 -0.386    19.52 21.66 02a58900o0803c -0.250000   False
58932.513609 20.207197      NaN   -9.0  10.0   c  0.0   1.02 210.89573 54.30806  3641.89  8746.32 2.66 2.33 -51.9 -0.412    19.73 21.71 02a58932o0633c -0.600000   False
58932.516828 20.207197      NaN   -3.0  10.0   c  0.0   1.27 210.89573 54.30806  3623.06  8706.92 2.70 2.37 -52.4 -0.412    19.70 21.70 02a58932o0640c  0.000000    True
58932.522331 19.922338      NaN    3.0  11.0   c  0.0   0.96 210.89573 54.30806  3677.84  8782.66 2.66 2.29 -51.7 -0.416    19.71 21.69 02a58932o0652c  0.545455   False
58932.532128 19.674510      NaN   10.0  12.0   c  0.0   1.10 210.89573 54.30806  3696.41  8665.48 2.64 2.33 -52.4 -0.413    19.72 21.67 02a58932o0673c  1.083333   False
58956.480280 20.009244      NaN    3.0  10.0   c  0.0   1.24 210.89573 54.30806   411.89  1397.33 2.72 2.33 -57.7 -0.410    19.70 21.69 02a58956o0530c  0.600000   False
58956.483493 20.103715      NaN   -7.0  11.0   c  0.0   1.07 210.89573 54.30806   391.33  1358.47 2.74 2.36 -59.2 -0.412    19.68 21.70 02a58956o0537c -0.363636   False
58956.489223 20.207197      NaN   -9.0  10.0   c  0.0   1.28 210.89573 54.30806   451.14  1428.10 2.73 2.35 -57.9 -0.413    19.70 21.68 02a58956o0549c -0.600000   False
58956.499532 20.321591      NaN   -6.0   9.0   c  0.0   1.70 210.89573 54.30806   471.10  1306.89 2.77 2.39 -59.4 -0.415    19.66 21.63 02a58956o0570c -0.333333   False
58960.425104 19.922338      NaN   -3.0  13.0   c  0.0   0.93 210.89573 54.30806 10175.89  9180.21 2.96 2.81  45.3 -0.374    19.66 21.55 02a58960o0416c  0.000000   False
58960.428590 19.472870      NaN   26.0  10.0   c  0.0   1.40 210.89573 54.30806   383.27  1362.14 2.56 2.33 -59.1 -0.412    19.70 21.56 02a58960o0423c  2.900000   False
58960.434799 20.103715      NaN  -11.0  11.0   c  0.0   1.33 210.89573 54.30806   443.93  1432.74 2.48 2.33 -57.7 -0.416    19.72 21.56 02a58960o0436c -0.727273   False
58960.471580 19.816329      NaN   13.0   9.0   c  0.0   1.50 210.89573 54.30806   469.42  1309.29 2.37 2.29  76.1 -0.420    19.72 21.63 02a58960o0459c  1.777778   False
58964.430982 19.128787      NaN  -20.0  27.0   c  0.0   1.11 210.89573 54.30806  7147.25  6906.00 2.52 2.47 -82.2 -0.404    18.74 20.40 02a58964o0427c -0.629630   False
58964.434180 18.757738      NaN  -14.0  38.0   c  0.0   1.55 210.89573 54.30806  7128.55  6866.43 2.54 2.51  85.2 -0.397    18.18 19.79 02a58964o0434c -0.289474   False
58964.440185 19.256669      NaN   15.0  18.0   c  0.0   1.57 210.89573 54.30806  7184.76  6945.90 2.64 2.59 -70.5 -0.392    19.01 20.86 02a58964o0447c  1.000000   False
58964.475522 20.103715      NaN  -10.0  11.0   c  0.0   1.13 210.89573 54.30806  7200.42  6830.56 2.63 2.56  42.4 -0.395    19.59 21.44 02a58964o0523c -0.636364    True
58984.385056 19.868040      NaN    8.0  10.0   c  0.0   1.36 210.89573 54.30806  1479.31  6781.38 2.37 2.24  11.5 -0.403    19.75 21.72 02a58984o0250c  1.100000   False
58984.388259 20.103715      NaN   -8.0  11.0   c  0.0   1.16 210.89573 54.30806  1460.97  6740.63 2.37 2.20 -51.0 -0.414    19.79 21.70 02a58984o0257c -0.454545   False
58984.393747 20.207197      NaN   -4.0  10.0   c  0.0   1.41 210.89573 54.30806  1518.75  6817.48 2.38 2.21 -48.2 -0.420    19.78 21.71 02a58984o0269c -0.100000   False
58984.404468 20.321591      NaN   -9.0   9.0   c  0.0   1.55 210.89573 54.30806  1544.08  6699.81 2.37 2.20 -45.8 -0.416    19.79 21.73 02a58984o0290c -0.666667   False
58988.407142 20.039830      NaN    2.0  10.0   c  0.0   1.55 210.89573 54.30806  6746.25  3117.73 2.59 2.29  35.4 -0.390    19.71 21.63 02a58988o0375c  0.500000   False
58988.410344 20.207197      NaN   -6.0  10.0   c  0.0   1.56 210.89573 54.30806  6728.97  3079.09 2.44 2.34  35.0 -0.395    19.73 21.61 02a58988o0382c -0.300000   False
58988.415874 20.207197      NaN  -10.0  10.0   c  0.0   1.18 210.89573 54.30806  6786.66  3155.73 2.44 2.31  38.5 -0.393    19.70 21.59 02a58988o0394c -0.700000   False
58988.427368 20.207197      NaN  -13.0  10.0   c  0.0   1.07 210.89573 54.30806  6811.22  3042.76 2.36 2.34  82.6 -0.396    19.72 21.59 02a58988o0419c -1.000000   False
58992.358373 20.103715      NaN   -5.0  11.0   c  0.0   0.92 210.89573 54.30806  6752.62  3125.07 2.63 2.41  33.3 -0.389    19.73 21.75 02a58992o0269c -0.181818   False
58992.361575 20.137125      NaN   -1.0  10.0   c  0.0   1.34 210.89573 54.30806  6732.70  3085.20 2.55 2.36  32.6 -0.393    19.72 21.74 02a58992o0276c  0.200000   False
58992.367526 20.039830      NaN    5.0   9.0   c  0.0   1.29 210.89573 54.30806  6791.16  3162.83 2.59 2.40  31.5 -0.386    19.74 21.75 02a58992o0289c  0.888889   False
58992.401785 20.207197      NaN  -11.0  10.0   c  0.0   1.29 210.89573 54.30806  6807.89  3043.77 2.63 2.38  29.0 -0.384    19.70 21.75 02a58992o0362c -0.800000   False
59011.354173 20.009244      NaN    3.0  10.0   c  0.0   1.51 210.89573 54.30806  9054.58  6881.24 3.00 2.95  57.2 -0.382    19.64 21.96 02a59011o0241c  0.600000    8192
59011.357398 19.791368      NaN    5.0  12.0   c  0.0   0.93 210.89573 54.30806  9033.06  6835.62 2.93 2.86  56.0 -0.384    19.67 21.95 02a59011o0248c  0.666667    8192
59011.363858 20.103715      NaN   -4.0  11.0   c  0.0   1.15 210.89573 54.30806  9089.71  6916.76 2.94 2.91  49.2 -0.385    19.68 21.95 02a59011o0262c -0.090909    True
59011.384568 19.696897      NaN    6.0  13.0   c  0.0   1.31 210.89573 54.30806  9101.55  6798.17 3.91 3.56  31.1 -0.330    19.44 21.95 02a59011o0306c  0.692308    True
59015.333919 20.207197      NaN  -31.0  10.0   c  0.0   1.37 210.89573 54.30806  9053.73  6875.76 2.65 2.57  58.3 -0.399    19.78 21.91 02a59015o0200c -2.800000    True
59015.337583 20.207197      NaN  -19.0  10.0   c  0.0   1.27 210.89573 54.30806  9034.94  6834.87 2.63 2.55  64.3 -0.398    19.79 21.90 02a59015o0208c -1.600000    True
59015.343104 20.207197      NaN  -20.0  10.0   c  0.0   1.35 210.89573 54.30806  9088.70  6915.78 2.76 2.45  36.0 -0.391    19.78 21.90 02a59015o0220c -1.700000    True
59015.354141 19.816329      NaN    7.0  11.0   c  0.0   0.98 210.89573 54.30806  9107.80  6801.19 2.69 2.60  68.3 -0.396    19.76 21.87 02a59015o0244c  0.909091    8192
59020.330908 20.207197      NaN  -25.0  10.0   c  0.0   1.98 210.89573 54.30806  6582.31   975.54 2.45 2.32 -69.3 -0.404    19.50 21.38 02a59020o0132c -2.200000 8388608
59020.334109 19.652575      NaN   17.0  10.0   c  0.0   0.97 210.89573 54.30806  6561.74   935.31 2.44 2.30 -64.0 -0.401    19.75 21.74 02a59020o0139c  2.000000 8388608
59020.341236 20.103715      NaN  -15.0  11.0   c  0.0   1.01 210.89573 54.30806  6621.47  1016.21 2.54 2.42  88.1 -0.392    19.60 21.65 02a59020o0154c -1.090909 8388608
59020.352367 19.115465      NaN   28.0  17.0   c  0.0   0.98 210.89573 54.30806  6640.49   892.95 2.36 2.31 -82.9 -0.405    19.43 21.35 02a59020o0178c  1.823529 8388608
59040.285251 20.009244      NaN   -8.0  12.0   c  0.0   1.28 210.89573 54.30806  8755.40  3089.22 2.87 2.73 -61.8 -0.377    19.58 21.62 02a59040o0091c -0.416667   False
59040.288469 19.894850      NaN    7.0  10.0   c  0.0   1.49 210.89573 54.30806  8735.67  3049.11 2.82 2.70 -57.7 -0.372    19.58 21.62 02a59040o0098c  1.000000   False
59040.295427 19.841877      NaN    6.0  11.0   c  0.0   0.95 210.89573 54.30806  8795.11  3126.74 2.74 2.65 -59.7 -0.379    19.70 21.65 02a59040o0113c  0.818182   False
59040.306084 19.743105      NaN   10.0  11.0   c  0.0   1.25 210.89573 54.30806  8816.48  3008.98 2.80 2.70  41.0 -0.379    19.65 21.66 02a59040o0136c  1.181818    True
59044.317072 20.207197      NaN    6.0   7.0   c  0.0   2.90 210.89573 54.30806   806.25  3018.72 2.48 2.27 -55.6 -0.400    19.71 21.76 02a59044o0158c  1.285714   False
59044.320832 20.171596      NaN    4.0   8.0   c  0.0   2.46 210.89573 54.30806   784.59  2978.67 2.53 2.34 -61.4 -0.402    19.68 21.77 02a59044o0166c  0.875000   False
59044.327714 20.207197      NaN  -12.0  10.0   c  0.0   1.27 210.89573 54.30806   847.17  3056.81 2.61 2.46 -60.6 -0.405    19.62 21.76 02a59044o0181c -0.900000    True
59044.337475 19.868040      NaN    8.0  10.0   c  0.0   1.00 210.89573 54.30806   870.31  2936.43 2.75 2.44 -57.4 -0.397    19.60 21.71 02a59044o0202c  1.100000   False
59048.285981 19.894850      NaN    7.0  10.0   c  0.0   1.20 210.89573 54.30806   812.48  3023.08 2.55 2.35  34.0 -0.395    19.64 21.53 02a59048o0095c  1.000000   False
59048.290126 19.868040      NaN    2.0  12.0   c  0.0   1.33 210.89573 54.30806   791.71  2984.40 2.65 2.35  36.6 -0.389    19.44 21.30 02a59048o0104c  0.416667   False
59048.296595 20.103715      NaN   -7.0  11.0   c  0.0   1.05 210.89573 54.30806   850.70  3057.83 2.56 2.32  35.8 -0.393    19.57 21.51 02a59048o0118c -0.363636   False
59048.308077 20.071303      NaN    1.0  10.0   c  0.0   0.74 210.89573 54.30806   874.53  2938.30 2.36 2.33  17.4 -0.405    19.68 21.65 02a59048o0143c  0.400000   False
59108.240914 19.102305      NaN   38.0  14.0   c  0.0   1.43 210.89573 54.30806  4772.48  3193.36 2.37 2.34  60.9 -0.401    19.32 20.86 02a59108o0046c  2.928571    True
59108.246004 19.766969      NaN  -12.0  15.0   c  0.0   1.52 210.89573 54.30806  4752.17  3166.45 2.56 2.40  37.5 -0.391    19.27 20.84 02a59108o0057c -0.600000   False
59108.250126 19.351140      NaN   18.0  15.0   c  0.0   0.95 210.89573 54.30806  4811.75  3237.73 2.42 2.39  51.3 -0.395    19.30 20.84 02a59108o0066c  1.400000   False
59108.260706 19.696897      NaN   -3.0  16.0   c  0.0   1.15 210.89573 54.30806  4831.22  3127.62 2.62 2.44 -52.1 -0.395    19.22 20.80 02a59108o0089c  0.000000   False
59206.608827 20.207197      NaN   -9.0  10.0   c  0.0   1.28 210.89573 54.30806  4783.80  3180.89 2.53 2.47 -30.8 -0.370    19.71 21.84 01a59206o0880c -0.600000   False
59206.612058 20.009244      NaN    0.0  11.0   c  0.0   0.81 210.89573 54.30806  4761.85  3146.00 2.57 2.51 -32.3 -0.367    19.69 21.85 01a59206o0887c  0.272727   False
59206.617585 19.816329      NaN   10.0  10.0   c  0.0   1.39 210.89573 54.30806  4823.01  3222.42 2.73 2.64  -7.9 -0.359    19.62 21.85 01a59206o0899c  1.300000   False
59206.631405 20.103715      NaN   -3.0  11.0   c  0.0   1.10 210.89573 54.30806  4841.40  3110.57 2.77 2.58  21.5 -0.358    19.63 21.85 01a59206o0929c  0.000000   False
59208.639885 19.652575      NaN   14.0  11.0   c  0.0   1.16 210.89573 54.30806  8781.05  1664.79 2.61 2.33 -54.3 -0.407    19.68 21.64 02a59208o0962c  1.545455   False
59208.650450 19.894850      NaN    7.0  10.0   c  0.0   1.27 210.89573 54.30806  8801.42  1703.77 2.61 2.34 -53.9 -0.404    19.70 21.65 02a59208o0985c  1.000000   False
59208.655955 19.791368      NaN   11.0  10.0   c  0.0   1.30 210.89573 54.30806  8746.85  1630.46 2.58 2.31 -55.4 -0.401    19.67 21.61 02a59208o0997c  1.400000   False
59208.664725 19.841877      NaN   -7.0  14.0   c  0.0   1.07 210.89573 54.30806  8728.56  1751.15 2.57 2.34 -56.6 -0.404    19.41 20.84 02a59208o1016c -0.285714   False
59228.630646 19.922338      NaN    3.0  11.0   c  0.0   1.07 210.89573 54.30806  7479.30  5602.53 2.68 2.51  50.1 -0.390    19.74 21.88 02a59228o0867c  0.545455   False
59228.633851 20.009244      NaN   -3.0  12.0   c  0.0   0.88 210.89573 54.30806  7499.51  5640.85 2.71 2.51  48.6 -0.388    19.72 21.88 02a59228o0874c  0.000000   False
59228.650265 20.207197      NaN   -6.0  10.0   c  0.0   1.20 210.89573 54.30806  7447.37  5567.10 2.70 2.49  48.0 -0.390    19.76 21.90 02a59228o0909c -0.300000   False
59228.658974 19.719755      NaN   11.0  11.0   c  0.0   1.04 210.89573 54.30806  7428.15  5684.27 2.69 2.45  45.7 -0.393    19.80 21.83 02a59228o0928c  1.272727   False
59230.596813 19.816329      NaN   10.0  10.0   c  0.0   1.25 210.89573 54.30806  3663.23  8718.31 2.94 2.60 -76.7 -0.397    19.72 22.31 01a59230o0856c  1.300000   False
59230.600047 20.207197      NaN  -11.0  10.0   c  0.0   1.09 210.89573 54.30806  3643.88  8680.67 2.90 2.59 -77.3 -0.395    19.77 22.33 01a59230o0863c -0.800000   False
59230.605590 20.009244      NaN    3.0  10.0   c  0.0   1.27 210.89573 54.30806  3702.14  8754.04 2.80 2.62 -83.7 -0.389    19.76 22.34 01a59230o0875c  0.600000   False
59230.615358 19.791368      NaN   11.0  10.0   c  0.0   1.24 210.89573 54.30806  3720.58  8638.22 2.75 2.58 -81.0 -0.393    19.78 22.39 01a59230o0896c  1.400000   False
59238.585766 20.137125      NaN    2.0   9.0   c  0.0   0.82 210.89573 54.30806  1151.00  5135.85 2.29 2.19 -63.8 -0.397    19.95 22.17 01a59238o0765c  0.555556   False
59238.588065 20.103715      NaN    0.0  10.0   c  0.0   1.21 210.89573 54.30806  1130.91  5098.70 2.37 2.29 -67.1 -0.389    19.94 22.16 01a59238o0770c  0.300000    True
59238.590826 20.171596      NaN    4.0   8.0   c  0.0   1.59 210.89573 54.30806  1189.81  5175.71 2.39 2.33 -75.5 -0.385    19.95 22.18 01a59238o0776c  0.875000   False
59238.595897 20.207197      NaN    3.0   8.0   c  0.0   1.59 210.89573 54.30806  1208.85  5057.70 2.46 2.42 -79.1 -0.383    19.88 22.19 01a59238o0787c  0.750000   False
59254.582395 19.696897      NaN    6.0  13.0   c  0.0   1.03 210.89573 54.30806   395.67  1402.21 2.77 2.47  45.0 -0.394    19.64 22.07 01a59254o0809c  0.692308   False
59254.584237 19.351140      NaN   21.0  14.0   c  0.0   1.31 210.89573 54.30806   367.80  1367.70 2.60 2.34  67.0 -0.430    19.62 22.01 01a59254o0813c  1.714286   False
59254.587068 19.128787      NaN   15.0  21.0   c  0.0   0.77 210.89573 54.30806   434.76  1440.30 2.52 2.31  65.8 -0.427    19.24 21.52 01a59254o0819c  0.857143   False
59254.593104 19.868040      NaN    8.0  10.0   c  0.0   1.44 210.89573 54.30806   451.93  1322.60 2.50 2.28  67.4 -0.426    19.76 22.16 01a59254o0832c  1.100000   False
59256.529166 20.207197      NaN  -19.0  10.0   c  0.0   0.70 210.89573 54.30806  5317.00  3596.27 2.50 2.34  47.2 -0.402    19.79 21.98 02a59256o0695c -1.600000   False
59256.532384 20.362567      NaN    2.0   7.0   c  0.0   1.68 210.89573 54.30806  5336.30  3635.73 2.63 2.39  45.7 -0.397    19.76 21.98 02a59256o0702c  0.714286   False
59256.537897 20.039830      NaN    2.0  10.0   c  0.0   1.56 210.89573 54.30806  5279.86  3558.72 2.56 2.33  43.1 -0.401    19.81 21.97 02a59256o0714c  0.500000    True
59256.543014 20.321591      NaN   -3.0   9.0   c  0.0   0.92 210.89573 54.30806  5261.52  3674.32 2.62 2.40  46.2 -0.397    19.76 21.98 02a59256o0725c  0.000000   False
59258.571978 19.816329      NaN   13.0   9.0   c  0.0   1.30 210.89573 54.30806  7161.26  6875.34 2.55 2.52  65.9 -0.368    19.75 22.04 01a59258o0790c  1.777778   False
59258.573832 20.171596      NaN    4.0   8.0   c  0.0   1.60 210.89573 54.30806  7145.91  6833.12 2.73 2.59  43.8 -0.356    19.73 22.03 01a59258o0794c  0.875000   False
59258.576596 19.841877      NaN    9.0  10.0   c  0.0   1.03 210.89573 54.30806  7201.46  6913.09 2.70 2.64  62.5 -0.366    19.74 22.04 01a59258o0800c  1.200000   False
59258.582589 19.841877      NaN   15.0   8.0   c  0.0   1.60 210.89573 54.30806  7218.70  6798.61 2.52 2.48  78.8 -0.375    19.80 22.04 01a59258o0813c  2.250000   False
59262.501830 20.449472      NaN   -5.0   8.0   c  0.0   1.45 210.89573 54.30806  7158.81  6875.65 2.40 2.25 -88.5 -0.395    19.77 21.77 01a59262o0623c -0.250000   False
59262.504607 19.841877      NaN    6.0  11.0   c  0.0   1.05 210.89573 54.30806  7140.04  6835.93 2.40 2.28 -87.7 -0.390    19.78 21.82 01a59262o0629c  0.818182   False
59262.508306 20.449472      NaN  -21.0   8.0   c  0.0   1.51 210.89573 54.30806  7198.43  6913.19 2.46 2.36  83.2 -0.379    19.75 21.86 01a59262o0637c -2.250000   False
59262.514297 20.207197      NaN   -9.0  10.0   c  0.0   1.08 210.89573 54.30806  7216.70  6797.07 2.49 2.41  85.7 -0.374    19.77 21.85 01a59262o0650c -0.600000   False
59288.544037 19.743105      NaN   13.0  10.0   c  0.0   1.28 210.89573 54.30806  5499.09  8622.98 2.43 2.34  52.3 -0.408    19.81 21.80 02a59288o0704c  1.600000   False
59288.579411 19.894850      NaN   10.0   9.0   c  0.0   1.79 210.89573 54.30806  5476.57  8582.35 2.56 2.31  34.2 -0.396    19.77 21.76 02a59288o0780c  1.444444   False
59288.607793 19.589310      NaN   -1.0  17.0   c  0.0   1.31 210.89573 54.30806  5527.67  8656.17 2.61 2.36  33.4 -0.390    18.70 20.56 02a59288o0841c  0.117647   False
59288.632589 20.071303      NaN   -2.0  11.0   c  0.0   0.98 210.89573 54.30806  5542.62  8536.29 2.78 2.35  41.1 -0.386    19.67 21.69 02a59288o0894c  0.090909    True
59292.459472 20.207197      NaN  -10.0  10.0   c  0.0   0.98 210.89573 54.30806  1693.16  5354.63 2.49 2.30  55.9 -0.413    19.75 21.80 02a59292o0510c -0.700000   False
59292.462673 19.894850      NaN    7.0  10.0   c  0.0   1.55 210.89573 54.30806  1716.33  5394.26 2.46 2.31  60.7 -0.409    19.74 21.78 02a59292o0517c  1.000000   False
59292.466844 20.103715      NaN  -12.0  11.0   c  0.0   0.53 210.89573 54.30806  1655.73  5314.92 2.59 2.36  48.1 -0.402    19.72 21.79 02a59292o0526c -0.818182   False
59292.473270 20.103715      NaN   -8.0  11.0   c  0.0   0.94 210.89573 54.30806  1637.43  5430.14 2.52 2.31  48.3 -0.405    19.74 21.81 02a59292o0540c -0.454545   False
59292.649611 19.766969      NaN  -20.0  15.0   c  0.0   1.35 210.89573 54.30806  8902.81  5190.38 2.51 2.32  36.4 -0.396    19.18 20.41 02a59292o0918c -1.133333   False
59310.449546 20.103715      NaN   -5.0  11.0   c  0.0   0.85 210.89573 54.30806  9062.12  6845.69 2.61 2.41  87.5 -0.400    20.01 21.98 01a59310o0425c -0.181818   False
59310.451851 20.321591      NaN   -3.0   9.0   c  0.0   1.45 210.89573 54.30806  9042.67  6806.17 2.59 2.43 -85.1 -0.393    20.03 21.99 01a59310o0430c  0.000000   False
59310.455624 20.244005      NaN    2.0   8.0   c  0.0   1.54 210.89573 54.30806  9104.63  6883.13 2.54 2.42  87.3 -0.394    20.01 21.99 01a59310o0438c  0.625000   False
59310.464868 20.207197      NaN    3.0   8.0   c  0.0   0.97 210.89573 54.30806  9120.88  6767.25 2.62 2.55 -83.6 -0.385    19.96 22.08 01a59310o0457c  0.750000    True
59314.443833 20.449472      NaN   -9.0   8.0   c  0.0   1.88 210.89573 54.30806  6554.61   960.51 2.46 2.29   5.7 -0.392    19.96 21.85 01a59314o0481c -0.750000   False
59314.445680 20.321591      NaN   -8.0   9.0   c  0.0   1.41 210.89573 54.30806  6535.38   921.30 2.68 2.39  -6.3 -0.369    19.94 21.88 01a59314o0485c -0.555556   False
59314.448467 20.137125      NaN   -1.0  10.0   c  0.0   1.08 210.89573 54.30806  6597.09  1000.26 2.62 2.37  -2.4 -0.372    19.95 21.87 01a59314o0491c  0.200000   False
59314.453560 20.039830      NaN    5.0   9.0   c  0.0   0.95 210.89573 54.30806  6612.06   887.11 2.40 2.20 -18.9 -0.396    19.97 21.86 01a59314o0502c  0.888889   False
59318.482085 19.868040      NaN   11.0   9.0   c  0.0   0.99 210.89573 54.30806  4024.99  9624.60 2.42 2.28 -41.2 -0.387    19.76 21.52 01a59318o0559c  1.555556   False
59318.517343 19.816329      NaN   13.0   9.0   c  0.0   1.21 210.89573 54.30806  4052.17  9658.36 2.29 2.10 -51.5 -0.389    19.89 21.56 01a59318o0635c  1.777778   False
59318.520566 20.449472      NaN   -3.0   8.0   c  0.0   1.36 210.89573 54.30806  3992.67  9580.57 2.28 2.07 -45.2 -0.388    19.89 21.57 01a59318o0642c  0.000000   False
59318.543605 20.071303      NaN    1.0  10.0   c  0.0   0.94 210.89573 54.30806  3978.50  9694.37 2.28 2.10 -53.5 -0.387    19.86 21.46 01a59318o0691c  0.400000   False
59322.408613 20.449472      NaN   -8.0   8.0   c  0.0   1.60 210.89573 54.30806  3088.85  4975.46 2.30 2.21 -82.0 -0.395    19.96 21.79 01a59322o0383c -0.625000   False
59322.410910 19.868040      NaN   14.0   8.0   c  0.0   1.08 210.89573 54.30806  3069.01  4937.21 2.29 2.17 -84.1 -0.398    19.97 21.80 01a59322o0388c  2.125000    True
59322.414135 20.207197      NaN    3.0   8.0   c  0.0   1.39 210.89573 54.30806  3126.64  5012.80 2.24 2.12 -74.7 -0.401    19.99 21.81 01a59322o0395c  0.750000   False
59322.419674 20.282105      NaN    1.0   8.0   c  0.0   1.03 210.89573 54.30806  3145.09  4897.64 2.33 2.19 -67.0 -0.399    19.92 21.79 01a59322o0407c  0.500000   False
59344.419514 20.009244      NaN    3.0  10.0   c  0.0   1.39 210.89573 54.30806  1140.05  5151.33 2.36 2.24 -41.0 -0.422    19.73 21.69 02a59344o0385c  0.600000   False
59344.423635 19.719755      NaN    8.0  12.0   c  0.0   0.86 210.89573 54.30806  1120.50  5112.62 2.39 2.26 -41.2 -0.419    19.71 21.70 02a59344o0394c  0.916667   False
59344.429702 20.207197      NaN   -7.0  10.0   c  0.0   1.20 210.89573 54.30806  1180.98  5186.16 2.40 2.26 -46.3 -0.423    19.71 21.72 02a59344o0407c -0.400000   False
59344.462022 20.207197      NaN   -7.0  10.0   c  0.0   1.46 210.89573 54.30806  1199.14  5063.44 2.33 2.28 -17.2 -0.419    19.69 21.62 02a59344o0474c -0.400000   False
59370.364702 20.321591      NaN  -20.0   9.0   c  0.0   1.01 210.89573 54.30806  1970.87  9688.39 2.28 2.04 -63.0 -0.403    19.99 22.07 01a59370o0279c -1.888889   False
59370.367930 20.207197      NaN   -5.0  10.0   c  0.0   0.98 210.89573 54.30806  1992.29  9727.56 2.32 2.08 -64.6 -0.403    20.00 22.06 01a59370o0286c -0.200000   False
59370.374378 20.449472      NaN  -12.0   8.0   c  0.0   0.91 210.89573 54.30806  1930.13  9647.44 2.25 1.99 -65.1 -0.406    20.01 22.04 01a59370o0300c -1.125000   False
59370.408119 20.071303      NaN    4.0   9.0   c  0.0   0.95 210.89573 54.30806  1914.67  9760.83 2.38 2.12 -61.7 -0.408    19.96 22.00 01a59370o0367c  0.777778    True
59374.345057 20.321591      NaN   -9.0   9.0   c  0.0   1.08 210.89573 54.30806  1972.10  9691.27 2.45 2.21 -61.4 -0.393    19.98 22.03 01a59374o0234c -0.666667   False
59374.348286 20.171596      NaN    1.0   9.0   c  0.0   1.28 210.89573 54.30806  1993.46  9729.49 2.30 2.10 -65.2 -0.402    19.98 22.02 01a59374o0241c  0.444444   False
59374.353832 20.071303      NaN   -2.0  11.0   c  0.0   0.65 210.89573 54.30806  1934.93  9651.20 2.31 2.10 -53.9 -0.390    19.99 22.02 01a59374o0253c  0.090909   False
59374.364434 20.137125      NaN    5.0   8.0   c  0.0   1.36 210.89573 54.30806  1914.45  9766.30 2.39 2.11 -62.2 -0.403    19.97 22.04 01a59374o0276c  1.000000   False
59378.326788 20.449472      NaN   -3.0   8.0   c  0.0   0.85 210.89573 54.30806  4997.29  1955.03 2.15 2.08  53.5 -0.401    19.98 21.72 01a59378o0193c  0.000000   False
59378.330008 20.449472      NaN   -4.0   8.0   c  0.0   1.68 210.89573 54.30806  5018.18  1995.51 2.17 2.12  32.4 -0.400    19.93 21.73 01a59378o0200c -0.125000   False
59378.335546 20.449472      NaN   -9.0   8.0   c  0.0   1.78 210.89573 54.30806  4962.19  1917.21 2.21 2.11  20.2 -0.398    19.97 21.75 01a59378o0212c -0.750000   False
59378.348438 20.207197      NaN   -5.0  10.0   c  0.0   0.81 210.89573 54.30806  4947.58  2032.42 2.23 2.16  11.6 -0.392    19.97 21.87 01a59378o0240c -0.200000   False
59404.284177 20.071303      NaN   -2.0  11.0   c  0.0   1.19 210.89573 54.30806  1769.64  8899.70 2.62 1.98 -48.8 -0.448    19.74 21.54 02a59404o0088c  0.090909   False
59404.287411 20.244005      NaN    2.0   8.0   c  0.0   2.27 210.89573 54.30806  1749.74  8860.90 2.67 2.01 -50.2 -0.439    19.73 21.54 02a59404o0095c  0.625000   False
59404.292910 20.321591      NaN  -13.0   9.0   c  0.0   1.95 210.89573 54.30806  1804.15  8933.59 2.61 2.08 -50.9 -0.430    19.70 21.51 02a59404o0107c -1.111111   False
59404.302990 20.103715      NaN   -8.0  11.0   c  0.0   1.32 210.89573 54.30806  1824.25  8814.52 2.67 2.07 -50.0 -0.436    19.66 21.51 02a59404o0129c -0.454545   False
59408.274563 19.894850      NaN    1.0  12.0   c  0.0   1.27 210.89573 54.30806  1772.17  8898.88 2.59 2.03 -48.7 -0.439    19.66 21.40 02a59408o0068c  0.333333    True
59408.277767 19.894850      NaN    1.0  12.0   c  0.0   1.06 210.89573 54.30806  1750.85  8859.71 2.61 2.16 -52.0 -0.422    19.64 21.42 02a59408o0075c  0.333333   False
59408.283262 19.868040      NaN    2.0  12.0   c  0.0   1.08 210.89573 54.30806  1805.84  8934.68 2.58 2.16 -51.2 -0.429    19.62 21.42 02a59408o0087c  0.416667   False
59408.295675 19.696897      NaN    9.0  12.0   c  0.0   1.26 210.89573 54.30806  1827.57  8813.92 2.52 2.08 -47.9 -0.434    19.67 21.47 02a59408o0114c  1.000000   False
59426.249901 19.950541      NaN   -1.0  12.0   c  0.0   1.22 210.89573 54.30806  6861.66  1799.41 2.36 2.16 -72.9 -0.407    19.54 20.73 01a59426o0032c  0.166667   False
59426.253177 20.103715      NaN  -14.0  11.0   c  0.0   1.13 210.89573 54.30806  6880.69  1839.40 2.40 2.20 -74.6 -0.404    19.71 21.20 01a59426o0039c -1.000000   False
59426.258716 20.449472      NaN  -13.0   8.0   c  0.0   1.27 210.89573 54.30806  6826.41  1764.30 2.29 2.16 -72.9 -0.405    19.86 21.60 01a59426o0051c -1.250000   False
59426.272762 19.950541      NaN    5.0  10.0   c  0.0   1.16 210.89573 54.30806  6810.28  1881.87 2.31 2.17 -75.1 -0.407    19.88 21.67 01a59426o0081c  0.800000   False
59430.242183 18.748255      NaN   31.0  27.0   c  0.0   0.91 210.89573 54.30806  6861.82  1804.06 2.30 2.17 -36.2 -0.389    18.64 19.07 01a59430o0020c  1.259259   False
59430.244954 19.241693      NaN   22.0  16.0   c  0.0   1.19 210.89573 54.30806  6881.99  1840.57 2.29 2.14 -75.6 -0.400    19.10 19.81 01a59430o0026c  1.562500   False
59430.250541 20.039830      NaN   -1.0  11.0   c  0.0   1.06 210.89573 54.30806  6830.59  1766.57 2.31 2.15 -75.3 -0.398    19.66 20.96 01a59430o0038c  0.181818   False
59430.260749 19.868040      NaN   11.0   9.0   c  0.0   1.02 210.89573 54.30806  6812.28  1881.56 2.35 2.19 -80.3 -0.402    19.86 21.60 01a59430o0060c  1.555556   False
59434.246925 19.569016      NaN   12.0  13.0   c  0.0   1.28 210.89573 54.30806  9407.97  5359.43 2.85 2.42 -84.2 -0.365    19.33 20.53 01a59434o0034c  1.153846   False
59434.250609 20.103715      NaN  -30.0  11.0   c  0.0   1.38 210.89573 54.30806  9428.28  5394.56 2.84 2.40 -87.2 -0.375    19.54 21.12 01a59434o0042c -2.454545    True
59434.256155 20.103715      NaN    0.0  10.0   c  0.0   1.74 210.89573 54.30806  9369.73  5324.43 2.78 2.39 -81.9 -0.380    19.71 21.52 01a59434o0054c  0.300000   False
59434.267220 20.103715      NaN  -10.0  11.0   c  0.0   1.21 210.89573 54.30806  9353.19  5443.51 2.50 2.22 -79.5 -0.399    19.85 21.64 01a59434o0078c -0.636364   False
59588.641428 19.922338      NaN    0.0  12.0   c  0.0   0.93 210.89573 54.30806  3817.68  7457.62 2.64 2.40  46.8 -0.398    19.65 21.81 02a59588o0978c  0.250000   False
59588.646929 20.207197      NaN   -8.0  10.0   c  0.0   1.42 210.89573 54.30806  3838.54  7496.03 2.57 2.39  44.6 -0.407    19.61 21.81 02a59588o0990c -0.500000   False
59588.658083 20.103715      NaN   -6.0  11.0   c  0.0   1.17 210.89573 54.30806  3778.69  7416.77 2.56 2.35  45.7 -0.405    19.61 21.75 02a59588o1014c -0.272727   False
59588.665789 19.436675      NaN   22.0  12.0   c  0.0   1.39 210.89573 54.30806  3755.26  7536.31 2.65 2.37  46.6 -0.397    19.46 21.22 02a59588o1030c  2.083333   False
59615.558656 19.816329      NaN    4.0  12.0   c  0.0   0.94 210.89573 54.30806  1505.58  3713.15 2.42 2.36  62.4 -0.422    19.60 21.48 02a59615o0775c  0.583333   False
59615.561412 19.696897      NaN   15.0  10.0   c  0.0   1.34 210.89573 54.30806  1525.26  3752.20 2.41 2.34  54.7 -0.425    19.61 21.49 02a59615o0781c  1.800000   False
59615.564167 20.103715      NaN  -26.0  11.0   c  0.0   0.91 210.89573 54.30806  1466.78  3672.40 2.53 2.37  44.3 -0.418    19.59 21.49 02a59615o0787c -2.090909   False
59615.571520 19.841877      NaN    9.0  10.0   c  0.0   1.02 210.89573 54.30806  1449.38  3787.39 2.45 2.37  59.0 -0.421    19.60 21.51 02a59615o0803c  1.200000   False
59619.586609 19.652575      NaN    5.0  14.0   c  0.0   0.87 210.89573 54.30806  4004.39  9609.33 2.53 2.48  49.7 -0.407    19.67 21.67 02a59619o0807c  0.571429    True
59619.588435 20.207197      NaN   -7.0  10.0   c  0.0   1.59 210.89573 54.30806  4024.34  9648.87 2.56 2.47  50.4 -0.406    19.66 21.67 02a59619o0811c -0.400000   False
59619.592559 19.271854      NaN   29.0  13.0   c  0.0   1.03 210.89573 54.30806  3961.99  9569.80 2.63 2.44  46.6 -0.397    19.63 21.67 02a59619o0820c  2.461538   False
59619.610269 19.766969      NaN  -10.0  15.0   c  0.0   0.83 210.89573 54.30806  3940.73  9687.27 2.65 2.46  42.7 -0.396    19.65 21.62 02a59619o0858c -0.466667   False
59639.510262 20.009244      NaN   -5.0  12.0   c  0.0   1.01 210.89573 54.30806  1816.97  7511.82 2.33 2.28  63.6 -0.429    19.73 21.72 02a59639o0653c -0.166667   False
59639.513468 19.510313      NaN   15.0  13.0   c  0.0   0.76 210.89573 54.30806  1836.99  7552.02 2.44 2.32  41.7 -0.417    19.69 21.70 02a59639o0660c  1.384615   False
59639.516215 19.549093      NaN   13.0  13.0   c  0.0   0.80 210.89573 54.30806  1777.49  7470.93 2.32 2.27  62.0 -0.433    19.71 21.71 02a59639o0666c  1.230769   False
59639.522156 20.321591      NaN  -11.0   9.0   c  0.0   1.41 210.89573 54.30806  1757.45  7586.84 2.35 2.31  72.3 -0.430    19.72 21.72 02a59639o0679c -0.888889   False
59643.579606 19.401649      NaN   15.0  15.0   c  0.0   1.22 210.89573 54.30806   816.91  3008.11 2.23 2.10   6.6 -0.450    19.23 21.76 02a59643o0746c  1.200000   False
59643.582534 19.922338      NaN  -25.0  13.0   c  0.0   1.25 210.89573 54.30806   795.27  2967.58 2.24 2.12   2.2 -0.448    19.21 21.75 02a59643o0752c -1.692308   False
59643.617736 19.922338      NaN  -13.0  13.0   c  0.0   1.50 210.89573 54.30806   853.69  3041.08 2.33 2.09  30.0 -0.440    19.25 21.72 02a59643o0823c -0.769231   False
59643.623182 19.510313      NaN    9.0  15.0   c  0.0   0.97 210.89573 54.30806   874.78  2919.25 2.25 2.12   8.5 -0.448    19.22 21.71 02a59643o0834c  0.800000   False
59647.511394 19.183773      NaN   23.0  17.0   c  0.0   1.67 210.89573 54.30806  9770.80  7563.16 2.70 2.33  86.7 -0.448    18.96 21.75 02a59647o0432c  1.529412    8192
59647.514333 19.436675      NaN   -2.0  20.0   c  0.0   0.94 210.89573 54.30806  9791.95  7600.47 2.73 2.33  79.9 -0.441    18.94 21.77 02a59647o0438c  0.050000    True
59647.519354 18.280067      NaN  -49.0  59.0   c  0.0   1.11 210.89573 54.30806  9732.89  7527.80 2.65 2.37  79.9 -0.450    17.72 20.47 02a59647o0448c -0.779661    True
59647.539712 19.197966      NaN   13.0  20.0   c  0.0   1.14 210.89573 54.30806  9717.67  7647.89 2.89 2.56  68.1 -0.421    18.89 21.75 02a59647o0488c  0.800000    8192
59671.401837 19.791368      NaN    2.0  13.0   c  0.0   1.36 210.89573 54.30806  3593.08  5829.96 2.72 2.52  41.0 -0.395    19.49 21.62 02a59671o0314c  0.384615    8192
59671.428617 19.351140      NaN   24.0  13.0   c  0.0   1.60 210.89573 54.30806  3627.04  5867.28 2.79 2.53  42.6 -0.393    19.53 21.63 02a59671o0371c  2.076923    8192
59671.431827 19.367717      NaN   20.0  14.0   c  0.0   1.09 210.89573 54.30806  3569.11  5792.93 2.92 2.59  44.1 -0.384    19.45 21.63 02a59671o0378c  1.642857    True
59671.437311 19.696897      NaN  -14.0  16.0   c  0.0   1.09 210.89573 54.30806  3549.40  5909.71 2.95 2.56  40.6 -0.386    19.42 21.63 02a59671o0390c -0.687500    True
59675.445368 16.544980      NaN  125.0 249.0   c  0.0   1.26 210.89573 54.30806  1913.40  9634.10 2.52 2.40  40.7 -0.389    16.29 18.27 02a59675o0501c  0.514056 8388609
59675.451766 18.623526      NaN  -19.0  43.0   c  0.0   1.08 210.89573 54.30806  1893.06  9750.13 2.40 2.35  27.9 -0.458    18.45 20.52 02a59675o0515c -0.372093 8388609
59679.432660 19.351140      NaN  -39.0  22.0   c  0.0   1.35 210.89573 54.30806  1949.72  9673.89 2.53 2.39  41.4 -0.437    18.97 20.69 02a59679o0440c -1.636364    True
59679.438161 19.197966      NaN   19.0  18.0   c  0.0   1.59 210.89573 54.30806  1970.19  9712.06 2.48 2.38  33.1 -0.441    18.97 20.71 02a59679o0452c  1.222222   False
59679.439989 19.454622      NaN  -24.0  20.0   c  0.0   1.35 210.89573 54.30806  1909.18  9631.94 2.48 2.36  33.0 -0.450    18.99 20.72 02a59679o0456c -1.050000   False
59679.445014 19.351140      NaN  -48.0  22.0   c  0.0   1.16 210.89573 54.30806  1887.19  9749.63 2.48 2.41  30.4 -0.443    19.00 20.75 02a59679o0467c -2.045455   False
59695.447397 19.510313      NaN   15.0  13.0   c  0.0   1.15 210.89573 54.30806  8885.98  5214.92 2.73 2.49  32.2 -0.401    19.49 21.38 02a59695o0478c  1.384615   False
59695.450623 19.766969      NaN  -10.0  15.0   c  0.0   0.76 210.89573 54.30806  8866.51  5174.59 2.66 2.39  33.0 -0.403    19.51 21.38 02a59695o0485c -0.466667   False
59695.485942 19.609992      NaN   10.0  13.0   c  0.0   1.55 210.89573 54.30806  8916.54  5253.98 2.75 2.44  30.0 -0.390    19.47 21.34 02a59695o0561c  1.000000   False
59695.514381 19.696897      NaN  -23.0  16.0   c  0.0   1.27 210.89573 54.30806  8933.59  5138.45 2.76 2.40  28.3 -0.395    19.02 20.86 02a59695o0622c -1.250000    True
59699.416003 16.090371      NaN   55.0 424.0   c  0.0   1.35 210.89573 54.30806  3359.67  7092.76 2.65 2.33  24.7 -0.397    15.53 16.82 02a59699o0410c  0.136792    True
59699.419220 18.889197      NaN    8.0  30.0   c  0.0   1.75 210.89573 54.30806  3342.50  7057.40 2.59 2.33  26.5 -0.397    18.25 19.68 02a59699o0417c  0.366667    True
59699.424739 17.751519      NaN    3.0  94.0   c  0.0   0.98 210.89573 54.30806  3398.44  7131.36 2.64 2.33  24.4 -0.400    17.23 18.61 02a59699o0429c  0.063830    True
59699.459844 19.401649      NaN  -13.0  21.0   c  0.0   1.03 210.89573 54.30806  3404.11  7012.34 2.59 2.25  27.4 -0.395    18.82 20.34 02a59699o0505c -0.476190    8192
59723.379391 19.652575      NaN   11.0  12.0   c  0.0   1.09 210.89573 54.30806  5039.49  4852.10 2.69 2.33  28.8 -0.399    19.57 21.29 02a59723o0312c  1.166667   False
59723.382603 19.529530      NaN   11.0  14.0   c  0.0   0.85 210.89573 54.30806  5016.72  4810.91 2.96 2.46  29.7 -0.389    19.52 21.28 02a59723o0319c  1.000000   False
59723.388089 19.922338      NaN  -22.0  13.0   c  0.0   1.00 210.89573 54.30806  5077.68  4889.20 2.69 2.30  28.5 -0.402    19.58 21.25 02a59723o0331c -1.461538   False
59723.400898 20.103715      NaN  -17.0  11.0   c  0.0   1.65 210.89573 54.30806  5096.32  4775.07 2.76 2.37  26.9 -0.397    19.55 21.26 02a59723o0359c -1.272727   False
59727.350487 18.191747      NaN -146.0  64.0   c  0.0   1.34 210.89573 54.30806  5044.03  4858.23 2.68 2.28  31.1 -0.398    17.52 18.91 02a59727o0248c -2.234375   False
59727.353687 18.786693      NaN   30.0  26.0   c  0.0   1.23 210.89573 54.30806  5024.41  4818.85 2.65 2.25  29.9 -0.401    18.58 20.08 02a59727o0255c  1.269231   False
59727.360089 17.793801      NaN   79.0  65.0   c  0.0   1.05 210.89573 54.30806  5082.32  4894.44 2.64 2.25  30.7 -0.403    17.59 18.92 02a59727o0269c  1.261538   False
59727.371522 18.598565      NaN  -32.0  44.0   c  0.0   0.94 210.89573 54.30806  5103.09  4777.10 2.81 2.30  31.3 -0.389    18.00 19.43 02a59727o0294c -0.659091   False
59731.393020 19.922338      NaN   -7.0  13.0   c  0.0   1.04 210.89573 54.30806  3630.75  8739.78 2.74 2.67  34.8 -0.390    19.54 21.53 02a59731o0172c -0.307692    True
59731.398541 19.549093      NaN   16.0  12.0   c  0.0   1.22 210.89573 54.30806  3610.71  8700.61 2.84 2.66  42.2 -0.386    19.56 21.51 02a59731o0184c  1.583333   False
59731.401810 19.491430      NaN   19.0  12.0   c  0.0   1.29 210.89573 54.30806  3667.32  8777.58 2.61 2.58  46.1 -0.392    19.59 21.52 02a59731o0191c  1.833333   False
59731.414645 19.922338      NaN  -15.0  13.0   c  0.0   1.06 210.89573 54.30806  3684.85  8656.85 2.71 2.54  25.3 -0.395    19.57 21.46 02a59731o0219c -0.923077   False
59751.314809 20.207197      NaN   -3.0  10.0   c  0.0   2.06 210.89573 54.30806  4539.29  1071.33 2.41 2.29  79.2 -0.428    19.65 21.48 02a59751o0156c  0.000000   False
59751.318028 19.950541      NaN    5.0  10.0   c  0.0   1.00 210.89573 54.30806  4519.06  1034.92 2.38 2.26  74.9 -0.429    19.63 21.48 02a59751o0163c  0.800000   False
59751.323522 19.652575      NaN   14.0  11.0   c  0.0   1.12 210.89573 54.30806  4580.35  1110.13 2.33 2.24  80.8 -0.430    19.66 21.47 02a59751o0175c  1.545455   False
59751.334507 20.039830      NaN    2.0  10.0   c  0.0   1.41 210.89573 54.30806  4601.68   997.90 2.51 2.36  84.6 -0.424    19.64 21.45 02a59751o0199c  0.500000   False
59783.267980 19.631075      NaN   12.0  12.0   c  0.0   1.06 210.89573 54.30806  1487.13  6773.20 2.40 2.26 -39.8 -0.428    19.57 21.12 02a59783o0058c  1.250000   False
59783.271622 19.979496 0.352131   34.0  12.0   c  0.0   1.36 210.89573 54.30806  1467.92  6734.14 2.57 2.37 -48.8 -0.423    19.53 21.16 02a59783o0066c  3.083333   False
59783.278464 19.696897      NaN    6.0  13.0   c  0.0   0.79 210.89573 54.30806  1524.22  6809.84 2.47 2.26 -47.1 -0.430    19.60 21.20 02a59783o0081c  0.692308    True
59783.292955 19.569016      NaN    9.0  14.0   c  0.0   0.88 210.89573 54.30806  1543.21  6689.54 2.37 2.17 -49.0 -0.440    19.57 21.12 02a59783o0113c  0.857143   False
59787.293213 19.743105      NaN    7.0  12.0   c  0.0   1.21 210.89573 54.30806  6756.50  3118.66 2.82 2.75  55.2 -0.404    19.41 21.28 02a59787o0117c  0.833333    8192
59787.297291 19.922338      NaN  -22.0  13.0   c  0.0   1.32 210.89573 54.30806  6736.26  3076.10 2.90 2.84  55.8 -0.387    19.39 21.27 02a59787o0126c -1.461538    8192
59787.303716 19.766969      NaN  -11.0  15.0   c  0.0   0.79 210.89573 54.30806  6793.92  3151.52 2.85 2.76  41.7 -0.390    19.42 21.26 02a59787o0140c -0.533333    True
59787.318300 19.719755      NaN    5.0  13.0   c  0.0   0.94 210.89573 54.30806  6815.19  3033.31 2.85 2.72  38.4 -0.390    19.44 21.27 02a59787o0172c  0.615385    True
59811.240646 19.089302      NaN  -26.0  28.0   c  0.0   1.45 210.89573 54.30806  9057.75  6872.91 2.67 2.41  28.5 -0.411    18.72 19.75 02a59811o0025c -0.821429    True
59811.243827 19.401649      NaN   -7.0  21.0   c  0.0   1.24 210.89573 54.30806  9037.19  6831.03 2.59 2.44  26.7 -0.415    19.14 20.36 02a59811o0032c -0.190476   False
59811.251095 19.549093      NaN   13.0  13.0   c  0.0   1.31 210.89573 54.30806  9095.91  6909.12 2.65 2.50  24.9 -0.412    19.43 21.04 02a59811o0048c  1.230769   False
59811.262036 19.766969      NaN   -6.0  15.0   c  0.0   0.96 210.89573 54.30806  9114.20  6790.93 2.61 2.49  24.0 -0.418    19.49 21.14 02a59811o0072c -0.200000   False
59819.241262 19.841877      NaN  -13.0  14.0   c  0.0   1.62 210.89573 54.30806  6596.91   970.71 2.35 2.22  59.6 -0.408    19.14 20.53 02a59819o0037c -0.714286   False
59819.246702 19.549093      NaN   10.0  14.0   c  0.0   0.87 210.89573 54.30806  6575.64   930.85 2.35 2.24  86.2 -0.416    19.34 20.93 02a59819o0049c  0.928571   False
59819.249867 19.841877      NaN   -7.0  14.0   c  0.0   1.27 210.89573 54.30806  6636.56  1011.01 2.52 2.40  84.6 -0.399    19.35 21.00 02a59819o0056c -0.285714   False
59819.259883 19.652575      NaN    5.0  14.0   c  0.0   0.92 210.89573 54.30806  6659.35   893.61 2.40 2.23 -74.8 -0.427    19.37 21.05 02a59819o0078c  0.571429   False
59841.218401 18.362890      NaN    5.0  52.0   c  0.0   0.90 210.89573 54.30806  6958.17  9579.01 3.07 2.87  66.0 -0.351    17.82 19.42 01a59841o0022c  0.153846    True
59841.222104 18.978793      NaN   -6.0  31.0   c  0.0   0.95 210.89573 54.30806  6978.96  9619.78 3.06 2.87  69.8 -0.350    18.50 20.18 01a59841o0030c -0.096774   False
59841.232292 19.436675      NaN    1.0  19.0   c  0.0   1.05 210.89573 54.30806  6916.92  9548.03 3.10 2.92  73.2 -0.346    18.98 20.90 01a59841o0052c  0.210526   False
59841.238300 19.510313      NaN   -7.0  19.0   c  0.0   0.96 210.89573 54.30806  6896.76  9664.88 3.11 2.95  72.1 -0.344    19.00 20.95 01a59841o0065c -0.210526   False
59999.634833 19.169763      NaN  -13.0  26.0   c  0.0   1.10 210.89573 54.30806  9241.34  9012.41 2.78 2.66  59.2 -0.390    18.65 20.44 02a59999o0111c -0.384615    8192
59999.637641 19.002397      NaN   16.0  24.0   c  0.0   1.35 210.89573 54.30806  9222.08  8970.18 2.79 2.68  51.7 -0.385    18.85 20.68 02a59999o0117c  0.791667    8192
59999.650179 19.051202      NaN    6.0  26.0   c  0.0   1.23 210.89573 54.30806  9276.27  9050.64 2.80 2.58  41.7 -0.388    18.66 20.40 02a59999o0142c  0.346154    True
59999.656837 19.454622      NaN  -19.0  20.0   c  0.0   1.04 210.89573 54.30806  9293.42  8931.88 2.74 2.67  55.1 -0.387    18.85 20.61 02a59999o0155c -0.800000    True
60048.393577 19.922338      NaN    0.0  12.0   c  0.0   1.43 210.89573 54.30806  5656.03  7372.79 2.59 2.31  44.2 -0.410    19.52 21.42 02a60048o0341c  0.250000    True
60048.395386 20.009244      NaN  -12.0  12.0   c  0.0   1.38 210.89573 54.30806  5676.06  7411.49 2.59 2.33  43.3 -0.410    19.55 21.42 02a60048o0345c -0.750000   False
60048.401280 20.103715      NaN  -15.0  11.0   c  0.0   1.42 210.89573 54.30806  5617.33  7335.04 2.64 2.34  41.5 -0.408    19.55 21.43 02a60048o0357c -1.090909   False
60048.436787 19.894850      NaN    1.0  12.0   c  0.0   0.88 210.89573 54.30806  5599.00  7454.41 2.60 2.30  36.8 -0.410    19.59 21.48 02a60048o0428c  0.333333   False
60050.476350 19.766969      NaN  -14.0  15.0   c  0.0   1.05 210.89573 54.30806  7520.30  9043.97 2.57 2.41  41.0 -0.420    19.44 21.13 02a60050o0512c -0.733333    8192
60050.479980 19.696897      NaN  -15.0  16.0   c  0.0   1.63 210.89573 54.30806  7500.76  9002.57 2.55 2.42  44.2 -0.415    19.18 20.81 02a60050o0520c -0.750000    True
60050.515339 19.652575      NaN    8.0  13.0   c  0.0   1.47 210.89573 54.30806  7555.51  9077.32 2.58 2.38  37.7 -0.409    19.51 21.22 02a60050o0595c  0.846154    True
60050.521155 19.841877      NaN  -13.0  14.0   c  0.0   1.29 210.89573 54.30806  7573.59  8957.36 2.62 2.41  36.5 -0.410    19.50 21.21 02a60050o0607c -0.714286    8192
60052.473293 19.766969      NaN   -5.0  15.0   c  0.0   1.06 210.89573 54.30806  5233.32  4843.03 2.42 2.19  34.8 -0.405    19.31 20.97 02a60052o0517c -0.133333    True
60052.476484 19.696897      NaN  -10.0  16.0   c  0.0   1.29 210.89573 54.30806  5213.69  4803.44 2.52 2.21  29.4 -0.396    19.08 20.78 02a60052o0524c -0.437500    True
60052.509238 19.766969      NaN    6.0  12.0   c  0.0   1.25 210.89573 54.30806  5273.83  4872.79 2.54 2.21  32.3 -0.401    19.45 21.04 02a60052o0592c  0.750000    8192
60052.515613 19.922338      NaN   -4.0  13.0   c  0.0   1.22 210.89573 54.30806  5294.86  4754.45 2.56 2.21  33.7 -0.395    19.42 20.99 02a60052o0605c -0.076923    8192
60056.426687 19.491430      NaN   19.0  12.0   c  0.0   2.11 210.89573 54.30806  1343.59  5137.54 2.48 2.28  20.5 -0.422    19.44 21.06 02a60056o0426c  1.833333   False
60056.430308 19.766969      NaN   -8.0  15.0   c  0.0   1.00 210.89573 54.30806  1325.23  5097.20 2.60 2.46  12.3 -0.418    19.37 21.05 02a60056o0434c -0.333333    True
60056.465450 19.549093      NaN   16.0  12.0   c  0.0   1.51 210.89573 54.30806  1377.54  5164.96 2.42 2.22  20.3 -0.426    19.49 21.06 02a60056o0509c  1.583333   False
60056.470537 19.950541      NaN   -1.0  12.0   c  0.0   1.43 210.89573 54.30806  1399.45  5046.26 2.42 2.23  17.1 -0.422    19.47 21.04 02a60056o0520c  0.166667   False
60058.400358 19.384550      NaN   19.0  14.0   c  0.0   1.24 210.89573 54.30806  5896.46  9511.72 2.76 2.42  41.3 -0.396    19.41 21.02 02a60058o0368c  1.571429   False
60058.403081 19.719755      NaN   -1.0  15.0   c  0.0   0.96 210.89573 54.30806  5917.61  9548.76 2.73 2.41  37.3 -0.401    19.44 21.03 02a60058o0374c  0.133333   False
60058.406260 19.334813      NaN   22.0  14.0   c  0.0   1.64 210.89573 54.30806  5855.55  9473.32 2.78 2.42  42.0 -0.393    19.44 21.03 02a60058o0381c  1.785714    True
60058.412604 19.454622      NaN    9.0  16.0   c  0.0   0.88 210.89573 54.30806  5834.75  9592.87 2.73 2.40  39.1 -0.397    19.44 21.03 02a60058o0395c  0.750000   False
60076.451715 19.719755      NaN   14.0  10.0   c  0.0   1.38 210.89573 54.30806  6764.70   957.15 2.33 2.17 -71.4 -0.423    19.51 21.04 02a60076o0241c  1.700000   False
60076.455118 19.766969      NaN    6.0  12.0   c  0.0   1.17 210.89573 54.30806  6745.55   919.30 2.31 2.11 -75.1 -0.430    19.50 21.03 02a60076o0248c  0.750000   False
60076.458122 20.207197      NaN   -5.0  10.0   c  0.0   1.36 210.89573 54.30806  6807.11   998.99 2.32 2.11 -72.4 -0.428    19.54 21.05 02a60076o0254c -0.200000   False
60076.463264 19.841877      NaN  -22.0  14.0   c  0.0   0.78 210.89573 54.30806  6826.76   877.05 2.30 2.12 -80.0 -0.429    19.48 21.02 02a60076o0264c -1.357143   False
60078.380061 19.766969      NaN   12.0  10.0   c  0.0   1.46 210.89573 54.30806  3273.13  4957.50 2.32 2.16  25.4 -0.414    19.63 21.30 02a60078o0314c  1.500000   False
60078.383226 20.009244      NaN   -3.0  12.0   c  0.0   0.68 210.89573 54.30806  3253.83  4922.09 2.29 2.16  19.0 -0.423    19.62 21.30 02a60078o0321c  0.000000   False
60078.390093 20.103715      NaN    0.0  10.0   c  0.0   1.99 210.89573 54.30806  3312.59  4997.40 2.29 2.15  24.7 -0.417    19.59 21.30 02a60078o0336c  0.300000   False
60078.401655 19.743105      NaN   10.0  11.0   c  0.0   1.15 210.89573 54.30806  3333.05  4879.02 2.34 2.16  23.5 -0.418    19.61 21.34 02a60078o0361c  1.181818   False