         MJD         m       dm    uJy  duJy   F  err  chi/N        RA      Dec        x        y  maj  min   phi  apfit  mag5sig   Sky            Obs  __tmp_SN    Mask
57396.587948 19.510313      NaN    7.0  18.0   c  0.0   1.01 210.89449 54.31167  7731.99  2257.24 3.99 3.60   7.7 -0.427    19.59 21.57 02a57396o0607c  0.166667 8388609
57396.598947 19.631075      NaN  -44.0  17.0   c  0.0   1.41 210.89449 54.31167  7445.64  1684.20 4.10 3.60   5.0 -0.444    19.60 21.58 02a57396o0625c -2.823529 8388609
57396.614233 18.847027      NaN  -40.0  35.0   c  0.0   1.23 210.89449 54.31167  8259.21  2828.37 3.80 3.60  20.0 -0.418    19.60 21.56 02a57396o0650c -1.257143 8388609
57396.627717 18.598565      NaN -157.0  44.0   c  0.0   1.11 210.89449 54.31167  8521.58  1067.15 4.33 3.66  11.0 -0.431    19.59 21.57 02a57396o0672c -3.659091 8388609
57424.598946 19.569016      NaN  -28.0  18.0   c  0.0   1.03 210.89449 54.31167  8230.48  1583.23 4.32 3.76  10.1 -0.440    19.70 21.79 02a57424o0633c -1.777778    True
57424.604067 19.334813      NaN   14.0  19.0   c  0.0   0.99 210.89449 54.31167  8494.43  2153.35 4.25 3.83  15.0 -0.423    19.68 21.79 02a57424o0641c  0.526316    8192
57424.621336 19.696897      NaN  -11.0  16.0   c  0.0   1.12 210.89449 54.31167  7339.23  2770.64 4.01 3.71   9.6 -0.415    19.70 21.79 02a57424o0667c -0.937500    True
57424.633626 19.549093      NaN    8.0  17.0   c  0.0   1.02 210.89449 54.31167  7262.18  2864.46 3.96 3.67  11.2 -0.418    19.70 21.79 02a57424o0685c  0.235294    8192
57448.521048 18.967180      NaN   26.0  24.0   c  0.0   1.03 210.89449 54.31167  7897.13  1774.05 4.00 3.65  14.7 -0.450    19.26 20.81 02a57448o0458c  0.916667   False
57448.543577 19.212347      NaN   -9.0  25.0   c  0.0   0.97 210.89449 54.31167  8189.08  2354.41 3.94 3.73  22.7 -0.440    19.21 20.77 02a57448o0497c -0.520000    True
57448.565924 19.014394      NaN   25.0  23.0   c  0.0   1.07 210.89449 54.31167  7048.41  2976.30 4.38 3.91  -1.3 -0.388    19.09 20.75 02a57448o0536c  0.913043   False
57448.596475 19.454622      NaN  -30.0  20.0   c  0.0   1.47 210.89449 54.31167  3379.75  7821.72 3.87 3.61 -70.5 -0.422    19.20 20.80 02a57448o0592c -1.700000   False
57449.515332 19.302877      NaN   10.0  21.0   c  0.0   1.06 210.89449 54.31167  8133.84  1724.75 4.04 3.63  15.2 -0.462    19.45 21.19 02a57449o0610c  0.285714   False
57449.538360 19.510313      NaN  -19.0  19.0   c  0.0   0.99 210.89449 54.31167  8432.20  2302.64 3.82 3.59  30.1 -0.456    19.42 21.11 02a57449o0650c -1.210526   False
57449.558557 19.569016      NaN   -7.0  18.0   c  0.0   1.14 210.89449 54.31167  7291.80  2929.94 3.78 3.62  14.4 -0.427    19.39 21.07 02a57449o0688c -0.611111   False
57449.570520 19.569016      NaN  -29.0  18.0   c  0.0   1.22 210.89449 54.31167  7273.66  2869.28 3.76 3.57  17.7 -0.439    19.39 21.06 02a57449o0709c -1.833333   False
57458.509881 19.569016      NaN   -5.0  18.0   c  0.0   1.07 210.89449 54.31167  8216.36  1577.31 4.32 3.77  15.2 -0.446    19.65 21.70 02a57458o0606c -0.500000    True
57458.513259 19.510313      NaN   -6.0  19.0   c  0.0   1.17 210.89449 54.31167  8502.19  2146.11 4.20 3.90  23.4 -0.426    19.61 21.68 02a57458o0613c -0.526316    8192
57458.536888 19.631075      NaN   -2.0  17.0   c  0.0   0.95 210.89449 54.31167  7375.29  2771.42 4.12 3.83   1.8 -0.402    19.60 21.68 02a57458o0653c -0.352941    True
57458.567769 19.589310      NaN    6.0  17.0   c  0.0   1.36 210.89449 54.31167  3376.06  7819.62 3.85 3.61 -73.1 -0.421    19.64 21.68 02a57458o0708c  0.117647    True
57488.426551 19.454622      NaN  -19.0  20.0   c  0.0   1.00 210.89449 54.31167  8348.69  1649.64 4.32 3.81  19.8 -0.478    19.60 21.59 02a57488o0373c -1.150000   False
57488.444090 19.569016      NaN  -31.0  18.0   c  0.0   1.25 210.89449 54.31167  8636.06  2206.13 4.17 3.80  29.3 -0.461    19.60 21.61 02a57488o0405c -1.944444   False
57488.465855 19.569016      NaN   -1.0  18.0   c  0.0   1.12 210.89449 54.31167  7514.21  2852.73 4.05 3.72  15.3 -0.447    19.57 21.56 02a57488o0444c -0.277778    True
57488.475297 19.609992      NaN    5.0  17.0   c  0.0   1.36 210.89449 54.31167  3362.09  7811.29 3.98 3.61 -65.1 -0.439    19.55 21.54 02a57488o0460c  0.058824   False
57512.362600 19.454622      NaN  -36.0  20.0   c  0.0   1.03 210.89449 54.31167  9536.26  2716.65 4.66 4.15  38.2 -0.435    19.51 21.58 02a57512o0305c -2.000000   False
57512.371077 19.128787      NaN   19.0  22.0   c  0.0   0.96 210.89449 54.31167  9559.15  2752.95 4.57 4.07  39.5 -0.440    19.53 21.60 02a57512o0322c  0.681818    True
57512.373986 18.889197      NaN   45.0  20.0   c  0.0   1.03 210.89449 54.31167   351.46  2637.89 5.07 3.82 -34.3 -0.412    19.58 21.60 02a57512o0328c  2.050000    True
57512.383392 19.454622      NaN   -3.0  20.0   c  0.0   0.95 210.89449 54.31167   371.31  2675.06 5.11 3.92 -34.1 -0.413    19.54 21.60 02a57512o0347c -0.350000   False
57512.386899 19.510313      NaN  -30.0  19.0   c  0.0   0.95 210.89449 54.31167  1004.40  7891.71 4.45 3.81 -58.4 -0.429    19.55 21.63 02a57512o0354c -1.789474    True
57512.388945 19.128787      NaN   31.0  18.0   c  0.0   1.17 210.89449 54.31167   305.43  2598.58 5.16 3.88 -31.6 -0.403    19.57 21.61 02a57512o0358c  1.500000    True
57512.397027 19.510313      NaN  -15.0  19.0   c  0.0   1.05 210.89449 54.31167  1034.87  7772.49 4.38 3.76 -57.8 -0.429    19.55 21.60 02a57512o0374c -1.000000    True
57512.407432 19.472870      NaN    6.0  19.0   c  0.0   0.81 210.89449 54.31167 10226.65  7840.53 4.61 3.71  81.1 -0.426    19.54 21.62 02a57512o0395c  0.105263   False
57512.416849 19.569016      NaN  -39.0  18.0   c  0.0   1.12 210.89449 54.31167  3636.36  8645.96 4.14 3.80 -62.0 -0.410    19.52 21.58 02a57512o0414c -2.388889   False
57515.371866 19.401649      NaN  -27.0  21.0   c  0.0   1.22 210.89449 54.31167  1978.62   497.95 5.36 3.74 -16.0 -0.483    19.58 21.68 02a57515o0321c -1.476190   False
57515.372987 19.169763      NaN  -30.0  26.0   c  0.0   1.01 210.89449 54.31167  7366.11   268.94 5.29 3.91  10.1 -0.491    19.61 21.70 02a57515o0323c -1.307692    True
57515.374441 19.510313      NaN    3.0  19.0   c  0.0   1.16 210.89449 54.31167  8536.28 10102.34 4.30 3.86  75.4 -0.415    19.60 21.66 02a57515o0326c -0.052632    True
57515.383262 19.351140      NaN   13.0  19.0   c  0.0   0.93 210.89449 54.31167  3124.83 10258.78 4.24 3.95 -48.6 -0.399    19.61 21.73 02a57515o0344c  0.473684   False
57515.385734 19.271854      NaN   15.0  20.0   c  0.0   0.90 210.89449 54.31167  8464.70 10022.80 4.16 3.76  74.4 -0.422    19.61 21.65 02a57515o0348c  0.550000   False
57515.386824 19.334813      NaN   11.0  20.0   c  0.0   1.07 210.89449 54.31167  3176.91 10343.27 4.28 3.97 -54.4 -0.402    19.61 21.70 02a57515o0350c  0.350000   False
57515.400161 19.491430      NaN    5.0  19.0   c  0.0   1.02 210.89449 54.31167  3211.40 10223.07 4.17 3.91 -48.5 -0.390    19.61 21.69 02a57515o0376c  0.052632    True
57515.402098 19.351140      NaN  -33.0  22.0   c  0.0   1.03 210.89449 54.31167  2060.32   423.76 5.17 3.65 -15.9 -0.485    19.58 21.64 02a57515o0380c -1.681818    True
57515.409082 19.351140      NaN   -6.0  22.0   c  0.0   1.04 210.89449 54.31167  2011.58   486.41 5.24 3.65 -14.9 -0.478    19.58 21.61 02a57515o0393c -0.454545   False
57515.410533 19.510313      NaN  -13.0  19.0   c  0.0   0.99 210.89449 54.31167  3170.47 10286.74 4.12 3.91 -42.7 -0.392    19.61 21.65 02a57515o0396c -0.894737   False
57545.329395 19.569016      NaN   -4.0  18.0   c  0.0   1.01 210.89449 54.31167  1139.44  8150.26 4.40 3.94 -56.1 -0.416    19.59 21.73 02a57545o0190c -0.444444   False
57545.338129 19.351140      NaN   13.0  19.0   c  0.0   1.15 210.89449 54.31167  1126.55  8112.93 4.40 3.93 -61.1 -0.432    19.58 21.75 02a57545o0208c  0.473684    True
57545.345896 19.510313      NaN    4.0  19.0   c  0.0   0.98 210.89449 54.31167 10339.05  8234.57 4.56 3.63  80.2 -0.430    19.64 21.77 02a57545o0224c  0.000000   False
57545.355107 19.631075      NaN  -16.0  17.0   c  0.0   1.19 210.89449 54.31167  1185.00  8188.74 4.15 3.77 -57.1 -0.430    19.62 21.73 02a57545o0243c -1.176471    True
57545.356559 19.454622      NaN   -2.0  20.0   c  0.0   0.90 210.89449 54.31167 10327.17  8196.89 4.65 3.62  82.6 -0.426    19.64 21.79 02a57545o0246c -0.300000   False
57545.358980 19.569016      NaN  -21.0  18.0   c  0.0   0.95 210.89449 54.31167 10384.24  8278.93 4.64 3.65  81.3 -0.435    19.64 21.79 02a57545o0251c -1.388889    True
57545.361400 19.351140      NaN   10.0  20.0   c  0.0   1.03 210.89449 54.31167  1197.91  8071.46 4.39 3.92 -58.1 -0.425    19.56 21.74 02a57545o0256c  0.300000   False
57545.371093 19.102305      NaN   30.0  19.0   c  0.0   1.34 210.89449 54.31167  1165.26  8132.13 4.36 3.89 -56.9 -0.427    19.46 21.59 02a57545o0276c  1.368421    True
57545.380784 19.063754      NaN   27.0  21.0   c  0.0   1.16 210.89449 54.31167 10396.90  8166.27 4.68 3.68  80.3 -0.420    19.41 21.51 02a57545o0296c  1.095238   False
57545.390661 19.510313      NaN    1.0  19.0   c  0.0   1.11 210.89449 54.31167 10359.34  8226.09 4.89 3.82  79.3 -0.420    19.52 21.66 02a57545o0315c -0.157895   False
57549.332077 19.401649      NaN    7.0  20.0   c  0.0   1.08 210.89449 54.31167  2427.49  9675.92 4.08 3.84 -55.2 -0.424    19.44 21.31 02a57549o0078c  0.150000   False
57549.342782 19.351140      NaN   -5.0  22.0   c  0.0   0.95 210.89449 54.31167  2417.33  9636.14 4.16 3.87 -53.8 -0.416    19.44 21.33 02a57549o0100c -0.409091   False
57549.359807 19.401649      NaN  -34.0  21.0   c  0.0   1.03 210.89449 54.31167  2473.67  9711.56 4.11 3.83 -48.5 -0.419    19.46 21.36 02a57549o0135c -1.809524    True
57549.367069 19.510313      NaN  -94.0  19.0   c  0.0   1.40 210.89449 54.31167  2486.33  9594.77 4.12 3.84 -53.8 -0.423    19.47 21.39 02a57549o0150c -5.157895    True
57549.375839 19.351140      NaN   13.0  19.0   c  0.0   1.11 210.89449 54.31167  2454.87  9658.48 4.24 3.90 -49.3 -0.416    19.49 21.47 02a57549o0168c  0.473684   False
57581.293250 19.169763      NaN  -23.0  26.0   c  0.0   1.02 210.89449 54.31167  3757.66  6913.25 4.16 3.83 -77.1 -0.443    19.01 20.64 02a57581o0088c -1.038462    True
57581.304631 19.212347      NaN   -2.0  25.0   c  0.0   1.03 210.89449 54.31167  3745.06  6871.89 4.12 3.85 -62.2 -0.443    19.01 20.65 02a57581o0111c -0.240000   False
57581.321240 19.212347      NaN  -12.0  25.0   c  0.0   1.11 210.89449 54.31167  3800.48  6946.40 3.97 3.69 -62.9 -0.452    19.00 20.58 02a57581o0145c -0.640000   False
57581.328019 19.169763      NaN  -18.0  26.0   c  0.0   1.26 210.89449 54.31167  3812.85  6829.02 3.92 3.63 -72.3 -0.454    19.00 20.57 02a57581o0159c -0.846154   False
57581.338880 19.169763      NaN  -24.0  26.0   c  0.0   0.92 210.89449 54.31167  3780.10  6888.00 3.99 3.68 -66.0 -0.453    18.93 20.48 02a57581o0181c -1.076923   False
57605.257770 18.816441      NaN  -31.0  36.0   c  0.0   1.30 210.89449 54.31167  4020.98  6988.05 4.26 3.91  41.5 -0.372    18.85 21.71 02a57605o0052c -0.972222 8388609
57605.266058 18.847027      NaN  -25.0  35.0   c  0.0   1.21 210.89449 54.31167  3998.04  6947.48 4.44 4.23  41.8 -0.399    18.84 21.70 02a57605o0066c -0.828571 8388609
57605.277177 18.623526      NaN  -87.0  43.0   c  0.0   0.91 210.89449 54.31167  4054.26  7020.96 5.25 5.14  64.4 -0.324    18.70 21.72 02a57605o0085c -2.116279 8388609
57605.290850 19.351140      NaN  -42.0  22.0   c  0.0   1.09 210.89449 54.31167  4077.92  6904.89 4.91 4.71 -64.7 -0.355    19.19 21.41 02a57605o0109c -2.090909 8388609
57605.303123 19.569016      NaN  -41.0  18.0   c  0.0   1.24 210.89449 54.31167  4032.61  6960.70 4.12 3.93 -60.2 -0.388    19.35 21.41 02a57605o0133c -2.500000 8388609
57609.251150 18.847027      NaN   22.0  29.0   c  0.0   0.87 210.89449 54.31167  1315.44 10120.85 4.18 3.78 -54.7 -0.424    19.04 20.57 02a57609o0045c  0.620690   False
57609.257024       NaN      NaN    NaN   NaN NaN  NaN    NaN       NaN      NaN      NaN      NaN  NaN  NaN   NaN    NaN      NaN   NaN            NaN       NaN   False
57609.260345 19.089302      NaN  -18.0  28.0   c  0.0   0.75 210.89449 54.31167  1291.64 10079.31 4.24 3.89 -54.1 -0.430    19.15 20.84 02a57609o0061c -0.785714    True
57609.274446 18.944322      NaN   22.0  26.0   c  0.0   1.07 210.89449 54.31167  1346.78 10155.12 4.24 4.00 -55.1 -0.431    19.15 20.86 02a57609o0086c  0.692308   False
57609.275582 15.255674      NaN 1259.0 538.0   c  0.0   0.18 210.89449 54.31167 10526.26 10203.60 5.08 4.03  81.4 -0.382    19.23 20.97 02a57609o0088c  2.332714    True
57609.283416 19.169763      NaN  -50.0  26.0   c  0.0   1.09 210.89449 54.31167  1358.67 10032.27 4.35 3.86 -54.8 -0.414    19.11 20.83 02a57609o0102c -2.076923    True
57609.293767 18.910912      NaN   25.0  26.0   c  0.0   1.04 210.89449 54.31167  1322.43 10096.53 4.49 3.94 -54.1 -0.405    19.06 20.79 02a57609o0120c  0.807692   False
57746.613969 19.631075      NaN  -20.0  17.0   c  0.0   1.09 210.89449 54.31167  9597.19  2379.71 4.06 3.82  81.9 -0.422    19.61 21.65 02a57746o0819c -1.411765   False
57746.625461 19.472870      NaN    9.0  18.0   c  0.0   1.15 210.89449 54.31167  9607.57  2419.33 4.08 3.83  80.9 -0.420    19.61 21.63 02a57746o0841c  0.277778   False
57746.627011 19.351140      NaN   16.0  18.0   c  0.0   1.11 210.89449 54.31167   399.93  2308.09 4.23 4.16 -88.6 -0.368    19.54 21.57 02a57746o0844c  0.666667   False
57746.636855 19.454622      NaN    4.0  20.0   c  0.0   0.83 210.89449 54.31167  9552.04  2346.42 4.24 4.02  81.1 -0.403    19.60 21.66 02a57746o0863c  0.000000    True
57746.638445 19.472870      NaN   12.0  17.0   c  0.0   1.10 210.89449 54.31167   412.56  2348.29 4.28 4.21  85.9 -0.364    19.56 21.60 02a57746o0866c  0.470588    True
57746.648259 19.510313      NaN  -11.0  19.0   c  0.0   1.06 210.89449 54.31167  9538.03  2464.58 4.17 3.92  78.9 -0.407    19.60 21.66 02a57746o0885c -0.789474    True
57746.650355 19.384550      NaN   17.0  17.0   c  0.0   1.28 210.89449 54.31167   353.78  2265.90 4.15 4.02  85.7 -0.380    19.60 21.59 02a57746o0889c  0.764706    True
57746.659628 19.510313      NaN  -26.0  19.0   c  0.0   0.96 210.89449 54.31167  9574.17  2406.32 4.06 3.80  79.7 -0.417    19.52 21.38 02a57746o0907c -1.578947    True
57746.661195 19.384550      NaN    8.0  20.0   c  0.0   1.00 210.89449 54.31167   342.78  2402.42 4.09 3.96  84.2 -0.380    19.40 21.16 02a57746o0910c  0.200000   False
57746.669931 18.330283      NaN   50.0  41.0   c  0.0   1.05 210.89449 54.31167   376.08  2326.82 4.32 4.15  80.1 -0.358    18.45 19.40 02a57746o0927c  1.121951    True
57778.570698 19.454622      NaN   -2.0  20.0   c  0.0   1.03 210.89449 54.31167  9088.19 10203.48 4.12 3.71 -88.1 -0.431    19.77 21.82 02a57778o0568c -0.300000   False
57778.576629 19.142275      NaN   24.0  20.0   c  0.0   1.08 210.89449 54.31167  7863.51   402.25 4.00 3.78  15.0 -0.454    19.75 21.80 02a57778o0578c  1.000000   False
57778.584061 19.038793      NaN   38.0  18.0   c  0.0   1.13 210.89449 54.31167  9101.55 10244.95 4.08 3.68 -88.1 -0.432    19.77 21.81 02a57778o0592c  1.888889    True
57778.589437 19.569016      NaN  -41.0  18.0   c  0.0   1.13 210.89449 54.31167  7875.78   443.15 3.94 3.77  17.9 -0.452    19.77 21.82 02a57778o0602c -2.500000   False
57778.596885 19.631075      NaN  -21.0  17.0   c  0.0   1.11 210.89449 54.31167  9044.19 10170.90 4.09 3.73  89.5 -0.433    19.78 21.83 02a57778o0616c -1.470588    True
57778.602290 19.051202      NaN   28.0  21.0   c  0.0   0.82 210.89449 54.31167  7833.26   367.78 3.95 3.73  14.9 -0.453    19.79 21.85 02a57778o0626c  1.142857   False
57778.609876 19.334813      NaN   14.0  19.0   c  0.0   0.84 210.89449 54.31167  9022.07 10292.07 4.04 3.68 -88.5 -0.432    19.80 21.86 02a57778o0640c  0.526316    True
57778.615190 19.454622      NaN   13.0  17.0   c  0.0   1.26 210.89449 54.31167  7812.68   491.44 3.84 3.67  17.5 -0.453    19.81 21.88 02a57778o0650c  0.529412    True
57778.622705 19.569016      NaN  -21.0  18.0   c  0.0   1.05 210.89449 54.31167  9067.55 10232.57 3.98 3.63 -89.0 -0.436    19.82 21.89 02a57778o0664c -1.388889   False
57778.628048 19.169763      NaN   22.0  20.0   c  0.0   1.12 210.89449 54.31167  7846.79   432.36 3.99 3.81  15.2 -0.447    19.77 21.86 02a57778o0674c  0.900000   False
57782.565439 19.472870      NaN   12.0  17.0   c  0.0   0.85 210.89449 54.31167  8299.41  1402.17 3.86 3.75  84.3 -0.416    19.82 21.96 02a57782o0717c  0.470588    True
57782.579866 19.841877      NaN    2.0  14.0   c  0.0   1.34 210.89449 54.31167  8321.35  1442.10 3.89 3.75 -88.4 -0.409    19.84 21.99 02a57782o0743c -0.142857   False
57782.593858 19.529530      NaN   12.0  16.0   c  0.0   1.03 210.89449 54.31167  8265.04  1369.03 3.81 3.67  86.8 -0.414    19.88 22.03 02a57782o0769c  0.500000   False
57782.607900 19.569016      NaN  -13.0  18.0   c  0.0   1.01 210.89449 54.31167  8242.08  1492.61 3.93 3.77  83.5 -0.404    19.81 21.96 02a57782o0795c -0.944444   False
57782.621826 19.696897      NaN    4.0  16.0   c  0.0   0.99 210.89449 54.31167  8290.60  1434.50 3.86 3.71  85.7 -0.415    19.84 21.99 02a57782o0821c  0.000000    True
57786.563706 19.549093      NaN    5.0  18.0   c  0.0   0.91 210.89449 54.31167  9315.35  9923.19 3.91 3.51 -86.0 -0.427    19.80 21.89 02a57786o0507c  0.055556   False
57786.566299 19.454622      NaN  -14.0  20.0   c  0.0   1.00 210.89449 54.31167  8072.39   123.25 3.89 3.68  12.6 -0.447    19.82 21.92 02a57786o0512c -0.900000    True
57786.576403 19.212347      NaN   31.0  16.0   c  0.0   1.32 210.89449 54.31167  9326.52  9963.49 3.97 3.59 -88.6 -0.419    19.82 21.94 02a57786o0531c  1.687500   False
57786.579012 19.454622      NaN  -32.0  20.0   c  0.0   1.23 210.89449 54.31167  8084.66   163.80 3.88 3.68  17.0 -0.448    19.85 21.96 02a57786o0536c -1.800000    True
57786.589214 19.241693      NaN   23.0  18.0   c  0.0   0.91 210.89449 54.31167  9268.35  9888.03 3.94 3.57 -90.0 -0.429    19.83 21.94 02a57786o0555c  1.055556   False
57786.591848 18.878500      NaN   43.0  21.0   c  0.0   0.97 210.89449 54.31167  8028.93    88.09 3.90 3.71  15.3 -0.450    19.68 21.79 02a57786o0560c  1.857143    True
57786.602149 18.574166      NaN   61.0  26.0   c  0.0   1.05 210.89449 54.31167  9245.60 10009.73 3.98 3.64  85.5 -0.434    19.48 21.55 02a57786o0579c  2.192308    True
57786.604786 19.102305      NaN   24.0  21.0   c  0.0   1.11 210.89449 54.31167  8017.60   209.23 3.88 3.76  18.7 -0.442    19.84 21.98 02a57786o0584c  0.952381    True
57786.615038 19.569016      NaN  -22.0  18.0   c  0.0   1.04 210.89449 54.31167  9290.56  9951.01 3.95 3.59  86.1 -0.426    19.78 21.88 02a57786o0603c -1.444444    True
57786.617646 19.155932      NaN   20.0  21.0   c  0.0   0.90 210.89449 54.31167  8051.97   152.68 3.90 3.74  24.4 -0.449    19.84 21.99 02a57786o0608c  0.761905    True
57806.543426 19.569016      NaN   -5.0  18.0   c  0.0   1.13 210.89449 54.31167  9175.05  1305.82 3.85 3.71  60.0 -0.446    19.76 21.82 02a57806o0606c -0.500000   False
57806.546470 19.631075      NaN  -13.0  17.0   c  0.0   1.19 210.89449 54.31167  9201.32  1342.98 3.98 3.84  55.2 -0.429    19.74 21.83 02a57806o0612c -1.000000   False
57806.563479 19.472870      NaN    6.0  19.0   c  0.0   1.00 210.89449 54.31167  9143.86  1270.24 4.05 3.88  52.2 -0.427    19.76 21.89 02a57806o0643c  0.105263    True
57806.577726 19.401649      NaN   -2.0  21.0   c  0.0   0.83 210.89449 54.31167  9123.49  1389.38 3.91 3.72  65.0 -0.440    19.76 21.84 02a57806o0669c -0.285714   False
57806.591596 19.155932      NaN   26.0  19.0   c  0.0   0.83 210.89449 54.31167  9173.56  1328.69 3.91 3.71  60.8 -0.439    19.72 21.75 02a57806o0695c  1.157895    True
57834.492888 19.241693      NaN   20.0  19.0   c  0.0   0.91 210.89449 54.31167  8075.71  3373.81 3.99 3.71  87.7 -0.381    19.07 21.15 02a57834o0443c  0.842105   False
57834.503330 19.351140      NaN   -6.0  22.0   c  0.0   1.04 210.89449 54.31167  2406.82  7037.43 3.82 3.69  44.8 -0.427    19.11 21.19 02a57834o0463c -0.454545   False
57834.527024 18.967180      NaN   32.0  22.0   c  0.0   1.24 210.89449 54.31167  2454.15  7113.44 3.82 3.67  46.3 -0.423    19.04 21.02 02a57834o0506c  1.272727   False
57834.542612 19.401649      NaN  -69.0  21.0   c  0.0   1.22 210.89449 54.31167  2473.34  6998.30 4.01 3.88  52.0 -0.407    18.92 20.83 02a57834o0535c -3.476190    True
57834.554663 19.256669      NaN    2.0  24.0   c  0.0   0.84 210.89449 54.31167  2428.25  7059.69 4.05 3.88  49.6 -0.393    18.86 20.73 02a57834o0557c -0.083333   False
57838.492206 19.401649      NaN  -36.0  21.0   c  0.0   0.90 210.89449 54.31167   147.48   587.06 4.43 4.38 -72.9 -0.376    19.01 21.19 02a57838o0454c -1.904762    8192
57838.492735 19.351140      NaN   -9.0  22.0   c  0.0   1.21 210.89449 54.31167  1509.79 10395.98 4.33 4.18  26.1 -0.383    19.04 21.20 02a57838o0455c -0.590909    True
57838.494486 19.212347      NaN   16.0  21.0   c  0.0   0.94 210.89449 54.31167  9001.38    92.81 4.02 3.88  39.4 -0.447    19.06 21.21 02a57838o0458c  0.571429    True
57838.495005 18.900000      NaN   38.0  22.0   c  0.0   1.14 210.89449 54.31167 10365.54  9905.07 4.46 4.09  80.9 -0.413    19.01 21.18 02a57838o0459c  1.545455    True
57838.505700 19.351140      NaN  -19.0  22.0   c  0.0   1.05 210.89449 54.31167 10294.06  9829.87 4.42 4.10  81.9 -0.402    19.02 21.17 02a57838o0479c -1.045455    True
57838.524714 19.510313      NaN   -6.0  19.0   c  0.0   0.95 210.89449 54.31167   206.05   503.88 4.25 4.18 -14.6 -0.374    19.03 21.14 02a57838o0515c -0.526316    True
57838.528687 19.197966      NaN    8.0  24.0   c  0.0   0.87 210.89449 54.31167  1558.73 10311.01 4.13 3.95  18.5 -0.401    19.04 21.15 02a57838o0522c  0.166667    True
57838.541835 19.401649      NaN  -10.0  21.0   c  0.0   1.03 210.89449 54.31167  1530.93 10373.52 4.23 3.75   9.1 -0.384    19.03 21.12 02a57838o0547c -0.666667    8192
57838.542881 19.197966      NaN   17.0  21.0   c  0.0   1.03 210.89449 54.31167   172.59   559.43 4.09 3.98 -87.7 -0.398    19.06 21.09 02a57838o0549c  0.619048    True
57842.515338 19.351140      NaN  -43.0  22.0   c  0.0   1.06 210.89449 54.31167  3853.96  6724.97 4.04 3.91  55.4 -0.397    18.98 21.04 02a57842o0427c -2.136364    8192
57842.526432 19.256669      NaN  -34.0  24.0   c  0.0   0.83 210.89449 54.31167  3897.12  6800.65 4.26 4.09  67.2 -0.387    18.93 21.04 02a57842o0448c -1.583333    True
57842.544005 19.334813      NaN    8.0  21.0   c  0.0   1.05 210.89449 54.31167  3918.20  6680.43 4.12 3.96  75.7 -0.378    18.94 20.97 02a57842o0481c  0.190476    8192
57862.478560 19.454622      NaN   -6.0  20.0   c  0.0   0.92 210.89449 54.31167  3546.28  6956.66 3.82 3.70  86.0 -0.396    18.84 20.47 02a57862o0525c -0.500000   False
57862.500554 19.454622      NaN  -25.0  20.0   c  0.0   1.39 210.89449 54.31167  3523.38  6916.70 3.78 3.66  86.7 -0.403    18.76 20.25 02a57862o0570c -1.450000   False
57862.510937 19.026525      NaN   27.0  22.0   c  0.0   1.06 210.89449 54.31167  3580.24  6992.40 3.72 3.61  84.9 -0.412    18.74 20.17 02a57862o0591c  1.045455   False
57862.522570 19.256669      NaN   -9.0  24.0   c  0.0   0.89 210.89449 54.31167  3604.20  6873.96 3.74 3.65  72.2 -0.401    18.68 20.07 02a57862o0615c -0.541667    True
57862.530436 19.256669      NaN   10.0  22.0   c  0.0   1.25 210.89449 54.31167  3571.10  6932.86 3.69 3.59  76.4 -0.414    18.67 20.02 02a57862o0631c  0.272727   False
57870.492158 19.922338      NaN    7.0  12.0   c  0.0   1.47 210.89449 54.31167  1918.58  8600.17 2.43 2.27   7.6 -0.466    19.53 20.68 02a57870o0440c  0.250000    True
57870.509600 20.103715      NaN  -13.0  11.0   c  0.0   1.53 210.89449 54.31167  1895.40  8562.22 2.44 2.28   5.8 -0.462    19.48 20.63 02a57870o0473c -1.545455   False
57870.517991 20.207197      NaN   -2.0  10.0   c  0.0   1.48 210.89449 54.31167  1950.66  8634.22 2.46 2.31   7.1 -0.468    19.46 20.60 02a57870o0489c -0.600000   False
57870.530201 20.103715      NaN  -14.0  11.0   c  0.0   1.28 210.89449 54.31167  1976.34  8516.71 2.48 2.35   1.4 -0.461    19.42 20.58 02a57870o0512c -1.636364   False
57870.541671 20.103715      NaN  -18.0  11.0   c  0.0   1.20 210.89449 54.31167  1943.58  8574.39 2.47 2.35   0.7 -0.466    19.42 20.55 02a57870o0534c -2.000000    True
57894.386745 19.979496      NaN    5.0  12.0   c  0.0   1.31 210.89449 54.31167  1341.75  9774.44 2.54 2.32 -11.4 -0.463    19.65 21.54 02a57894o0292c  0.083333   False
57894.416893 20.103715      NaN  -10.0  11.0   c  0.0   1.64 210.89449 54.31167  1318.68  9733.69 2.59 2.35 -13.8 -0.468    19.81 21.74 02a57894o0349c -1.272727   False
57894.419529 20.009244      NaN   -5.0  12.0   c  0.0   1.14 210.89449 54.31167  1376.14  9805.98 2.58 2.37  -6.3 -0.467    19.78 21.70 02a57894o0354c -0.750000    True
57894.441778 19.922338      NaN  -20.0  13.0   c  0.0   1.11 210.89449 54.31167  1390.62  9686.12 2.54 2.29  -7.5 -0.473    19.68 21.53 02a57894o0396c -1.846154   False
57894.453543 19.609992      NaN   14.0  14.0   c  0.0   1.42 210.89449 54.31167  1355.56  9745.27 2.53 2.30  -4.3 -0.474    19.49 21.27 02a57894o0418c  0.714286    True
57898.389114 20.009244      NaN    1.0  12.0   c  0.0   1.04 210.89449 54.31167  1876.84  8724.95 2.66 2.37  -5.2 -0.481    19.73 21.69 02a57898o0138c -0.250000    True
57898.398663 20.207197      NaN  -18.0  10.0   c  0.0   1.62 210.89449 54.31167  1853.21  8684.95 2.48 2.29  -0.8 -0.503    19.78 21.72 02a57898o0156c -2.200000   False
57898.417223 20.103715      NaN    4.0  11.0   c  0.0   1.07 210.89449 54.31167  1908.71  8758.80 2.59 2.34 -11.9 -0.486    19.75 21.68 02a57898o0191c  0.000000   False
57898.437402 19.696897      NaN   19.0  11.0   c  0.0   1.66 210.89449 54.31167  1934.64  8638.08 2.46 2.24   2.0 -0.504    19.75 21.62 02a57898o0229c  1.363636   False
57898.446924 20.103715      NaN    0.0  11.0   c  0.0   1.45 210.89449 54.31167  1900.62  8695.55 2.67 2.48   1.7 -0.486    19.69 21.60 02a57898o0247c -0.363636   False
57902.386132 19.894850      NaN   11.0  11.0   c  0.0   1.28 210.89449 54.31167  4400.09  7536.18 2.52 2.42  -3.6 -0.451    19.81 21.63 02a57902o0297c  0.636364   False
57902.397408 20.321591      NaN  -15.0   9.0   c  0.0   1.38 210.89449 54.31167  4389.56  7496.28 2.57 2.47  -9.1 -0.461    19.77 21.60 02a57902o0319c -2.111111   False
57902.399963 20.207197      NaN    1.0  10.0   c  0.0   1.32 210.89449 54.31167  4436.46  7574.26 2.59 2.45  -2.6 -0.449    19.78 21.58 02a57902o0324c -0.300000   False
57902.422768 20.321591      NaN    0.0   9.0   c  0.0   1.89 210.89449 54.31167  4460.72  7455.21 2.56 2.45  -0.1 -0.463    19.79 21.63 02a57902o0368c -0.444444    True
57902.433611 20.207197      NaN  -10.0  10.0   c  0.0   1.09 210.89449 54.31167  4425.59  7512.00 2.61 2.52  -1.8 -0.455    19.67 21.49 02a57902o0389c -1.400000   False
58020.235926 20.009244      NaN  -12.0  12.0   c  0.0   2.04 210.89449 54.31167  3565.55  3772.79 2.41 2.31 -78.1 -0.409    19.28 20.64 02a58020o0006c -1.333333 8388609
58194.569176 20.207197      NaN  -19.0  10.0   c  0.0   1.82 210.89449 54.31167  2286.15  8889.01 2.55 2.35  22.2 -0.453    19.73 21.58 02a58194o0731c -2.300000    True
58194.580281 20.207197      NaN    4.0  10.0   c  0.0   1.15 210.89449 54.31167  2261.90  8850.66 2.56 2.31  24.9 -0.453    19.75 21.58 02a58194o0749c  0.000000    True
58194.590959 19.841877      NaN    7.0  13.0   c  0.0   0.97 210.89449 54.31167  2311.76  8922.88 2.63 2.46  14.7 -0.444    19.72 21.58 02a58194o0768c  0.230769    8192
58194.602403 20.039830      NaN    6.0  11.0   c  0.0   1.33 210.89449 54.31167  2321.61  8803.94 2.41 2.21  17.2 -0.466    19.75 21.57 02a58194o0786c  0.181818    8192
58196.529228 18.243872      NaN   46.0  47.0   c  0.0   1.27 210.89449 54.31167  4982.29  3706.55 2.58 2.44  19.6 -0.397    17.79 19.73 02a58196o0652c  0.893617    8192
58196.535461 20.207197      NaN    3.0  10.0   c  0.0   1.24 210.89449 54.31167  4950.97  3670.56 2.45 2.31  46.1 -0.411    19.80 21.89 02a58196o0663c -0.100000    True
58196.543979 17.774377      NaN   28.0  86.0   c  0.0   1.46 210.89449 54.31167  5006.87  3745.78 2.45 2.34  37.8 -0.438    16.95 18.82 02a58196o0680c  0.279070    8192
58251.578978 19.950541      NaN    9.0  11.0   c  0.0   1.41 210.89449 54.31167  4150.65  3785.01 2.73 2.54 -52.9 -0.387    19.50 21.34 02a58251o0733c  0.454545   False
58251.587115 20.009244      NaN   -4.0  12.0   c  0.0   1.16 210.89449 54.31167  4149.92  3789.01 2.83 2.62 -51.2 -0.378    19.45 21.26 02a58251o0749c -0.666667   False
58251.594640 19.922338      NaN  -21.0  13.0   c  0.0   1.26 210.89449 54.31167  4138.36  3792.60 2.69 2.55 -50.4 -0.388    19.43 21.20 02a58251o0764c -1.923077   False
58251.602316 19.922338      NaN   -1.0  13.0   c  0.0   1.59 210.89449 54.31167  4148.36  3795.34 3.00 2.79 -53.3 -0.380    19.28 21.09 02a58251o0779c -0.384615    True
58252.572007 20.103715      NaN  -23.0  11.0   c  0.0   1.91 210.89449 54.31167  4150.12  3781.13 2.58 2.45 -49.8 -0.394    19.44 21.13 02a58252o0684c -2.454545    True
58252.582264 19.367717      NaN   30.0  13.0   c  0.0   1.07 210.89449 54.31167  4149.14  3786.38 2.51 2.40 -48.6 -0.402    19.46 21.08 02a58252o0703c  2.000000    True
58252.589663 20.009244      NaN   -6.0  12.0   c  0.0   1.41 210.89449 54.31167  4137.39  3789.68 2.54 2.45 -46.8 -0.398    19.40 21.05 02a58252o0718c -0.833333    True
58252.598499 19.256669      NaN   34.0  14.0   c  0.0   1.12 210.89449 54.31167  4148.51  3792.73 2.49 2.40 -52.9 -0.398    19.37 20.99 02a58252o0735c  2.142857    8192
58256.417856 18.978793      NaN  -68.0  31.0   c  0.0   0.61 210.89449 54.31167  3219.87  5377.95 2.37 2.34 -16.3 -0.425    19.82 21.77 02a58256o0256c -2.322581   False
58256.432475 20.207197      NaN   -2.0  10.0   c  0.0   1.07 210.89449 54.31167  3197.86  5337.48 2.41 2.41  18.3 -0.424    19.76 21.79 02a58256o0287c -0.600000   False
58256.449876 19.549093      NaN   23.0  12.0   c  0.0   0.70 210.89449 54.31167  3253.94  5413.60 2.34 2.31  11.0 -0.431    19.80 21.75 02a58256o0324c  1.583333   False
58256.458792 20.321591      NaN    0.0   9.0   c  0.0   1.34 210.89449 54.31167  3277.84  5294.48 2.38 2.30  39.6 -0.425    19.79 21.74 02a58256o0343c -0.444444   False
58280.393689 20.207197      NaN   -8.0  10.0   c  0.0   1.25 210.89449 54.31167  5383.74  4898.90 2.45 2.41 -69.1 -0.419    19.75 21.71 02a58280o0323c -1.200000    True
58280.407270 20.009244      NaN   -4.0  12.0   c  0.0   0.86 210.89449 54.31167  5373.44  4862.79 2.53 2.51  54.4 -0.412    19.67 21.62 02a58280o0352c -0.666667   False
58280.414598 19.922338      NaN   -8.0  13.0   c  0.0   1.06 210.89449 54.31167  5428.78  4936.59 2.44 2.41  54.1 -0.422    19.45 21.31 02a58280o0368c -0.923077   False
58280.424534 19.766969      NaN   13.0  12.0   c  0.0   1.05 210.89449 54.31167  5439.94  4824.26 2.42 2.38  53.5 -0.418    19.72 21.59 02a58280o0389c  0.750000   False
58284.387122 19.696897      NaN   13.0  13.0   c  0.0   1.08 210.89449 54.31167  2856.95  5649.19 2.36 2.30   0.5 -0.420    19.59 21.41 02a58284o0307c  0.692308   False
58284.391741 20.103715      NaN   -8.0  11.0   c  0.0   1.29 210.89449 54.31167  2831.40  5610.64 2.35 2.29   3.8 -0.422    19.62 21.46 02a58284o0317c -1.090909   False
58284.403480 19.696897      NaN   16.0  12.0   c  0.0   0.83 210.89449 54.31167  2889.91  5688.17 2.40 2.34  20.5 -0.428    19.67 21.53 02a58284o0342c  1.000000   False
58284.411716 20.103715      NaN   -8.0  11.0   c  0.0   1.29 210.89449 54.31167  2911.23  5567.58 2.44 2.38  21.8 -0.431    19.70 21.54 02a58284o0360c -1.090909   False
58308.365311 20.207197      NaN    0.0  10.0   c  0.0   1.06 210.89449 54.31167  5595.41  3919.15 2.75 2.47 -51.1 -0.410    19.67 21.59 02a58308o0015c -0.400000    8192
58308.374538 20.103715      NaN    4.0  11.0   c  0.0   1.59 210.89449 54.31167  5616.84  3800.66 2.67 2.48 -52.0 -0.409    19.64 21.54 02a58308o0035c  0.000000    8192
58312.333401 19.743105      NaN   20.0  10.0   c  0.0   1.07 210.89449 54.31167  5146.36  3957.84 2.52 2.35 -53.7 -0.416    19.75 21.63 02a58312o0193c  1.600000   False
58312.339561 19.652575      NaN   18.0  12.0   c  0.0   0.94 210.89449 54.31167  5121.15  3917.49 2.69 2.43 -54.7 -0.407    19.71 21.63 02a58312o0206c  1.166667   False
58312.349040 19.868040      NaN   15.0  10.0   c  0.0   1.35 210.89449 54.31167  5178.52  3994.17 2.58 2.48 -50.8 -0.410    19.67 21.61 02a58312o0226c  1.100000   False
58312.361108 19.868040      NaN   12.0  11.0   c  0.0   1.26 210.89449 54.31167  5200.74  3876.76 2.53 2.47 -50.1 -0.409    19.68 21.58 02a58312o0252c  0.727273   False
58316.328042 19.841877      NaN   -8.0  14.0   c  0.0   1.15 210.89449 54.31167  3285.60  3437.63 3.09 2.96 -61.8 -0.381    19.36 21.19 02a58316o0183c -0.857143    8192
58316.337992 20.009244      NaN    3.0  12.0   c  0.0   1.19 210.89449 54.31167  3274.59  3396.59 3.05 3.00  68.8 -0.366    19.34 21.27 02a58316o0204c -0.083333    True
58316.346903 19.491430      NaN   29.0  11.0   c  0.0   1.40 210.89449 54.31167  3330.15  3472.02 2.82 2.80  35.3 -0.378    19.44 21.34 02a58316o0223c  2.272727    True
58316.359453 19.549093      NaN   17.0  14.0   c  0.0   1.12 210.89449 54.31167  3352.18  3354.61 3.39 3.33 -52.6 -0.357    19.31 21.41 02a58316o0250c  0.928571    8192
58344.281357 20.009244      NaN   -4.0  12.0   c  0.0   1.07 210.89449 54.31167  4005.08  2682.17 2.61 2.40 -55.1 -0.387    19.46 21.13 02a58344o0108c -0.666667    True
58344.290487 20.103715      NaN  -11.0  11.0   c  0.0   1.80 210.89449 54.31167  3993.97  2642.89 2.74 2.55 -63.0 -0.394    19.41 21.10 02a58344o0127c -1.363636    8192
58344.299671 19.922338      NaN    3.0  13.0   c  0.0   1.67 210.89449 54.31167  4050.30  2718.85 2.67 2.48 -55.5 -0.385    19.08 20.79 02a58344o0146c -0.076923    True
58344.308612 20.103715      NaN  -28.0  11.0   c  0.0   1.58 210.89449 54.31167  4071.97  2596.64 2.62 2.50 -52.0 -0.392    19.43 21.14 02a58344o0165c -2.909091    8192
58376.224249 19.454622      NaN    1.0  20.0   c  0.0   1.49 210.89449 54.31167  5688.35  2171.89 2.62 2.39 -58.5 -0.397    18.75 19.69 02a58376o0028c -0.150000    8192
58376.230043 19.401649      NaN    1.0  21.0   c  0.0   0.89 210.89449 54.31167  5676.69  2132.04 2.56 2.41 -63.9 -0.391    18.99 20.12 02a58376o0040c -0.142857    True
58376.238331 19.128787      NaN   25.0  20.0   c  0.0   1.09 210.89449 54.31167  5731.58  2234.47 2.68 2.50 -61.0 -0.388    19.11 20.35 02a58376o0057c  1.050000    8192
58376.247461 19.401649      NaN    7.0  20.0   c  0.0   0.98 210.89449 54.31167  5754.91  2107.99 2.89 2.78 -67.6 -0.379    19.00 20.36 02a58376o0076c  0.150000    True
58520.663770 20.321591      NaN  -12.0   9.0   c  0.0   1.99 210.89449 54.31167  4422.30  7838.25 2.59 2.36  19.2 -0.464    19.68 21.60 02a58520o0274c -1.222222    8192
58520.673685 18.693037      NaN    0.0  40.0   c  0.0   0.86 210.89449 54.31167  4396.71  7798.43 2.64 2.45  19.8 -0.473    18.45 19.41 02a58520o0295c  0.025000    8192
58576.556729 19.766969      NaN  -14.0  15.0   c  0.0   1.14 210.89449 54.31167  7728.83   102.96 2.48 2.09 -59.9 -0.404    19.78 21.80 02a58576o0718c -0.866667   False
58576.558102 19.841877      NaN   11.0  10.0   c  0.0   1.74 210.89449 54.31167  7995.71  9840.46 2.67 2.50 -64.5 -0.402    19.80 21.82 02a58576o0721c  1.200000    True
58576.570795 20.009244      NaN   -4.0  12.0   c  0.0   1.11 210.89449 54.31167  7971.34  9799.39 2.75 2.52 -54.4 -0.414    19.76 21.80 02a58576o0748c -0.250000   False
58576.571708 19.491430      NaN   12.0  15.0   c  0.0   1.02 210.89449 54.31167  7705.55    61.28 2.55 2.17 -54.5 -0.392    19.74 21.77 02a58576o0750c  0.866667   False
58576.577207 19.766969      NaN    5.0  13.0   c  0.0   1.23 210.89449 54.31167  7771.05   141.12 2.57 2.18 -55.4 -0.420    19.76 21.75 02a58576o0762c  0.461538   False
58576.578589 20.207197      NaN   -4.0  10.0   c  0.0   1.64 210.89449 54.31167  8026.46  9880.14 2.83 2.48 -54.2 -0.408    19.73 21.78 02a58576o0765c -0.300000   False
58576.591620 19.922338      NaN   -9.0  13.0   c  0.0   1.21 210.89449 54.31167  8047.03  9762.94 2.90 2.51 -53.6 -0.400    19.67 21.74 02a58576o0792c -0.615385   False
58580.533459 20.207197      NaN   -3.0  10.0   c  0.0   1.84 210.89449 54.31167  7607.70  7877.16 2.64 2.49  45.1 -0.407    19.60 21.43 02a58580o0667c -0.200000    8192
58580.553444 19.950541      NaN    4.0  11.0   c  0.0   1.22 210.89449 54.31167  7640.64  7915.38 2.56 2.54  82.4 -0.405    19.66 21.40 02a58580o0709c  0.454545    True
58580.565220 19.922338      NaN    5.0  11.0   c  0.0   1.34 210.89449 54.31167  7661.74  7797.60 2.60 2.53  68.0 -0.409    19.59 21.37 02a58580o0734c  0.545455    8192
58604.470220 20.207197      NaN  -13.0  10.0   c  0.0   1.48 210.89449 54.31167  7333.87  3996.64 2.38 2.30  44.9 -0.399    19.60 21.61 02a58604o0438c -1.200000   False
58604.485174 20.207197      NaN  -11.0  10.0   c  0.0   1.62 210.89449 54.31167  7310.76  3957.36 2.38 2.30 -64.7 -0.409    19.59 21.62 02a58604o0470c -1.000000   False
58604.494705 20.103715      NaN   -1.0  11.0   c  0.0   1.25 210.89449 54.31167  7364.47  4032.40 2.41 2.38  49.5 -0.404    19.60 21.58 02a58604o0490c  0.000000   False
58604.501777 19.719755      NaN   13.0  11.0   c  0.0   1.22 210.89449 54.31167  7386.95  3918.79 2.48 2.38 -61.5 -0.398    19.53 21.55 02a58604o0505c  1.272727   False
58612.399959 19.816329      NaN    9.0  11.0   c  0.0   1.03 210.89449 54.31167  9103.58  6892.96 2.56 2.47  59.1 -0.422    19.76 21.60 02a58612o0365c  0.909091   False
58612.401822 20.039830      NaN    1.0  11.0   c  0.0   1.27 210.89449 54.31167  9083.88  6853.23 2.56 2.46  57.9 -0.406    19.79 21.60 02a58612o0369c  0.181818   False
58612.407474 19.922338      NaN  -20.0  13.0   c  0.0   0.80 210.89449 54.31167  9140.07  6932.96 2.57 2.49  80.1 -0.421    19.76 21.61 02a58612o0381c -1.461538   False
58612.432540 20.009244      NaN   -1.0  12.0   c  0.0   1.17 210.89449 54.31167  9149.69  6815.46 2.59 2.47  48.2 -0.464    19.78 21.63 02a58612o0433c  0.000000   False
58636.335628 19.979496      NaN    3.0  11.0   c  0.0   1.65 210.89449 54.31167  1805.74  7479.86 2.48 2.37 -16.3 -0.429    19.71 21.76 02a58636o0227c  0.363636   False
58636.341238 20.321591      NaN   -8.0   9.0   c  0.0   1.65 210.89449 54.31167  8773.54  3052.11 2.37 2.27 -63.7 -0.422    19.80 21.76 02a58636o0239c -0.777778   False
58636.347261 20.009244      NaN  -13.0  12.0   c  0.0   1.07 210.89449 54.31167  8837.68  3141.55 2.44 2.24 -62.3 -0.411    19.80 21.77 02a58636o0252c -1.000000   False
58636.365477 19.652575      NaN   19.0  10.0   c  0.0   1.30 210.89449 54.31167  8852.09  3022.04 2.46 2.25 -63.5 -0.412    19.75 21.70 02a58636o0291c  2.000000   False
58664.300439 20.137125      NaN    4.0   9.0   c  0.0   1.49 210.89449 54.31167  2514.41  1209.19 2.38 2.29 -65.5 -0.435    19.78 21.60 02a58664o0137c  0.555556   False
58664.303183 19.816329      NaN    9.0  11.0   c  0.0   1.36 210.89449 54.31167  2493.39  1170.29 2.42 2.27 -59.9 -0.420    19.81 21.61 02a58664o0143c  0.909091    True
58664.308728 19.743105      NaN   12.0  11.0   c  0.0   1.30 210.89449 54.31167  2551.05  1244.02 2.35 2.28 -78.4 -0.405    19.80 21.64 02a58664o0155c  1.181818   False
58664.318819 20.039830      NaN    1.0  11.0   c  0.0   1.07 210.89449 54.31167  2571.62  1126.03 2.35 2.24 -75.4 -0.432    19.82 21.68 02a58664o0177c  0.181818   False
58668.360430 20.071303      NaN    0.0  11.0   c  0.0   0.85 210.89449 54.31167  6992.70  4780.22 2.58 2.30  40.7 -0.393    19.70 21.53 02a58668o0259c  0.090909    True
58668.363476 19.841877      NaN   -5.0  14.0   c  0.0   1.32 210.89449 54.31167  6973.08  4739.99 2.61 2.25  40.7 -0.574    19.74 21.50 02a58668o0265c -0.285714   False
58668.370013 20.103715      NaN   -1.0  11.0   c  0.0   1.53 210.89449 54.31167  7028.48  4816.30 2.68 2.25  39.4 -0.389    19.70 21.46 02a58668o0279c  0.000000   False
58668.381748 19.491430      NaN   21.0  12.0   c  0.0   1.18 210.89449 54.31167  7047.72  4698.09 2.56 2.27  38.1 -0.388    19.72 21.46 02a58668o0304c  1.833333   False
58692.299708 20.207197      NaN  -11.0  10.0   c  0.0   1.40 210.89449 54.31167  8898.40  5225.03 2.65 2.49  41.4 -0.392    19.68 21.66 02a58692o0140c -1.000000   False
58692.302589 20.103715      NaN  -20.0  11.0   c  0.0   1.45 210.89449 54.31167  8878.18  5184.96 2.64 2.45  38.0 -0.389    19.70 21.66 02a58692o0146c -1.727273   False
58692.308687 19.841877      NaN    8.0  11.0   c  0.0   1.04 210.89449 54.31167  8933.81  5264.52 2.53 2.46  53.8 -0.394    19.67 21.63 02a58692o0157c  0.818182   False
58692.318540 20.039830      NaN    1.0  11.0   c  0.0   1.23 210.89449 54.31167  8952.35  5148.09 2.56 2.44  41.4 -0.392    19.70 21.60 02a58692o0178c  0.181818   False
58696.259275 20.137125      NaN    1.0  10.0   c  0.0   1.43 210.89449 54.31167  8904.85  5228.17 2.77 2.47 -64.3 -0.398    19.61 21.39 02a58696o0060c  0.200000   False
58696.263160 20.009244      NaN    5.0  10.0   c  0.0   1.23 210.89449 54.31167  8883.99  5187.75 2.89 2.48 -64.6 -0.397    19.64 21.51 02a58696o0068c  0.600000   False
58696.268990 20.009244      NaN    2.0  11.0   c  0.0   0.94 210.89449 54.31167  8940.82  5267.81 2.87 2.52 -64.2 -0.401    19.66 21.57 02a58696o0080c  0.272727   False
58696.279054 19.868040      NaN    4.0  12.0   c  0.0   1.00 210.89449 54.31167  8956.76  5158.18 3.00 2.56 -63.9 -0.397    19.61 21.57 02a58696o0101c  0.416667   False
58700.300639 19.766969      NaN  -14.0  15.0   c  0.0   1.14 210.89449 54.31167  3362.10  7098.47 2.45 2.42   7.9 -0.386    19.55 21.20 02a58700o0151c -0.866667   False
58700.303953 20.321591      NaN   -8.0   9.0   c  0.0   1.85 210.89449 54.31167  3343.40  7058.44 2.38 2.34  -0.2 -0.391    19.59 21.19 02a58700o0158c -0.777778   False
58700.310446 19.979496      NaN    0.0  12.0   c  0.0   1.29 210.89449 54.31167  3399.45  7136.46 2.48 2.37  26.5 -0.380    19.54 21.19 02a58700o0172c  0.083333    True
58700.320640 20.009244      NaN   -2.0  12.0   c  0.0   1.36 210.89449 54.31167  3419.17  7017.54 2.44 2.40   0.4 -0.390    19.55 21.17 02a58700o0194c -0.083333   False
58708.299948 18.702047      NaN  -33.0  40.0   c  0.0   0.68 210.89449 54.31167  4784.99  3208.74 2.88 2.31  41.6 -0.386    18.22 19.07 02a58708o0161c -0.800000   False
58708.302750 18.317510      NaN   38.0  44.0   c  0.0   1.11 210.89449 54.31167  4763.93  3170.10 2.82 2.29  42.4 -0.398    18.06 18.90 02a58708o0167c  0.886364    True
58708.309789 18.550302      NaN    8.0  43.0   c  0.0   1.05 210.89449 54.31167  4823.80  3249.12 2.95 2.35  42.2 -0.375    17.75 18.71 02a58708o0182c  0.209302   False
58708.319771 18.496580      NaN   39.0  35.0   c  0.0   1.01 210.89449 54.31167  4845.19  3130.56 2.72 2.33  39.4 -0.400    18.16 18.98 02a58708o0203c  1.142857   False
58724.254212 19.652575      NaN   13.0  12.0   c  0.0   1.51 210.89449 54.31167  5056.55  4851.38 2.75 2.32  34.2 -0.404    19.58 21.32 02a58724o0081c  1.166667   False
58724.257423 20.009244      NaN  -26.0  12.0   c  0.0   1.43 210.89449 54.31167  5038.05  4813.13 2.64 2.29  38.4 -0.401    19.54 21.31 02a58724o0088c -2.083333    True
58724.263511 19.922338      NaN   -4.0  13.0   c  0.0   1.21 210.89449 54.31167  5093.18  4888.99 2.76 2.32  36.7 -0.394    19.50 21.30 02a58724o0101c -0.230769   False
58724.275107 19.922338      NaN  -10.0  13.0   c  0.0   1.11 210.89449 54.31167  5114.01  4775.33 2.72 2.32  36.3 -0.394    19.49 21.25 02a58724o0126c -0.692308   False
58872.552407 20.207197      NaN    2.0   9.0   c  0.0   1.54 210.89449 54.31167  3576.74  5793.98 2.53 2.32  44.0 -0.392    19.85 22.00 02a58872o0760c  0.333333   False
58872.555279 20.207197      NaN  -11.0  10.0   c  0.0   1.47 210.89449 54.31167  3598.80  5831.81 2.36 2.33 -56.5 -0.411    19.81 21.99 02a58872o0766c -1.000000   False
58872.561131 20.321591      NaN   -7.0   9.0   c  0.0   1.35 210.89449 54.31167  3541.29  5752.62 2.35 2.31 -49.4 -0.410    19.84 21.99 02a58872o0778c -0.666667   False
58872.571799 19.816329      NaN   12.0  10.0   c  0.0   1.05 210.89449 54.31167  3510.72  5873.11 2.52 2.31  40.8 -0.393    19.84 22.02 02a58872o0799c  1.300000   False
58876.651589 20.009244      NaN  -10.0  12.0   c  0.0   1.41 210.89449 54.31167  1937.13  9640.25 2.41 2.33 -38.2 -0.427    19.70 21.82 02a58876o0927c -0.750000    8192
58876.655266 19.766969      NaN  -31.0  15.0   c  0.0   1.53 210.89449 54.31167  1956.30  9679.10 2.50 2.37 -43.4 -0.418    19.31 21.31 02a58876o0935c -2.000000    8192
58876.662978 19.766969      NaN  -20.0  15.0   c  0.0   1.11 210.89449 54.31167  1898.64  9600.05 2.45 2.31 -39.6 -0.421    19.30 21.14 02a58876o0951c -1.266667    True
58876.669196 18.757738      NaN   29.0  28.0   c  0.0   1.40 210.89449 54.31167  1877.59  9716.54 2.46 2.31 -35.3 -0.428    18.50 19.82 02a58876o0963c  1.071429    True
58884.593779 20.449472      NaN   -7.0   8.0   c  0.0   1.43 210.89449 54.31167  5065.21  1946.06 2.50 2.27  50.3 -0.395    19.82 21.99 02a58884o0827c -0.875000    True
58884.596741 20.207197      NaN   -8.0  10.0   c  0.0   1.01 210.89449 54.31167  5089.95  1981.52 2.44 2.20 -61.4 -0.403    19.85 21.98 02a58884o0833c -0.800000    8192
58884.605408 20.009244      NaN    6.0  10.0   c  0.0   0.89 210.89449 54.31167  5034.77  1905.11 2.47 2.26 -62.8 -0.402    19.81 21.98 02a58884o0851c  0.600000    True
58884.615927 20.207197      NaN   -3.0  10.0   c  0.0   1.09 210.89449 54.31167  5013.15  2023.90 2.43 2.26  52.4 -0.400    19.81 21.99 02a58884o0873c -0.300000    8192
58900.591861 20.207197      NaN  -12.0  10.0   c  0.0   1.84 210.89449 54.31167  7226.66  3485.27 2.54 2.48  70.5 -0.387    19.55 21.59 02a58900o0772c -1.200000   False
58900.593725 19.922338      NaN  -11.0  13.0   c  0.0   0.90 210.89449 54.31167  7248.66  3517.06 2.56 2.43 -67.8 -0.391    19.32 21.32 02a58900o0776c -0.846154   False
58900.597390 19.766969      NaN  -24.0  15.0   c  0.0   1.24 210.89449 54.31167  7190.67  3445.45 2.87 2.78 -67.6 -0.395    19.29 21.41 02a58900o0783c -1.600000   False
58900.608099 19.950541      NaN    2.0  12.0   c  0.0   1.17 210.89449 54.31167  3414.12  7019.08 2.76 2.65 -56.4 -0.386    19.52 21.66 02a58900o0803c  0.166667   False
58932.513609 19.979496      NaN    1.0  12.0   c  0.0   0.91 210.89449 54.31167  3643.42  8753.32 2.67 2.33 -51.9 -0.412    19.73 21.71 02a58932o0633c  0.083333   False
58932.516828 19.743105      NaN   10.0  12.0   c  0.0   0.95 210.89449 54.31167  3624.59  8713.92 2.70 2.37 -52.4 -0.412    19.70 21.70 02a58932o0640c  0.833333    True
58932.522331 20.207197      NaN   -3.0  10.0   c  0.0   1.74 210.89449 54.31167  3679.37  8789.66 2.66 2.29 -51.7 -0.416    19.71 21.69 02a58932o0652c -0.300000   False
58932.532128 19.922338      NaN   -7.0  13.0   c  0.0   1.16 210.89449 54.31167  3697.93  8672.48 2.64 2.33 -52.4 -0.413    19.72 21.67 02a58932o0673c -0.538462   False
58956.480280 19.894850      NaN    4.0  12.0   c  0.0   1.23 210.89449 54.31167   413.80  1404.33 2.72 2.33 -57.7 -0.410    19.70 21.69 02a58956o0530c  0.333333   False
58956.483493 19.950541      NaN    5.0  11.0   c  0.0   1.17 210.89449 54.31167   393.25  1365.47 2.74 2.36 -59.2 -0.412    19.68 21.70 02a58956o0537c  0.454545   False
58956.489223 20.009244      NaN   -8.0  12.0   c  0.0   1.12 210.89449 54.31167   453.05  1435.10 2.73 2.35 -57.9 -0.413    19.70 21.68 02a58956o0549c -0.666667   False
58956.499532 20.071303      NaN   10.0   8.0   c  0.0   2.27 210.89449 54.31167   473.00  1313.89 2.77 2.39 -59.4 -0.415    19.66 21.63 02a58956o0570c  1.250000   False
58960.425104 20.103715      NaN   -7.0  11.0   c  0.0   1.42 210.89449 54.31167 10173.97  9173.21 2.96 2.81  45.2 -0.373    19.66 21.55 02a58960o0416c -0.636364   False
58960.428590 20.207197      NaN    0.0  10.0   c  0.0   1.55 210.89449 54.31167   385.19  1369.14 2.56 2.33 -59.1 -0.412    19.70 21.56 02a58960o0423c  0.000000   False
58960.434799 19.979496      NaN    4.0  11.0   c  0.0   1.39 210.89449 54.31167   445.84  1439.74 2.48 2.33 -57.6 -0.416    19.72 21.56 02a58960o0436c  0.363636   False
58960.471580 20.321591      NaN   -2.0   9.0   c  0.0   1.38 210.89449 54.31167   471.33  1316.29 2.37 2.29  75.7 -0.420    19.72 21.63 02a58960o0459c -0.222222   False
58964.430982 19.212347      NaN   -3.0  25.0   c  0.0   1.05 210.89449 54.31167  7148.50  6913.03 2.52 2.47 -82.1 -0.404    18.74 20.40 02a58964o0427c -0.120000   False
58964.434180 18.649074      NaN  -65.0  42.0   c  0.0   0.85 210.89449 54.31167  7129.80  6873.45 2.54 2.51  85.4 -0.397    18.18 19.79 02a58964o0434c -1.547619   False
58964.440185 19.351140      NaN    6.0  20.0   c  0.0   1.21 210.89449 54.31167  7186.01  6952.93 2.64 2.59 -70.5 -0.392    19.01 20.86 02a58964o0447c  0.300000   False
58964.475522 20.103715      NaN   -4.0  11.0   c  0.0   0.99 210.89449 54.31167  7201.66  6837.59 2.63 2.56  42.4 -0.395    19.59 21.44 02a58964o0523c -0.363636    True
58984.385056 20.171596      NaN    1.0  10.0   c  0.0   1.51 210.89449 54.31167  1481.03  6788.31 2.37 2.24  11.5 -0.403    19.75 21.72 02a58984o0250c  0.100000   False
58984.388259 20.207197      NaN   -1.0  10.0   c  0.0   1.60 210.89449 54.31167  1462.69  6747.57 2.37 2.20 -51.0 -0.414    19.79 21.70 02a58984o0257c -0.100000   False
58984.393747 20.207197      NaN  -15.0  10.0   c  0.0   1.47 210.89449 54.31167  1520.46  6824.41 2.38 2.21 -48.2 -0.420    19.78 21.71 02a58984o0269c -1.500000   False
58984.404468 19.922338      NaN    9.0  10.0   c  0.0   1.14 210.89449 54.31167  1545.79  6706.75 2.37 2.20 -45.8 -0.416    19.79 21.73 02a58984o0290c  0.900000   False
58988.407142 20.321591      NaN   -5.0   9.0   c  0.0   1.47 210.89449 54.31167  6747.50  3124.75 2.59 2.29  35.4 -0.390    19.71 21.63 02a58988o0375c -0.555556   False
58988.410344 20.009244      NaN    6.0  10.0   c  0.0   1.37 210.89449 54.31167  6730.23  3086.11 2.44 2.34  35.0 -0.395    19.73 21.61 02a58988o0382c  0.600000   False
58988.415874 20.207197      NaN    0.0  10.0   c  0.0   1.37 210.89449 54.31167  6787.91  3162.75 2.44 2.31  38.4 -0.393    19.70 21.59 02a58988o0394c  0.000000   False
58988.427368 20.207197      NaN  -15.0  10.0   c  0.0   1.18 210.89449 54.31167  6812.47  3049.78 2.36 2.34  81.8 -0.396    19.72 21.59 02a58988o0419c -1.500000   False
58992.358373 19.696897      NaN   18.0  10.0   c  0.0   1.27 210.89449 54.31167  6753.88  3132.10 2.63 2.41  33.3 -0.389    19.73 21.75 02a58992o0269c  1.800000   False
58992.361575 20.039830      NaN    2.0  11.0   c  0.0   1.11 210.89449 54.31167  6733.96  3092.22 2.55 2.36  32.6 -0.393    19.72 21.74 02a58992o0276c  0.181818   False
58992.367526 20.321591      NaN   -5.0   9.0   c  0.0   1.34 210.89449 54.31167  6792.42  3169.86 2.59 2.40  31.5 -0.386    19.74 21.75 02a58992o0289c -0.555556   False
58992.401785 20.207197      NaN    0.0  10.0   c  0.0   1.24 210.89449 54.31167  6809.14  3050.80 2.64 2.38  29.0 -0.384    19.70 21.75 02a58992o0362c  0.000000   False
59011.354173 19.979496      NaN    1.0  12.0   c  0.0   1.01 210.89449 54.31167  9055.67  6888.32 3.00 2.95  57.3 -0.383    19.64 21.96 02a59011o0241c  0.083333    8192
59011.357398 19.894850      NaN    1.0  13.0   c  0.0   0.93 210.89449 54.31167  9034.15  6842.69 2.93 2.86  56.1 -0.384    19.67 21.95 02a59011o0248c  0.076923    8192
59011.363858 20.039830      NaN    2.0  11.0   c  0.0   1.34 210.89449 54.31167  9090.80  6923.83 2.94 2.91  49.3 -0.385    19.68 21.95 02a59011o0262c  0.181818    True
59011.384568 19.816329      NaN    4.0  13.0   c  0.0   1.21 210.89449 54.31167  9102.63  6805.25 3.91 3.56  31.1 -0.330    19.44 21.95 02a59011o0306c  0.307692    True
59015.333919 19.979496      NaN    1.0  12.0   c  0.0   0.93 210.89449 54.31167  9054.83  6882.83 2.65 2.57  58.4 -0.399    19.78 21.91 02a59015o0200c  0.083333    True
59015.337583 19.791368 0.271434   44.0  11.0   c  0.0   0.89 210.89449 54.31167  9036.03  6841.94 2.63 2.55  64.4 -0.398    19.79 21.90 02a59015o0208c  4.000000    True
59015.343104 20.171596      NaN    1.0  10.0   c  0.0   1.58 210.89449 54.31167  9089.79  6922.86 2.76 2.45  36.0 -0.391    19.78 21.90 02a59015o0220c  0.100000    True
59015.354141 20.103715      NaN  -15.0  11.0   c  0.0   0.97 210.89449 54.31167  9108.89  6808.26 2.69 2.60  68.3 -0.396    19.76 21.87 02a59015o0244c -1.363636    8192
59020.330908 19.696897      NaN   18.0  10.0   c  0.0   1.71 210.89449 54.31167  6583.58   982.62 2.45 2.32 -69.3 -0.404    19.50 21.38 02a59020o0132c  1.800000   False
59020.334109 20.594452      NaN   -5.0   7.0   c  0.0   2.73 210.89449 54.31167  6563.01   942.39 2.44 2.30 -64.0 -0.401    19.75 21.74 02a59020o0139c -0.714286   False
59020.341236 19.549093      NaN   16.0  13.0   c  0.0   0.87 210.89449 54.31167  6622.73  1023.29 2.54 2.42  87.9 -0.392    19.60 21.65 02a59020o0154c  1.230769   False
59020.352367 19.696897      NaN    0.0  16.0   c  0.0   0.96 210.89449 54.31167  6641.75   900.04 2.36 2.31 -83.3 -0.405    19.43 21.35 02a59020o0178c  0.000000   False
59040.285251 19.841877      NaN    6.0  12.0   c  0.0   1.11 210.89449 54.31167  8756.47  3096.28 2.87 2.73 -61.8 -0.377    19.58 21.62 02a59040o0091c  0.500000   False
59040.288469 19.510313      NaN   21.0  12.0   c  0.0   1.00 210.89449 54.31167  8736.75  3056.18 2.82 2.70 -57.7 -0.372    19.58 21.62 02a59040o0098c  1.750000   False
59040.295427 19.979496      NaN    4.0  11.0   c  0.0   1.22 210.89449 54.31167  8796.18  3133.81 2.74 2.65 -59.7 -0.379    19.70 21.65 02a59040o0113c  0.363636   False
59040.306084 19.922338      NaN    9.0  10.0   c  0.0   1.68 210.89449 54.31167  8817.54  3016.06 2.80 2.70  40.9 -0.379    19.65 21.66 02a59040o0136c  0.900000    True
59044.317072 20.009244      NaN    9.0   9.0   c  0.0   1.53 210.89449 54.31167   808.08  3025.67 2.48 2.27 -55.6 -0.400    19.71 21.76 02a59044o0158c  1.000000   False
59044.320832 19.979496      NaN   10.0   9.0   c  0.0   2.50 210.89449 54.31167   786.42  2985.62 2.53 2.34 -61.4 -0.402    19.68 21.77 02a59044o0166c  1.111111   False
59044.327714 20.103715      NaN   -3.0  11.0   c  0.0   1.03 210.89449 54.31167   848.99  3063.76 2.61 2.46 -60.6 -0.405    19.62 21.76 02a59044o0181c -0.272727    True
59044.337475 20.103715      NaN  -12.0  11.0   c  0.0   0.94 210.89449 54.31167   872.13  2943.38 2.75 2.44 -57.4 -0.397    19.60 21.71 02a59044o0202c -1.090909   False
59048.285981 19.816329      NaN   10.0  11.0   c  0.0   0.88 210.89449 54.31167   814.31  3030.03 2.56 2.35  34.0 -0.395    19.64 21.53 02a59048o0095c  0.909091   False
59048.290126 19.529530      NaN   20.0  12.0   c  0.0   1.28 210.89449 54.31167   793.54  2991.35 2.65 2.35  36.6 -0.389    19.44 21.30 02a59048o0104c  1.666667   False
59048.296595 19.589310      NaN   20.0  11.0   c  0.0   1.36 210.89449 54.31167   852.52  3064.78 2.56 2.32  35.8 -0.393    19.57 21.51 02a59048o0118c  1.818182   False
59048.308077 20.137125      NaN    8.0   8.0   c  0.0   1.74 210.89449 54.31167   876.35  2945.25 2.36 2.33  17.6 -0.406    19.68 21.65 02a59048o0143c  1.000000   False
59108.240914 19.922338      NaN  -13.0  13.0   c  0.0   1.32 210.89449 54.31167  4773.91  3200.35 2.37 2.34  60.4 -0.401    19.32 20.86 02a59108o0046c -1.000000    True
59108.246004 19.841877      NaN  -17.0  14.0   c  0.0   1.72 210.89449 54.31167  4753.60  3173.44 2.56 2.40  37.4 -0.391    19.27 20.84 02a59108o0057c -1.214286   False
59108.250126 19.922338      NaN   -6.0  13.0   c  0.0   1.39 210.89449 54.31167  4813.18  3244.72 2.42 2.39  50.9 -0.395    19.30 20.84 02a59108o0066c -0.461538   False
59108.260706 19.766969      NaN   -7.0  15.0   c  0.0   1.42 210.89449 54.31167  4832.64  3134.62 2.62 2.44 -52.1 -0.395    19.22 20.80 02a59108o0089c -0.466667   False
59206.608827 20.171596      NaN    1.0  10.0   c  0.0   1.15 210.89449 54.31167  4785.24  3187.88 2.53 2.47 -30.8 -0.370    19.71 21.84 01a59206o0880c  0.100000   False
59206.612058 19.719755      NaN   11.0  12.0   c  0.0   0.86 210.89449 54.31167  4763.30  3152.98 2.57 2.51 -32.4 -0.367    19.69 21.85 01a59206o0887c  0.916667   False
59206.617585 19.631075      NaN   15.0  12.0   c  0.0   1.10 210.89449 54.31167  4824.46  3229.41 2.73 2.64  -8.0 -0.359    19.62 21.85 01a59206o0899c  1.250000   False
59206.631405 20.103715      NaN   -8.0  11.0   c  0.0   1.10 210.89449 54.31167  4842.85  3117.56 2.77 2.58  21.5 -0.358    19.63 21.85 01a59206o0929c -0.727273   False
59208.639885 20.207197      NaN  -20.0  10.0   c  0.0   1.34 210.89449 54.31167  8779.36  1657.81 2.61 2.33 -54.3 -0.407    19.68 21.64 02a59208o0962c -2.000000   False
59208.650450 19.696897      NaN   18.0  10.0   c  0.0   1.64 210.89449 54.31167  8799.73  1696.79 2.61 2.34 -53.9 -0.404    19.70 21.65 02a59208o0985c  1.800000   False
59208.655955 19.894850      NaN   10.0  10.0   c  0.0   1.14 210.89449 54.31167  8745.17  1623.48 2.58 2.31 -55.4 -0.401    19.67 21.61 02a59208o0997c  1.000000   False
59208.664725 19.841877      NaN  -23.0  14.0   c  0.0   1.09 210.89449 54.31167  8726.88  1744.18 2.57 2.34 -56.6 -0.404    19.41 20.84 02a59208o1016c -1.642857   False
59228.630646 20.207197      NaN   -3.0  10.0   c  0.0   1.42 210.89449 54.31167  7477.70  5595.59 2.68 2.51  50.1 -0.390    19.74 21.88 02a59228o0867c -0.300000   False
59228.633851 20.244005      NaN    2.0   9.0   c  0.0   1.60 210.89449 54.31167  7497.91  5633.90 2.71 2.51  48.6 -0.388    19.72 21.88 02a59228o0874c  0.222222   False
59228.650265 20.207197      NaN   -3.0  10.0   c  0.0   1.30 210.89449 54.31167  7445.78  5560.15 2.70 2.49  48.0 -0.390    19.76 21.90 02a59228o0909c -0.300000   False
59228.658974 19.922338      NaN    6.0  11.0   c  0.0   1.30 210.89449 54.31167  7426.56  5677.32 2.69 2.45  45.7 -0.393    19.80 21.83 02a59228o0928c  0.545455   False
59230.596813 20.207197      NaN  -21.0  10.0   c  0.0   1.38 210.89449 54.31167  3664.77  8725.30 2.94 2.60 -76.6 -0.397    19.72 22.31 01a59230o0856c -2.100000   False
59230.600047 20.137125      NaN    2.0  10.0   c  0.0   1.20 210.89449 54.31167  3645.43  8687.66 2.90 2.59 -77.2 -0.395    19.77 22.33 01a59230o0863c  0.200000   False
59230.605590 20.207197      NaN   -2.0  10.0   c  0.0   1.17 210.89449 54.31167  3703.68  8761.03 2.80 2.62 -83.6 -0.389    19.76 22.34 01a59230o0875c -0.200000   False
59230.615358 20.321591      NaN  -20.0   9.0   c  0.0   1.28 210.89449 54.31167  3722.12  8645.21 2.75 2.58 -81.0 -0.393    19.78 22.39 01a59230o0896c -2.222222   False
59238.585766 20.449472      NaN  -13.0   8.0   c  0.0   1.61 210.89449 54.31167  1152.80  5142.76 2.29 2.19 -63.8 -0.397    19.95 22.17 01a59238o0765c -1.625000   False
59238.588065 20.009244      NaN    6.0  10.0   c  0.0   1.65 210.89449 54.31167  1132.71  5105.61 2.37 2.29 -67.1 -0.389    19.94 22.16 01a59238o0770c  0.600000    True
59238.590826 20.449472      NaN  -14.0   8.0   c  0.0   1.63 210.89449 54.31167  1191.60  5182.63 2.39 2.33 -75.4 -0.385    19.95 22.18 01a59238o0776c -1.750000   False
59238.595897 20.321591      NaN  -13.0   9.0   c  0.0   1.40 210.89449 54.31167  1210.65  5064.62 2.46 2.42 -78.9 -0.383    19.88 22.19 01a59238o0787c -1.444444   False
59254.582395 19.922338      NaN  -17.0  13.0   c  0.0   0.98 210.89449 54.31167   397.62  1409.20 2.77 2.47  45.0 -0.393    19.64 22.07 01a59254o0809c -1.307692   False
59254.584237 19.529530      NaN   17.0  13.0   c  0.0   1.31 210.89449 54.31167   369.76  1374.69 2.60 2.34  67.1 -0.430    19.62 22.01 01a59254o0813c  1.307692   False
59254.587068 19.841877      NaN  -16.0  14.0   c  0.0   2.33 210.89449 54.31167   436.70  1447.29 2.52 2.31  65.9 -0.427    19.24 21.52 01a59254o0819c -1.142857   False
59254.593104 20.495680      NaN    2.0   7.0   c  0.0   2.72 210.89449 54.31167   453.88  1329.59 2.50 2.28  67.5 -0.427    19.76 22.16 01a59254o0832c  0.285714   False
59256.529166 20.321591      NaN   -4.0   9.0   c  0.0   1.48 210.89449 54.31167  5315.60  3589.28 2.50 2.34  47.3 -0.402    19.79 21.98 02a59256o0695c -0.444444   False
59256.532384 20.071303      NaN    7.0   9.0   c  0.0   1.27 210.89449 54.31167  5334.89  3628.75 2.63 2.39  45.7 -0.397    19.76 21.98 02a59256o0702c  0.777778   False
59256.537897 20.207197      NaN  -21.0  10.0   c  0.0   1.64 210.89449 54.31167  5278.45  3551.74 2.56 2.33  43.2 -0.401    19.81 21.97 02a59256o0714c -2.100000    True
59256.543014 20.207197      NaN   -8.0  10.0   c  0.0   0.87 210.89449 54.31167  5260.11  3667.33 2.62 2.40  46.2 -0.397    19.76 21.98 02a59256o0725c -0.800000   False
59258.571978 20.321591      NaN   -7.0   9.0   c  0.0   1.80 210.89449 54.31167  7162.53  6882.35 2.55 2.52  65.9 -0.368    19.75 22.04 01a59258o0790c -0.777778   False
59258.573832 20.207197      NaN   -6.0  10.0   c  0.0   1.47 210.89449 54.31167  7147.19  6840.13 2.73 2.59  43.8 -0.356    19.73 22.03 01a59258o0794c -0.600000   False
59258.576596 19.816329      NaN   13.0  10.0   c  0.0   1.19 210.89449 54.31167  7202.74  6920.11 2.70 2.64  62.5 -0.366    19.74 22.04 01a59258o0800c  1.300000   False
59258.582589 20.321591      NaN  -14.0   9.0   c  0.0   1.73 210.89449 54.31167  7219.97  6805.63 2.52 2.48  78.8 -0.375    19.80 22.04 01a59258o0813c -1.555556   False
59262.501830 20.321591      NaN   -4.0   9.0   c  0.0   1.17 210.89449 54.31167  7160.07  6882.67 2.40 2.25 -88.6 -0.395    19.77 21.77 01a59262o0623c -0.444444   False
59262.504607 20.449472      NaN   -7.0   8.0   c  0.0   1.57 210.89449 54.31167  7141.30  6842.95 2.40 2.28 -87.7 -0.390    19.78 21.82 01a59262o0629c -0.875000   False
59262.508306 19.868040      NaN    8.0  11.0   c  0.0   1.02 210.89449 54.31167  7199.69  6920.21 2.46 2.36  83.2 -0.379    19.75 21.86 01a59262o0637c  0.727273   False
59262.514297 20.321591      NaN   -5.0   9.0   c  0.0   1.06 210.89449 54.31167  7217.96  6804.08 2.49 2.41  85.7 -0.374    19.77 21.85 01a59262o0650c -0.555556   False
59288.544037 20.207197      NaN   -6.0  10.0   c  0.0   1.09 210.89449 54.31167  5500.48  8630.01 2.43 2.34  52.5 -0.408    19.81 21.80 02a59288o0704c -0.600000   False
59288.579411 19.743105      NaN   16.0  10.0   c  0.0   1.35 210.89449 54.31167  5477.95  8589.38 2.56 2.32  34.2 -0.396    19.77 21.76 02a59288o0780c  1.600000   False
59288.607793 19.609992      NaN    1.0  17.0   c  0.0   1.38 210.89449 54.31167  5529.05  8663.21 2.61 2.36  33.4 -0.390    18.70 20.56 02a59288o0841c  0.058824   False
59288.632589 20.207197      NaN  -10.0  10.0   c  0.0   1.49 210.89449 54.31167  5543.99  8543.33 2.78 2.35  41.1 -0.386    19.67 21.69 02a59288o0894c -1.000000    True
59292.459472 20.009244      NaN    3.0  11.0   c  0.0   0.81 210.89449 54.31167  1692.07  5347.58 2.49 2.30  55.9 -0.413    19.75 21.80 02a59292o0510c  0.272727   False
59292.462673 20.207197      NaN  -13.0  10.0   c  0.0   1.55 210.89449 54.31167  1715.24  5387.21 2.46 2.31  60.7 -0.409    19.74 21.78 02a59292o0517c -1.300000   False
59292.466844 20.137125      NaN    5.0   9.0   c  0.0   1.16 210.89449 54.31167  1654.64  5307.87 2.59 2.36  48.1 -0.402    19.72 21.79 02a59292o0526c  0.555556   False
59292.473270 20.103715      NaN    3.0  10.0   c  0.0   1.15 210.89449 54.31167  1636.34  5423.09 2.52 2.31  48.3 -0.405    19.74 21.81 02a59292o0540c  0.300000   False
59292.649611 19.841877      NaN  -18.0  14.0   c  0.0   1.71 210.89449 54.31167  8903.88  5197.43 2.51 2.32  36.4 -0.396    19.18 20.41 02a59292o0918c -1.285714   False
59310.449546 19.841877      NaN   15.0   9.0   c  0.0   1.51 210.89449 54.31167  9063.24  6852.75 2.61 2.41  87.5 -0.400    20.01 21.98 01a59310o0425c  1.666667   False
59310.451851 20.071303      NaN   10.0   8.0   c  0.0   1.67 210.89449 54.31167  9043.80  6813.23 2.59 2.43 -85.2 -0.392    20.03 21.99 01a59310o0430c  1.250000   False
59310.455624 20.207197      NaN    6.0   8.0   c  0.0   1.55 210.89449 54.31167  9105.75  6890.19 2.54 2.42  87.3 -0.394    20.01 21.99 01a59310o0438c  0.750000   False
59310.464868 20.282105      NaN    4.0   8.0   c  0.0   1.26 210.89449 54.31167  9122.00  6774.31 2.62 2.55 -83.7 -0.385    19.96 22.08 01a59310o0457c  0.500000    True
59314.443833 20.103715      NaN   15.0   6.0   c  0.0   2.67 210.89449 54.31167  6555.92   967.58 2.46 2.29   5.7 -0.392    19.96 21.85 01a59314o0481c  2.500000   False
59314.445680 20.321591      NaN   -2.0   9.0   c  0.0   1.60 210.89449 54.31167  6536.70   928.37 2.67 2.39  -6.3 -0.369    19.94 21.88 01a59314o0485c -0.222222   False
59314.448467 20.244005      NaN    2.0   9.0   c  0.0   1.09 210.89449 54.31167  6598.40  1007.33 2.62 2.37  -2.4 -0.372    19.95 21.87 01a59314o0491c  0.222222   False
59314.453560 20.449472 0.361912   24.0   8.0   c  0.0   1.05 210.89449 54.31167  6613.36   894.19 2.40 2.20 -19.0 -0.396    19.97 21.86 01a59314o0502c  3.000000   False
59318.482085 19.950541      NaN   14.0   8.0   c  0.0   1.78 210.89449 54.31167  4023.62  9617.55 2.42 2.28 -41.3 -0.387    19.76 21.52 01a59318o0559c  1.750000   False
59318.517343 20.449472      NaN   -5.0   8.0   c  0.0   1.36 210.89449 54.31167  4050.79  9651.31 2.29 2.10 -51.5 -0.389    19.89 21.56 01a59318o0635c -0.625000   False
59318.520566 20.071303      NaN   10.0   8.0   c  0.0   1.36 210.89449 54.31167  3991.30  9573.52 2.28 2.07 -45.2 -0.388    19.89 21.57 01a59318o0642c  1.250000   False
59318.543605 20.321591      NaN   -3.0   9.0   c  0.0   1.46 210.89449 54.31167  3977.13  9687.31 2.28 2.10 -53.5 -0.387    19.86 21.46 01a59318o0691c -0.333333   False
59322.408613 20.449472      NaN  -15.0   8.0   c  0.0   1.78 210.89449 54.31167  3090.48  4982.40 2.30 2.21 -82.0 -0.395    19.96 21.79 01a59322o0383c -1.875000   False
59322.410910 20.244005      NaN    2.0   9.0   c  0.0   0.91 210.89449 54.31167  3070.64  4944.14 2.29 2.17 -84.0 -0.398    19.97 21.80 01a59322o0388c  0.222222    True
59322.414135 19.950541      NaN   14.0   8.0   c  0.0   1.42 210.89449 54.31167  3128.27  5019.73 2.24 2.12 -74.6 -0.401    19.99 21.81 01a59322o0395c  1.750000    4096
59322.419674 20.449472      NaN  -11.0   8.0   c  0.0   1.10 210.89449 54.31167  3146.71  4904.57 2.33 2.19 -67.0 -0.399    19.92 21.79 01a59322o0407c -1.375000   False
59344.419514 19.766969      NaN   15.0  10.0   c  0.0   1.07 210.89449 54.31167  1141.82  5158.25 2.36 2.24 -41.0 -0.422    19.73 21.69 02a59344o0385c  1.500000   False
59344.423635 20.103715      NaN  -10.0  11.0   c  0.0   1.52 210.89449 54.31167  1122.27  5119.54 2.39 2.26 -41.2 -0.419    19.71 21.70 02a59344o0394c -0.909091   False
59344.429702 20.207197      NaN   -1.0  10.0   c  0.0   1.25 210.89449 54.31167  1182.74  5193.09 2.40 2.26 -46.3 -0.423    19.71 21.72 02a59344o0407c -0.100000   False
59344.462022 19.922338      NaN    6.0  11.0   c  0.0   0.96 210.89449 54.31167  1200.91  5070.36 2.33 2.28 -17.1 -0.419    19.69 21.62 02a59344o0474c  0.545455   False
59370.364702 20.207197      NaN   -8.0  10.0   c  0.0   1.00 210.89449 54.31167  1969.70  9681.28 2.28 2.04 -63.1 -0.403    19.99 22.07 01a59370o0279c -0.800000   False
59370.367930 20.171596      NaN    1.0  10.0   c  0.0   1.21 210.89449 54.31167  1991.11  9720.45 2.32 2.08 -64.6 -0.403    20.00 22.06 01a59370o0286c  0.100000   False
59370.374378 20.449472      NaN  -22.0   8.0   c  0.0   1.17 210.89449 54.31167  1928.96  9640.34 2.25 1.99 -65.1 -0.406    20.01 22.04 01a59370o0300c -2.750000   False
59370.408119 19.894850      NaN   10.0  10.0   c  0.0   1.08 210.89449 54.31167  1913.50  9753.72 2.38 2.12 -61.7 -0.408    19.96 22.00 01a59370o0367c  1.000000    True
59374.345057 20.449472      NaN  -18.0   8.0   c  0.0   1.35 210.89449 54.31167  1970.93  9684.17 2.45 2.21 -61.4 -0.393    19.98 22.03 01a59374o0234c -2.250000   False
59374.348286 19.894850      NaN   13.0   9.0   c  0.0   1.51 210.89449 54.31167  1992.29  9722.38 2.30 2.10 -65.3 -0.402    19.98 22.02 01a59374o0241c  1.444444   False
59374.353832 20.321591      NaN   -7.0   9.0   c  0.0   1.16 210.89449 54.31167  1933.76  9644.10 2.31 2.10 -54.0 -0.390    19.99 22.02 01a59374o0253c -0.777778   False
59374.364434 20.071303      NaN    7.0   9.0   c  0.0   0.98 210.89449 54.31167  1913.29  9759.19 2.39 2.11 -62.2 -0.402    19.97 22.04 01a59374o0276c  0.777778   False
59378.326788 20.171596      NaN    4.0   9.0   c  0.0   1.63 210.89449 54.31167  4995.81  1948.03 2.15 2.08  53.4 -0.401    19.98 21.72 01a59378o0193c  0.444444   False
59378.330008 20.449472      NaN   -7.0   8.0   c  0.0   1.32 210.89449 54.31167  5016.70  1988.51 2.17 2.12  32.2 -0.400    19.93 21.73 01a59378o0200c -0.875000   False
59378.335546 20.207197      NaN    0.0  10.0   c  0.0   1.09 210.89449 54.31167  4960.72  1910.21 2.21 2.11  20.2 -0.398    19.97 21.75 01a59378o0212c  0.000000   False
59378.348438 20.594452      NaN   -8.0   7.0   c  0.0   2.15 210.89449 54.31167  4946.11  2025.42 2.23 2.15  11.5 -0.392    19.97 21.87 01a59378o0240c -1.142857   False
59404.284177 20.103715      NaN  -11.0  11.0   c  0.0   2.05 210.89449 54.31167  1771.32  8906.69 2.62 1.98 -48.8 -0.448    19.74 21.54 02a59404o0088c -1.000000   False
59404.287411 20.207197      NaN  -18.0  10.0   c  0.0   1.31 210.89449 54.31167  1751.41  8867.88 2.67 2.01 -50.2 -0.439    19.73 21.54 02a59404o0095c -1.800000   False
59404.292910 20.039830      NaN    2.0  11.0   c  0.0   1.43 210.89449 54.31167  1805.82  8940.58 2.61 2.08 -50.9 -0.431    19.70 21.51 02a59404o0107c  0.181818   False
59404.302990 19.922338      NaN  -23.0  13.0   c  0.0   1.03 210.89449 54.31167  1825.91  8821.50 2.67 2.07 -50.0 -0.436    19.66 21.51 02a59404o0129c -1.769231   False
59408.274563 19.766969      NaN    6.0  13.0   c  0.0   1.20 210.89449 54.31167  1773.85  8905.86 2.59 2.03 -48.7 -0.439    19.66 21.40 02a59408o0068c  0.461538    True
59408.277767 20.207197      NaN  -20.0  10.0   c  0.0   1.62 210.89449 54.31167  1752.52  8866.69 2.61 2.16 -52.0 -0.422    19.64 21.42 02a59408o0075c -2.000000   False
59408.283262 19.719755      NaN   14.0  11.0   c  0.0   1.24 210.89449 54.31167  1807.51  8941.66 2.58 2.16 -51.2 -0.429    19.62 21.42 02a59408o0087c  1.272727   False
59408.295675 19.922338      NaN    3.0  12.0   c  0.0   1.19 210.89449 54.31167  1829.24  8820.91 2.52 2.08 -47.9 -0.434    19.67 21.47 02a59408o0114c  0.250000   False
59426.249901 20.009244      NaN   -7.0  12.0   c  0.0   1.22 210.89449 54.31167  6860.04  1792.44 2.36 2.16 -72.9 -0.407    19.54 20.73 01a59426o0032c -0.583333   False
59426.253177 20.207197      NaN  -14.0  10.0   c  0.0   0.86 210.89449 54.31167  6879.07  1832.43 2.40 2.20 -74.6 -0.404    19.71 21.20 01a59426o0039c -1.400000   False
59426.258716 20.207197      NaN  -12.0  10.0   c  0.0   1.21 210.89449 54.31167  6824.79  1757.32 2.29 2.16 -72.8 -0.405    19.86 21.60 01a59426o0051c -1.200000   False
59426.272762 20.207197      NaN  -13.0  10.0   c  0.0   1.21 210.89449 54.31167  6808.67  1874.89 2.30 2.17 -75.1 -0.407    19.88 21.67 01a59426o0081c -1.300000   False
59430.242183 19.128787      NaN   12.0  23.0   c  0.0   1.48 210.89449 54.31167  6860.20  1797.09 2.30 2.17 -36.2 -0.389    18.64 19.07 01a59430o0020c  0.521739   False
59430.244954 19.569016      NaN    0.0  18.0   c  0.0   1.24 210.89449 54.31167  6880.37  1833.60 2.29 2.14 -75.5 -0.400    19.10 19.81 01a59430o0026c  0.000000   False
59430.250541 20.009244      NaN  -17.0  12.0   c  0.0   0.90 210.89449 54.31167  6828.97  1759.60 2.31 2.15 -75.3 -0.398    19.66 20.96 01a59430o0038c -1.416667   False
59430.260749 19.979496      NaN    7.0  10.0   c  0.0   1.03 210.89449 54.31167  6810.67  1874.59 2.35 2.19 -80.2 -0.402    19.86 21.60 01a59430o0060c  0.700000   False
59434.246925 19.510313      NaN   12.0  15.0   c  0.0   1.29 210.89449 54.31167  9406.11  5352.54 2.85 2.42 -84.2 -0.365    19.33 20.53 01a59434o0034c  0.800000   False
59434.250609 20.009244      NaN  -19.0  12.0   c  0.0   1.25 210.89449 54.31167  9426.42  5387.67 2.84 2.40 -87.2 -0.376    19.54 21.12 01a59434o0042c -1.583333    True
59434.256155 20.009244      NaN   -7.0  12.0   c  0.0   1.19 210.89449 54.31167  9367.88  5317.53 2.78 2.39 -81.9 -0.380    19.71 21.52 01a59434o0054c -0.583333   False
59434.267220 20.103715      NaN   -4.0  11.0   c  0.0   1.43 210.89449 54.31167  9351.34  5436.61 2.50 2.22 -79.5 -0.399    19.85 21.64 01a59434o0078c -0.363636   False
59588.641428 20.009244      NaN  -20.0  12.0   c  0.0   1.24 210.89449 54.31167  3816.41  7450.59 2.64 2.40  46.7 -0.398    19.65 21.81 02a59588o0978c -1.666667   False
59588.646929 20.009244      NaN   -6.0  12.0   c  0.0   1.09 210.89449 54.31167  3837.27  7489.01 2.57 2.39  44.6 -0.407    19.61 21.81 02a59588o0990c -0.500000   False
59588.658083 20.137125      NaN    2.0  10.0   c  0.0   1.42 210.89449 54.31167  3777.42  7409.74 2.56 2.35  45.7 -0.405    19.61 21.75 02a59588o1014c  0.200000   False
59588.665789 19.922338      NaN  -24.0  13.0   c  0.0   1.29 210.89449 54.31167  3754.00  7529.28 2.65 2.37  46.6 -0.397    19.46 21.22 02a59588o1030c -1.846154   False
59615.558656 20.009244      NaN   -5.0  12.0   c  0.0   0.89 210.89449 54.31167  1504.48  3706.08 2.42 2.36  62.5 -0.422    19.60 21.48 02a59615o0775c -0.416667   False
59615.561412 19.816329      NaN   10.0  11.0   c  0.0   1.28 210.89449 54.31167  1524.16  3745.13 2.41 2.34  54.9 -0.425    19.61 21.49 02a59615o0781c  0.909091   False
59615.564167 20.171596      NaN    1.0  10.0   c  0.0   1.37 210.89449 54.31167  1465.68  3665.33 2.53 2.37  44.3 -0.418    19.59 21.49 02a59615o0787c  0.100000   False
59615.571520 20.009244      NaN    0.0  12.0   c  0.0   0.80 210.89449 54.31167  1448.28  3780.32 2.44 2.37  59.1 -0.421    19.60 21.51 02a59615o0803c  0.000000   False
59619.586609 19.841877      NaN    6.0  12.0   c  0.0   1.18 210.89449 54.31167  4003.11  9602.24 2.54 2.48  49.6 -0.407    19.67 21.67 02a59619o0807c  0.500000    True
59619.588435 20.009244      NaN   -3.0  12.0   c  0.0   1.30 210.89449 54.31167  4023.06  9641.78 2.56 2.47  50.3 -0.406    19.66 21.67 02a59619o0811c -0.250000   False
59619.592559 19.868040      NaN    2.0  13.0   c  0.0   1.07 210.89449 54.31167  3960.72  9562.71 2.63 2.44  46.5 -0.397    19.63 21.67 02a59619o0820c  0.153846   False
59619.610269 19.318728      NaN   20.0  16.0   c  0.0   0.82 210.89449 54.31167  3939.46  9680.19 2.65 2.46  42.7 -0.396    19.65 21.62 02a59619o0858c  1.250000   False
59639.510262 19.652575      NaN   20.0  10.0   c  0.0   1.62 210.89449 54.31167  1815.88  7504.75 2.33 2.28  63.5 -0.429    19.73 21.72 02a59639o0653c  2.000000   False
59639.513468 20.321591      NaN   -4.0   9.0   c  0.0   2.36 210.89449 54.31167  1835.90  7544.95 2.44 2.32  41.7 -0.417    19.69 21.70 02a59639o0660c -0.444444   False
59639.516215 19.922338      NaN    9.0  10.0   c  0.0   1.32 210.89449 54.31167  1776.41  7463.86 2.32 2.27  61.9 -0.433    19.71 21.71 02a59639o0666c  0.900000   False
59639.522156 20.207197      NaN  -10.0  10.0   c  0.0   1.25 210.89449 54.31167  1756.37  7579.77 2.35 2.31  72.1 -0.430    19.72 21.72 02a59639o0679c -1.000000   False
59643.579606 19.766969      NaN  -23.0  15.0   c  0.0   1.07 210.89449 54.31167   818.75  3015.06 2.23 2.10   6.6 -0.449    19.23 21.76 02a59643o0746c -1.533333   False
59643.582534 19.696897      NaN    9.0  13.0   c  0.0   1.62 210.89449 54.31167   797.11  2974.53 2.24 2.12   2.2 -0.448    19.21 21.75 02a59643o0752c  0.692308   False
59643.617736 19.841877      NaN  -14.0  14.0   c  0.0   1.13 210.89449 54.31167   855.52  3048.03 2.33 2.09  30.1 -0.440    19.25 21.72 02a59643o0823c -1.000000   False
59643.623182 19.510313      NaN   12.0  15.0   c  0.0   1.19 210.89449 54.31167   876.61  2926.20 2.25 2.12   8.6 -0.448    19.22 21.71 02a59643o0834c  0.800000   False
59647.511394 19.226921      NaN   14.0  20.0   c  0.0   1.22 210.89449 54.31167  9768.95  7556.21 2.70 2.33  86.6 -0.448    18.96 21.75 02a59647o0432c  0.700000    8192
59647.514333 19.510313      NaN  -43.0  19.0   c  0.0   1.04 210.89449 54.31167  9790.10  7593.52 2.73 2.33  79.9 -0.441    18.94 21.77 02a59647o0438c -2.263158    True
59647.519354 18.084160      NaN   53.0  53.0   c  0.0   1.31 210.89449 54.31167  9731.04  7520.85 2.65 2.37  79.9 -0.450    17.72 20.47 02a59647o0448c  1.000000    True
59647.539712 19.454622      NaN  -15.0  20.0   c  0.0   1.30 210.89449 54.31167  9715.83  7640.94 2.89 2.56  68.1 -0.421    18.89 21.75 02a59647o0488c -0.750000    8192
59671.401837 19.841877      NaN   -2.0  14.0   c  0.0   1.14 210.89449 54.31167  3591.82  5822.95 2.72 2.52  41.0 -0.395    19.49 21.62 02a59671o0314c -0.142857    8192
59671.428617 19.652575      NaN    5.0  15.0   c  0.0   1.29 210.89449 54.31167  3625.78  5860.27 2.79 2.53  42.6 -0.393    19.53 21.63 02a59671o0371c  0.333333    8192
59671.431827 19.922338      NaN  -37.0  13.0   c  0.0   1.22 210.89449 54.31167  3567.85  5785.92 2.92 2.59  44.1 -0.384    19.45 21.63 02a59671o0378c -2.846154    True
59671.437311 19.549093      NaN    4.0  17.0   c  0.0   0.85 210.89449 54.31167  3548.16  5902.70 2.95 2.56  40.6 -0.386    19.42 21.63 02a59671o0390c  0.235294    True
59675.445368 16.457979      NaN  255.0 231.0   c  0.0   1.33 210.89449 54.31167  1912.33  9626.97 2.52 2.40  40.6 -0.389    16.29 18.27 02a59675o0501c  1.103896 8388609
59675.451766 18.431198      NaN   13.0  47.0   c  0.0   0.89 210.89449 54.31167  1891.99  9743.00 2.40 2.35  27.9 -0.458    18.45 20.52 02a59675o0515c  0.276596 8388609
59679.432660 19.212347      NaN   15.0  20.0   c  0.0   1.53 210.89449 54.31167  1948.65  9666.76 2.53 2.39  41.3 -0.437    18.97 20.69 02a59679o0440c  0.750000    True
59679.438161 19.002397      NaN   22.0  23.0   c  0.0   1.15 210.89449 54.31167  1969.12  9704.93 2.48 2.38  33.1 -0.441    18.97 20.71 02a59679o0452c  0.956522   False
59679.439989 19.302877      NaN   -4.0  23.0   c  0.0   1.00 210.89449 54.31167  1908.12  9624.81 2.48 2.36  33.0 -0.450    18.99 20.72 02a59679o0456c -0.173913   False
59679.445014 19.256669      NaN  -15.0  24.0   c  0.0   0.87 210.89449 54.31167  1886.12  9742.49 2.48 2.41  30.5 -0.443    19.00 20.75 02a59679o0467c -0.625000   False
59695.447397 19.719755      NaN   11.0  12.0   c  0.0   1.26 210.89449 54.31167  8887.07  5221.97 2.73 2.49  32.2 -0.401    19.49 21.38 02a59695o0478c  0.916667   False
59695.450623 19.766969      NaN   -8.0  15.0   c  0.0   0.78 210.89449 54.31167  8867.60  5181.64 2.66 2.39  33.1 -0.403    19.51 21.38 02a59695o0485c -0.533333   False
59695.485942 19.922338      NaN  -20.0  13.0   c  0.0   1.57 210.89449 54.31167  8917.62  5261.03 2.75 2.44  30.0 -0.390    19.47 21.34 02a59695o0561c -1.538462   False
59695.514381 19.510313      NaN   12.0  15.0   c  0.0   1.78 210.89449 54.31167  8934.67  5145.51 2.76 2.40  28.3 -0.395    19.02 20.86 02a59695o0622c  0.800000    True
59699.416003 16.138782      NaN -540.0 424.0   c  0.0   1.37 210.89449 54.31167  3361.22  7099.73 2.65 2.33  24.7 -0.397    15.53 16.82 02a59699o0410c -1.273585    True
59699.419220 18.186107      NaN   82.0  37.0   c  0.0   1.17 210.89449 54.31167  3344.06  7064.36 2.59 2.33  26.4 -0.397    18.25 19.68 02a59699o0417c  2.216216    True
59699.424739 17.623637      NaN   42.0  94.0   c  0.0   0.89 210.89449 54.31167  3400.00  7138.32 2.64 2.33  24.4 -0.400    17.23 18.61 02a59699o0429c  0.446809    True
59699.459844 19.401649      NaN  -32.0  21.0   c  0.0   1.14 210.89449 54.31167  3405.66  7019.30 2.59 2.25  27.4 -0.395    18.82 20.34 02a59699o0505c -1.523810    8192
59723.379391 19.868040      NaN   11.0  10.0   c  0.0   1.71 210.89449 54.31167  5040.91  4859.07 2.69 2.33  28.8 -0.399    19.57 21.29 02a59723o0312c  1.100000   False
59723.382603 19.922338      NaN  -14.0  13.0   c  0.0   1.20 210.89449 54.31167  5018.14  4817.88 2.96 2.46  29.7 -0.389    19.52 21.28 02a59723o0319c -1.076923   False
59723.388089 20.009244      NaN   -6.0  12.0   c  0.0   1.21 210.89449 54.31167  5079.09  4896.17 2.69 2.30  28.5 -0.402    19.58 21.25 02a59723o0331c -0.500000   False
59723.400898 19.631075      NaN   15.0  12.0   c  0.0   1.11 210.89449 54.31167  5097.73  4782.05 2.76 2.37  26.9 -0.397    19.55 21.26 02a59723o0359c  1.250000   False
59727.350487 18.226218      NaN  -52.0  62.0   c  0.0   1.39 210.89449 54.31167  5045.45  4865.20 2.68 2.28  31.1 -0.398    17.52 18.91 02a59727o0248c -0.838710   False
59727.353687 19.256669      NaN  -19.0  24.0   c  0.0   1.42 210.89449 54.31167  5025.83  4825.83 2.65 2.25  29.9 -0.401    18.58 20.08 02a59727o0255c -0.791667   False
59727.360089 18.396507      NaN  -86.0  53.0   c  0.0   1.65 210.89449 54.31167  5083.74  4901.42 2.64 2.25  30.7 -0.403    17.59 18.92 02a59727o0269c -1.622642   False
59727.371522 18.806434      NaN    4.0  35.0   c  0.0   1.85 210.89449 54.31167  5104.50  4784.08 2.81 2.30  31.3 -0.389    18.00 19.43 02a59727o0294c  0.114286   False
59731.393020 20.009244      NaN  -34.0  12.0   c  0.0   1.34 210.89449 54.31167  3632.28  8746.78 2.74 2.67  34.9 -0.390    19.54 21.53 02a59731o0172c -2.833333    True
59731.398541 19.922338      NaN  -18.0  13.0   c  0.0   1.24 210.89449 54.31167  3612.23  8707.62 2.84 2.66  42.2 -0.386    19.56 21.51 02a59731o0184c -1.384615   False
59731.401810 19.841877      NaN   -8.0  14.0   c  0.0   1.06 210.89449 54.31167  3668.84  8784.58 2.61 2.58  46.4 -0.392    19.59 21.52 02a59731o0191c -0.571429   False
59731.414645 19.894850      NaN    1.0  13.0   c  0.0   1.29 210.89449 54.31167  3686.37  8663.86 2.71 2.54  25.3 -0.395    19.57 21.46 02a59731o0219c  0.076923   False
59751.314809 20.207197      NaN    0.0  10.0   c  0.0   1.99 210.89449 54.31167  4540.76  1078.38 2.41 2.29  79.0 -0.428    19.65 21.48 02a59751o0156c  0.000000   False
59751.318028 19.743105      NaN   16.0  10.0   c  0.0   1.66 210.89449 54.31167  4520.54  1041.97 2.38 2.26  74.6 -0.429    19.63 21.48 02a59751o0163c  1.600000   False
59751.323522 19.950541      NaN    8.0  10.0   c  0.0   1.12 210.89449 54.31167  4581.82  1117.18 2.32 2.24  80.5 -0.430    19.66 21.47 02a59751o0175c  0.800000   False
59751.334507 20.321591      NaN   -2.0   9.0   c  0.0   2.02 210.89449 54.31167  4603.14  1004.95 2.51 2.36  84.5 -0.424    19.64 21.45 02a59751o0199c -0.222222   False
59783.267980 19.384550      NaN   22.0  14.0   c  0.0   0.77 210.89449 54.31167  1488.85  6780.14 2.40 2.26 -39.8 -0.428    19.57 21.12 02a59783o0058c  1.571429   False
59783.271622 20.009244      NaN  -15.0  12.0   c  0.0   1.62 210.89449 54.31167  1469.64  6741.07 2.58 2.37 -48.8 -0.423    19.53 21.16 02a59783o0066c -1.250000   False
59783.278464 19.652575      NaN   11.0  13.0   c  0.0   0.80 210.89449 54.31167  1525.93  6816.77 2.47 2.26 -47.1 -0.430    19.60 21.20 02a59783o0081c  0.846154    True
59783.292955 19.922338      NaN  -11.0  13.0   c  0.0   1.05 210.89449 54.31167  1544.92  6696.47 2.37 2.17 -49.0 -0.440    19.57 21.12 02a59783o0113c -0.846154   False
59787.293213 19.841877      NaN  -20.0  14.0   c  0.0   0.76 210.89449 54.31167  6757.75  3125.69 2.82 2.75  55.1 -0.404    19.41 21.28 02a59787o0117c -1.428571    8192
59787.297291 19.766969      NaN    6.0  13.0   c  0.0   1.28 210.89449 54.31167  6737.51  3083.13 2.90 2.84  55.5 -0.387    19.39 21.27 02a59787o0126c  0.461538    8192
59787.303716 19.472870      NaN   17.0  14.0   c  0.0   1.07 210.89449 54.31167  6795.17  3158.55 2.86 2.76  41.5 -0.390    19.42 21.26 02a59787o0140c  1.214286    True
59787.318300 19.696897      NaN   12.0  12.0   c  0.0   1.23 210.89449 54.31167  6816.43  3040.34 2.85 2.72  38.4 -0.390    19.44 21.27 02a59787o0172c  1.000000    True
59811.240646 18.933071      NaN    4.0  31.0   c  0.0   1.44 210.89449 54.31167  9058.83  6879.98 2.67 2.42  28.5 -0.411    18.72 19.75 02a59811o0025c  0.129032    True
59811.243827 19.183773      NaN   20.0  19.0   c  0.0   1.37 210.89449 54.31167  9038.28  6838.11 2.59 2.44  26.7 -0.415    19.14 20.36 02a59811o0032c  1.052632   False
59811.251095 19.696897      NaN   -8.0  16.0   c  0.0   0.86 210.89449 54.31167  9097.00  6916.20 2.65 2.50  24.9 -0.412    19.43 21.04 02a59811o0048c -0.500000   False
59811.262036 19.271854      NaN   26.0  15.0   c  0.0   1.20 210.89449 54.31167  9115.28  6798.01 2.61 2.49  23.9 -0.418    19.49 21.14 02a59811o0072c  1.733333   False
59819.241262 19.766969      NaN  -13.0  15.0   c  0.0   1.22 210.89449 54.31167  6598.17   977.79 2.35 2.22  59.3 -0.408    19.14 20.53 02a59819o0037c -0.866667   False
59819.246702 19.766969      NaN  -22.0  15.0   c  0.0   0.90 210.89449 54.31167  6576.90   937.94 2.35 2.24  86.0 -0.416    19.34 20.93 02a59819o0049c -1.466667   False
59819.249867 19.454622      NaN   21.0  13.0   c  0.0   1.08 210.89449 54.31167  6637.82  1018.10 2.52 2.40  84.3 -0.399    19.35 21.00 02a59819o0056c  1.615385   False
59819.259883 19.652575      NaN    8.0  14.0   c  0.0   1.33 210.89449 54.31167  6660.60   900.70 2.40 2.23 -74.9 -0.427    19.37 21.05 02a59819o0078c  0.571429   False
59841.218401 18.292405      NaN   37.0  46.0   c  0.0   1.18 210.89449 54.31167  6956.55  9571.99 3.07 2.87  65.9 -0.351    17.82 19.42 01a59841o0022c  0.804348    True
59841.222104 18.847027      NaN   12.0  31.0   c  0.0   1.14 210.89449 54.31167  6977.34  9612.75 3.06 2.87  69.7 -0.350    18.50 20.18 01a59841o0030c  0.387097   False
59841.232292 19.142275      NaN   23.0  19.0   c  0.0   0.96 210.89449 54.31167  6915.31  9541.01 3.10 2.92  73.1 -0.347    18.98 20.90 01a59841o0052c  1.210526   False
59841.238300 19.631075      NaN  -10.0  17.0   c  0.0   1.17 210.89449 54.31167  6895.15  9657.85 3.11 2.95  72.0 -0.345    19.00 20.95 01a59841o0065c -0.588235   False
59999.634833 19.014394      NaN  -14.0  30.0   c  0.0   0.75 210.89449 54.31167  9242.46  9019.55 2.78 2.66  59.4 -0.390    18.65 20.44 02a59999o0111c -0.466667    8192
59999.637641 19.351140      NaN   -2.0  22.0   c  0.0   1.81 210.89449 54.31167  9223.20  8977.31 2.79 2.68  51.8 -0.385    18.85 20.68 02a59999o0117c -0.090909    8192
59999.650179 19.302877      NaN  -54.0  23.0   c  0.0   1.37 210.89449 54.31167  9277.38  9057.78 2.80 2.58  41.7 -0.388    18.66 20.40 02a59999o0142c -2.347826    True
59999.656837 18.990530      NaN   26.0  22.0   c  0.0   0.80 210.89449 54.31167  9294.52  8939.01 2.74 2.67  55.4 -0.387    18.85 20.61 02a59999o0155c  1.181818    True
60048.393577 19.841877      NaN    3.0  13.0   c  0.0   1.43 210.89449 54.31167  5654.59  7365.80 2.59 2.31  44.2 -0.410    19.52 21.42 02a60048o0341c  0.230769    True
60048.395386 19.589310      NaN   17.0  12.0   c  0.0   1.61 210.89449 54.31167  5674.62  7404.50 2.59 2.33  43.3 -0.410    19.55 21.42 02a60048o0345c  1.416667   False
60048.401280 20.009244      NaN    0.0  12.0   c  0.0   1.28 210.89449 54.31167  5615.90  7328.05 2.64 2.34  41.5 -0.408    19.55 21.43 02a60048o0357c  0.000000   False
60048.436787 19.922338      NaN   -5.0  13.0   c  0.0   1.09 210.89449 54.31167  5597.57  7447.41 2.60 2.30  36.8 -0.410    19.59 21.48 02a60048o0428c -0.384615   False
60050.476350 19.529530      NaN   14.0  14.0   c  0.0   1.34 210.89449 54.31167  7521.54  9051.06 2.56 2.41  41.1 -0.420    19.44 21.13 02a60050o0512c  1.000000    8192
60050.479980 19.631075      NaN  -40.0  17.0   c  0.0   1.24 210.89449 54.31167  7502.00  9009.66 2.55 2.42  44.3 -0.415    19.18 20.81 02a60050o0520c -2.352941    True
60050.515339 19.569016      NaN   12.0  14.0   c  0.0   1.12 210.89449 54.31167  7556.74  9084.41 2.58 2.38  37.7 -0.409    19.51 21.22 02a60050o0595c  0.857143    True
60050.521155 19.979496      NaN    1.0  12.0   c  0.0   1.79 210.89449 54.31167  7574.81  8964.45 2.62 2.41  36.5 -0.410    19.50 21.21 02a60050o0607c  0.083333    8192
60052.473293 19.841877      NaN    3.0  13.0   c  0.0   1.57 210.89449 54.31167  5234.72  4850.00 2.42 2.19  34.8 -0.405    19.31 20.97 02a60052o0517c  0.230769    True
60052.476484 19.696897      NaN  -32.0  16.0   c  0.0   1.34 210.89449 54.31167  5215.10  4810.42 2.52 2.21  29.4 -0.396    19.08 20.78 02a60052o0524c -2.000000    True
60052.509238 19.652575      NaN   17.0  11.0   c  0.0   1.43 210.89449 54.31167  5275.23  4879.77 2.54 2.21  32.3 -0.401    19.45 21.04 02a60052o0592c  1.545455    8192
60052.515613 19.816329      NaN    4.0  13.0   c  0.0   1.14 210.89449 54.31167  5296.25  4761.43 2.56 2.21  33.7 -0.395    19.42 20.99 02a60052o0605c  0.307692    8192
60056.426687 20.103715      NaN    0.0  11.0   c  0.0   2.15 210.89449 54.31167  1345.35  5144.47 2.48 2.28  20.5 -0.422    19.44 21.06 02a60056o0426c  0.000000   False
60056.430308 19.652575      NaN    8.0  14.0   c  0.0   1.49 210.89449 54.31167  1326.99  5104.13 2.60 2.46  12.3 -0.417    19.37 21.05 02a60056o0434c  0.571429    True
60056.465450 20.009244      NaN  -35.0  12.0   c  0.0   1.75 210.89449 54.31167  1379.29  5171.89 2.42 2.22  20.3 -0.426    19.49 21.06 02a60056o0509c -2.916667   False
60056.470537 19.766969      NaN    6.0  13.0   c  0.0   1.24 210.89449 54.31167  1401.19  5053.19 2.42 2.23  17.1 -0.422    19.47 21.04 02a60056o0520c  0.461538   False
60058.400358 19.841877      NaN  -21.0  14.0   c  0.0   1.67 210.89449 54.31167  5895.00  9504.67 2.76 2.42  41.3 -0.396    19.41 21.02 02a60058o0368c -1.500000   False
60058.403081 19.766969      NaN   -2.0  15.0   c  0.0   1.00 210.89449 54.31167  5916.14  9541.71 2.73 2.41  37.3 -0.401    19.44 21.03 02a60058o0374c -0.133333   False
60058.406260 19.696897      NaN  -19.0  16.0   c  0.0   0.92 210.89449 54.31167  5854.08  9466.27 2.79 2.42  42.0 -0.392    19.44 21.03 02a60058o0381c -1.187500    True
60058.412604 19.510313      NaN   12.0  15.0   c  0.0   1.08 210.89449 54.31167  5833.29  9585.81 2.73 2.40  39.1 -0.397    19.44 21.03 02a60058o0395c  0.800000   False
60076.451715 19.589310      NaN   17.0  12.0   c  0.0   1.26 210.89449 54.31167  6765.95   964.23 2.33 2.17 -71.5 -0.423    19.51 21.04 02a60076o0241c  1.416667   False
60076.455118 19.169763      NaN   33.0  15.0   c  0.0   0.72 210.89449 54.31167  6746.80   926.39 2.31 2.11 -75.1 -0.429    19.50 21.03 02a60076o0248c  2.200000   False
60076.458122 19.979496      NaN    1.0  12.0   c  0.0   1.33 210.89449 54.31167  6808.35  1006.07 2.32 2.11 -72.4 -0.428    19.54 21.05 02a60076o0254c  0.083333   False
60076.463264 20.009244      NaN   -6.0  12.0   c  0.0   1.28 210.89449 54.31167  6828.00   884.15 2.30 2.12 -80.0 -0.429    19.48 21.02 02a60076o0264c -0.500000   False
60078.380061 19.950541      NaN    2.0  12.0   c  0.0   0.92 210.89449 54.31167  3274.70  4964.44 2.32 2.16  25.4 -0.414    19.63 21.30 02a60078o0314c  0.166667   False
60078.383226 20.207197      NaN   -5.0  10.0   c  0.0   1.62 210.89449 54.31167  3255.41  4929.04 2.29 2.16  19.0 -0.423    19.62 21.30 02a60078o0321c -0.500000   False
60078.390093 20.009244      NaN   -2.0  12.0   c  0.0   1.36 210.89449 54.31167  3314.16  5004.35 2.29 2.15  24.7 -0.417    19.59 21.30 02a60078o0336c -0.166667   False
60078.401655 19.529530      NaN   20.0  12.0   c  0.0   1.06 210.89449 54.31167  3334.62  4885.96 2.34 2.16  23.5 -0.418    19.61 21.34 02a60078o0361c  1.666667   False