         MJD         m       dm    uJy  duJy F  err  chi/N        RA      Dec        x        y  maj  min   phi  apfit  mag5sig   Sky            Obs  __tmp_SN    Mask
57396.587948 19.102305      NaN   11.0    21 c    0   0.84 210.91068 54.30223  7750.83  2275.02 3.99 3.60   7.9 -0.427    19.59 21.57 02a57396o0607c  0.952381 8388609
57396.598947 19.384550      NaN   -2.0    19 c    0   0.77 210.91068 54.30223  7464.40  1702.08 4.09 3.60   5.1 -0.444    19.60 21.58 02a57396o0625c  0.368421 8388609
57396.614233 18.757738      NaN  -43.0    38 c    0   1.04 210.91068 54.30223  8278.18  2846.01 3.80 3.60  20.6 -0.418    19.60 21.56 02a57396o0650c -0.894737 8388609
57396.627717 18.481707      NaN    9.0    43 c    0   0.88 210.91068 54.30223  8540.63  1084.82 4.32 3.66  11.2 -0.431    19.59 21.57 02a57396o0672c  0.418605 8388609
57424.598946 19.287255      NaN    7.0    18 c    0   1.09 210.91068 54.30223  8249.43  1600.94 4.31 3.76  10.3 -0.439    19.70 21.79 02a57424o0633c  0.888889    True
57424.604067 19.436675      NaN    1.0    17 c    0   1.10 210.91068 54.30223  8513.46  2170.97 4.24 3.83  15.3 -0.423    19.68 21.79 02a57424o0641c  0.588235    8192
57424.621336 19.631075      NaN  -10.0    17 c    0   0.84 210.91068 54.30223  7357.94  2788.50 4.01 3.71   9.9 -0.415    19.70 21.79 02a57424o0667c -0.058824    True
57424.633626 19.014394      NaN   24.0    19 c    0   0.77 210.91068 54.30223  7280.87  2882.34 3.96 3.67  11.5 -0.417    19.70 21.79 02a57424o0685c  1.736842    8192
57448.521048 19.142275      NaN    5.0    22 c    0   1.07 210.91068 54.30223  7916.01  1791.82 3.99 3.65  15.1 -0.449    19.26 20.81 02a57448o0458c  0.636364   False
57448.543577 19.351140      NaN  -32.0    22 c    0   1.03 210.91068 54.30223  8208.03  2372.08 3.93 3.73  23.4 -0.439    19.21 20.77 02a57448o0497c -1.045455    True
57448.565924 19.183773      NaN   -4.0    24 c    0   0.87 210.91068 54.30223  7067.06  2994.22 4.37 3.91  -1.2 -0.388    19.09 20.75 02a57448o0536c  0.208333   False
57448.596475 18.867907      NaN   31.0    21 c    0   1.08 210.91068 54.30223  3361.04  7803.85 3.87 3.61 -70.3 -0.422    19.20 20.80 02a57448o0592c  1.904762   False
57449.515332 19.302877      NaN    0.0    20 c    0   1.24 210.91068 54.30223  8152.78  1742.46 4.04 3.63  15.6 -0.461    19.45 21.19 02a57449o0610c  0.450000   False
57449.538360 19.472870      NaN   -4.0    18 c    0   1.09 210.91068 54.30223  8451.21  2320.26 3.82 3.59  30.9 -0.456    19.42 21.11 02a57449o0650c  0.277778   False
57449.558557 19.241693      NaN   10.0    18 c    0   1.05 210.91068 54.30223  7310.50  2947.80 3.77 3.62  15.2 -0.427    19.39 21.07 02a57449o0688c  1.055556   False
57449.570520 19.384550      NaN   -2.0    19 c    0   1.08 210.91068 54.30223  7292.36  2887.15 3.75 3.57  18.4 -0.439    19.39 21.06 02a57449o0709c  0.368421   False
57458.509881 19.384550      NaN    1.0    18 c    0   0.91 210.91068 54.30223  8235.31  1595.01 4.31 3.77  15.4 -0.446    19.65 21.70 02a57458o0606c  0.555556    True
57458.513259 19.454622      NaN  -28.0    20 c    0   0.75 210.91068 54.30223  8521.22  2163.72 4.20 3.90  24.0 -0.426    19.61 21.68 02a57458o0613c -0.950000    8192
57458.536888 19.115465      NaN   19.0    18 c    0   0.91 210.91068 54.30223  7394.01  2789.27 4.11 3.83   2.0 -0.402    19.60 21.68 02a57458o0653c  1.555556    True
57458.567769 19.569016      NaN  -20.0    18 c    0   1.10 210.91068 54.30223  3357.35  7801.75 3.85 3.61 -72.9 -0.421    19.64 21.68 02a57458o0708c -0.611111    True
57488.426551 19.454622      NaN   -9.0    20 c    0   0.83 210.91068 54.30223  8367.69  1667.31 4.31 3.81  20.2 -0.477    19.60 21.59 02a57488o0373c  0.000000   False
57488.444090 19.569016      NaN  -13.0    18 c    0   1.06 210.91068 54.30223  8655.13  2223.70 4.17 3.80  29.9 -0.460    19.60 21.61 02a57488o0405c -0.222222   False
57488.465855 19.256669      NaN    6.0    19 c    0   0.96 210.91068 54.30223  7532.97  2870.54 4.05 3.72  15.7 -0.446    19.57 21.56 02a57488o0444c  0.789474    True
57488.475297 19.696897      NaN  -16.0    16 c    0   1.35 210.91068 54.30223  3343.38  7793.42 3.98 3.61 -65.0 -0.439    19.55 21.54 02a57488o0460c -0.437500   False
57512.362600 19.063754      NaN   17.0    20 c    0   0.99 210.91068 54.30223  9555.60  2734.00 4.66 4.15  38.6 -0.436    19.51 21.58 02a57512o0305c  1.300000   False
57512.371077 19.142275      NaN    8.0    21 c    0   1.06 210.91068 54.30223  9578.50  2770.29 4.57 4.07  40.0 -0.440    19.53 21.60 02a57512o0322c  0.809524    True
57512.373986 19.454622      NaN  -19.0    20 c    0   0.92 210.91068 54.30223   368.94  2657.52 5.06 3.82 -34.3 -0.412    19.58 21.60 02a57512o0328c -0.500000    True
57512.383392 19.510313      NaN  -34.0    19 c    0   1.18 210.91068 54.30223   388.79  2694.68 5.10 3.92 -34.1 -0.413    19.54 21.60 02a57512o0347c -1.315789   False
57512.386899 18.910912      NaN   36.0    18 c    0   1.20 210.91068 54.30223   985.04  7874.39 4.45 3.81 -58.3 -0.428    19.55 21.63 02a57512o0354c  2.500000    True
57512.388945 19.197966      NaN   10.0    19 c    0   0.99 210.91068 54.30223   322.91  2618.23 5.15 3.88 -31.6 -0.403    19.57 21.61 02a57512o0358c  1.000000    True
57512.397027 19.256669      NaN   12.0    17 c    0   1.45 210.91068 54.30223  1015.52  7755.17 4.38 3.76 -57.8 -0.429    19.55 21.60 02a57512o0374c  1.235294    True
57512.407432 19.302877      NaN    3.0    19 c    0   0.87 210.91068 54.30223 10209.13  7820.90 4.60 3.71  81.1 -0.426    19.54 21.62 02a57512o0395c  0.631579   False
57512.416849 19.454622      NaN  -11.0    20 c    0   0.78 210.91068 54.30223  3617.71  8627.98 4.14 3.80 -61.9 -0.410    19.52 21.58 02a57512o0414c -0.100000   False
57515.371866 19.026525      NaN   17.0    21 c    0   0.95 210.91068 54.30223  1959.26   480.05 5.37 3.74 -16.1 -0.483    19.58 21.68 02a57515o0321c  1.238095   False
57515.372987 19.212347      NaN  -24.0    25 c    0   1.11 210.91068 54.30223  7384.87   286.97 5.28 3.91  10.3 -0.491    19.61 21.70 02a57515o0323c -0.600000    True
57515.374441 19.241693      NaN   13.0    17 c    0   1.24 210.91068 54.30223  8555.61 10120.32 4.30 3.86  75.2 -0.414    19.60 21.66 02a57515o0326c  1.294118    True
57515.383262 19.454622      NaN  -27.0    20 c    0   0.73 210.91068 54.30223  3106.02 10240.78 4.23 3.94 -48.8 -0.400    19.61 21.73 02a57515o0344c -0.900000   False
57515.385734 18.944322      NaN   24.0    21 c    0   0.87 210.91068 54.30223  8484.00 10040.78 4.17 3.77  74.3 -0.422    19.61 21.65 02a57515o0348c  1.571429   False
57515.386824 19.569016      NaN  -28.0    18 c    0   1.10 210.91068 54.30223  3158.11 10325.25 4.28 3.96 -54.5 -0.403    19.61 21.70 02a57515o0350c -1.055556   False
57515.400161 19.142275 0.244291   71.0    18 c    0   1.29 210.91068 54.30223  3192.61 10205.05 4.17 3.91 -48.8 -0.391    19.61 21.69 02a57515o0376c  4.444444    True
57515.402098 19.401649      NaN  -22.0    21 c    0   1.01 210.91068 54.30223  2041.00   405.83 5.18 3.65 -15.9 -0.484    19.58 21.64 02a57515o0380c -0.619048    True
57515.409082 19.115465      NaN   10.0    21 c    0   1.18 210.91068 54.30223  1992.25   468.49 5.25 3.65 -14.9 -0.477    19.58 21.61 02a57515o0393c  0.904762   False
57515.410533 19.115465      NaN   16.0    19 c    0   0.97 210.91068 54.30223  3151.67 10268.72 4.12 3.91 -43.0 -0.393    19.61 21.65 02a57515o0396c  1.315789   False
57545.329395 19.384550      NaN    1.0    18 c    0   0.91 210.91068 54.30223  1120.13  8132.89 4.40 3.94 -56.1 -0.416    19.59 21.73 02a57545o0190c  0.555556   False
57545.338129 19.063754      NaN   17.0    20 c    0   0.82 210.91068 54.30223  1107.24  8095.56 4.40 3.93 -61.1 -0.432    19.58 21.75 02a57545o0208c  1.300000    True
57545.345896 18.990530      NaN   29.0    18 c    0   1.10 210.91068 54.30223 10321.53  8214.86 4.55 3.63  80.2 -0.431    19.64 21.77 02a57545o0224c  2.111111   False
57545.355107 19.510313      NaN  -17.0    19 c    0   0.91 210.91068 54.30223  1165.70  8171.35 4.15 3.77 -57.0 -0.430    19.62 21.73 02a57545o0243c -0.421053    True
57545.356559 19.102305      NaN   20.0    18 c    0   1.24 210.91068 54.30223 10309.65  8177.18 4.65 3.61  82.6 -0.426    19.64 21.79 02a57545o0246c  1.611111   False
57545.358980 19.696897      NaN   -9.0    16 c    0   1.16 210.91068 54.30223 10366.71  8259.20 4.63 3.65  81.3 -0.435    19.64 21.79 02a57545o0251c  0.000000    True
57545.361400 19.076453      NaN   13.0    21 c    0   0.86 210.91068 54.30223  1178.62  8054.08 4.39 3.92 -58.1 -0.425    19.56 21.74 02a57545o0256c  1.047619   False
57545.371093 19.631075      NaN  -11.0    17 c    0   1.37 210.91068 54.30223  1145.97  8114.75 4.36 3.89 -56.8 -0.427    19.46 21.59 02a57545o0276c -0.117647    True
57545.380784 18.889197      NaN   32.0    20 c    0   1.15 210.91068 54.30223 10379.39  8146.54 4.68 3.68  80.3 -0.421    19.41 21.51 02a57545o0296c  2.050000   False
57545.390661 19.014394      NaN   27.0    18 c    0   1.23 210.91068 54.30223 10341.82  8206.37 4.89 3.82  79.3 -0.420    19.52 21.66 02a57545o0315c  2.000000   False
57549.332077 19.436675      NaN   -8.0    20 c    0   0.90 210.91068 54.30223  2408.53  9658.15 4.08 3.84 -55.4 -0.425    19.44 21.31 02a57549o0078c  0.050000   False
57549.342782 18.836735      NaN   37.0    20 c    0   1.35 210.91068 54.30223  2398.37  9618.37 4.16 3.87 -54.0 -0.417    19.44 21.33 02a57549o0100c  2.300000   False
57549.359807 19.026525      NaN   20.0    20 c    0   0.96 210.91068 54.30223  2454.74  9693.76 4.11 3.83 -48.7 -0.420    19.46 21.36 02a57549o0135c  1.450000    True
57549.367069 19.212347 0.318483   66.0    22 c    0   0.97 210.91068 54.30223  2467.39  9576.98 4.12 3.84 -53.9 -0.424    19.47 21.39 02a57549o0150c  3.409091    True
57549.375839 19.454622      NaN   -3.0    18 c    0   1.19 210.91068 54.30223  2435.94  9640.69 4.24 3.89 -49.5 -0.416    19.49 21.47 02a57549o0168c  0.333333   False
57581.293250 19.169763      NaN  -41.0    26 c    0   0.99 210.91068 54.30223  3739.06  6895.31 4.16 3.83 -76.9 -0.443    19.01 20.64 02a57581o0088c -1.230769    True
57581.304631 19.051202      NaN    3.0    25 c    0   1.10 210.91068 54.30223  3726.47  6853.95 4.12 3.85 -62.0 -0.443    19.01 20.65 02a57581o0111c  0.480000   False
57581.321240 19.212347      NaN  -27.0    25 c    0   0.87 210.91068 54.30223  3781.90  6928.44 3.97 3.69 -62.7 -0.452    19.00 20.58 02a57581o0145c -0.720000   False
57581.328019 18.806434      NaN   25.0    25 c    0   1.09 210.91068 54.30223  3794.28  6811.06 3.92 3.63 -72.0 -0.454    19.00 20.57 02a57581o0159c  1.360000   False
57581.338880 19.002397      NaN    1.0    27 c    0   0.91 210.91068 54.30223  3761.52  6870.04 3.99 3.68 -65.8 -0.453    18.93 20.48 02a57581o0181c  0.370370   False
57605.257770 18.786693      NaN -103.0    37 c    0   1.20 210.91068 54.30223  4002.46  6970.04 4.25 3.91  41.6 -0.371    18.85 21.71 02a57605o0052c -2.540541 8388609
57605.266058 18.467034      NaN   23.0    39 c    0   1.02 210.91068 54.30223  3979.52  6929.47 4.44 4.23  42.0 -0.399    18.84 21.70 02a57605o0066c  0.820513 8388609
57605.277177 18.649074      NaN -141.0    42 c    0   0.97 210.91068 54.30223  4035.75  7002.93 5.25 5.14  64.8 -0.324    18.70 21.72 02a57605o0085c -3.142857 8388609
57605.290850 19.351140      NaN  -13.0    22 c    0   0.94 210.91068 54.30223  4059.42  6886.86 4.91 4.71 -64.4 -0.355    19.19 21.41 02a57605o0109c -0.181818 8388609
57605.303123 19.569016      NaN  -20.0    18 c    0   1.00 210.91068 54.30223  4014.10  6942.68 4.12 3.93 -59.9 -0.388    19.35 21.41 02a57605o0133c -0.611111 8388609
57609.251150 19.038793 0.308448   79.0    25 c    0   1.26 210.91068 54.30223  1296.20 10103.30 4.18 3.78 -54.7 -0.425    19.04 20.57 02a57609o0045c  3.520000   False
57609.257024 15.616914      NaN  413.0   545 c    0   0.02 210.91068 54.30223 10522.67 10226.06 4.94 3.90  81.8 -0.425    19.23 20.92 02a57609o0055c  0.774312    True
57609.260345 18.748255      NaN   28.0    26 c    0   0.98 210.91068 54.30223  1272.39 10061.77 4.24 3.88 -54.3 -0.430    19.15 20.84 02a57609o0061c  1.423077   False
57609.274446 19.256669      NaN  -35.0    24 c    0   1.28 210.91068 54.30223  1327.55 10137.55 4.23 3.99 -55.4 -0.430    19.15 20.86 02a57609o0086c -1.083333   False
57609.275582 17.825619      NaN   74.0    62 c    0   0.40 210.91068 54.30223 10508.58 10183.51 5.07 4.03  81.4 -0.384    19.23 20.97 02a57609o0088c  1.338710    True
57609.283416 18.489118      NaN   47.0    30 c    0   0.77 210.91068 54.30223  1339.45 10014.70 4.35 3.86 -54.9 -0.414    19.11 20.83 02a57609o0102c  1.866667   False
57609.293767 18.990530      NaN    2.0    27 c    0   1.13 210.91068 54.30223  1303.20 10078.97 4.49 3.94 -54.1 -0.405    19.06 20.79 02a57609o0120c  0.407407   False
57746.613969 19.038793      NaN   25.0    18 c    0   0.93 210.91068 54.30223  9616.58  2397.01 4.06 3.81  81.9 -0.422    19.61 21.65 02a57746o0819c  1.888889   False
57746.625461 19.569016      NaN  -14.0    18 c    0   1.05 210.91068 54.30223  9626.96  2436.63 4.08 3.83  80.9 -0.420    19.61 21.63 02a57746o0841c -0.277778   False
57746.627011 19.302877      NaN    6.0    18 c    0   1.04 210.91068 54.30223   417.48  2327.71 4.23 4.16 -88.7 -0.369    19.54 21.57 02a57746o0844c  0.833333    True
57746.636855 19.226921      NaN    8.0    19 c    0   1.07 210.91068 54.30223  9571.41  2363.74 4.24 4.02  81.1 -0.403    19.60 21.66 02a57746o0863c  0.894737    True
57746.638445 19.419021      NaN    2.0    17 c    0   1.00 210.91068 54.30223   430.10  2367.90 4.28 4.20  85.9 -0.364    19.56 21.60 02a57746o0866c  0.647059    True
57746.648259 18.967180      NaN   31.0    18 c    0   1.03 210.91068 54.30223  9557.40  2481.90 4.17 3.92  78.9 -0.407    19.60 21.66 02a57746o0885c  2.222222    True
57746.650355 19.510313      NaN  -17.0    19 c    0   0.89 210.91068 54.30223   371.32  2285.54 4.15 4.02  85.7 -0.380    19.60 21.59 02a57746o0889c -0.421053    True
57746.659628 19.002397      NaN   31.0    17 c    0   1.41 210.91068 54.30223  9593.55  2423.64 4.06 3.79  79.7 -0.417    19.52 21.38 02a57746o0907c  2.352941   False
57746.661195 19.128787      NaN   18.0    18 c    0   1.26 210.91068 54.30223   360.31  2422.05 4.09 3.95  84.2 -0.381    19.40 21.16 02a57746o0910c  1.500000    True
57746.669931 18.220396      NaN   55.0    41 c    0   0.94 210.91068 54.30223   393.62  2346.45 4.32 4.15  80.1 -0.358    18.45 19.40 02a57746o0927c  1.560976   False
57778.570698 19.367717      NaN   -4.0    20 c    0   0.96 210.91068 54.30223  9107.76 10221.35 4.12 3.71 -88.1 -0.431    19.77 21.82 02a57778o0568c  0.250000   False
57778.576629 19.454622      NaN   -6.0    19 c    0   1.06 210.91068 54.30223  7882.41   420.10 4.00 3.78  15.4 -0.454    19.75 21.80 02a57778o0578c  0.157895    True
57778.584061 19.529530      NaN   -7.0    18 c    0   1.20 210.91068 54.30223  9121.12 10262.82 4.09 3.68 -88.1 -0.432    19.77 21.81 02a57778o0592c  0.111111   False
57778.589437 19.569016      NaN  -11.0    18 c    0   1.16 210.91068 54.30223  7894.68   461.00 3.93 3.77  18.5 -0.451    19.77 21.82 02a57778o0602c -0.111111    True
57778.596885 19.569016      NaN  -45.0    18 c    0   1.14 210.91068 54.30223  9063.74 10188.78 4.09 3.74  89.5 -0.433    19.78 21.83 02a57778o0616c -2.000000   False
57778.602290 19.454622      NaN  -30.0    20 c    0   0.98 210.91068 54.30223  7852.15   385.65 3.95 3.73  15.3 -0.452    19.79 21.85 02a57778o0626c -1.050000    True
57778.609876 19.631075      NaN  -14.0    17 c    0   1.22 210.91068 54.30223  9041.61 10309.98 4.05 3.68 -88.4 -0.432    19.80 21.86 02a57778o0640c -0.294118    True
57778.615190 19.102305      NaN   17.0    19 c    0   1.16 210.91068 54.30223  7831.57   509.31 3.84 3.67  18.0 -0.452    19.81 21.88 02a57778o0650c  1.368421   False
57778.622705 19.569016      NaN  -15.0    18 c    0   1.09 210.91068 54.30223  9087.10 10250.45 3.99 3.63 -88.9 -0.436    19.82 21.89 02a57778o0664c -0.333333   False
57778.628048 19.472870      NaN   -4.0    18 c    0   1.22 210.91068 54.30223  7865.68   450.23 3.99 3.81  15.6 -0.446    19.77 21.86 02a57778o0674c  0.277778    True
57782.565439 19.197966      NaN   16.0    17 c    0   1.03 210.91068 54.30223  8318.42  1419.84 3.86 3.75  84.3 -0.416    19.82 21.96 02a57782o0717c  1.470588   False
57782.579866 19.549093      NaN   -2.0    16 c    0   1.03 210.91068 54.30223  8340.36  1459.76 3.89 3.75 -88.6 -0.409    19.84 21.99 02a57782o0743c  0.437500   False
57782.593858 19.766969      NaN  -19.0    15 c    0   1.11 210.91068 54.30223  8284.03  1386.72 3.81 3.67  86.7 -0.414    19.88 22.03 02a57782o0769c -0.666667   False
57782.607900 18.978793      NaN   24.0    20 c    0   0.74 210.91068 54.30223  8261.07  1510.29 3.93 3.77  83.5 -0.404    19.81 21.96 02a57782o0795c  1.650000    True
57782.621826 19.287255      NaN   10.0    17 c    0   0.77 210.91068 54.30223  8309.59  1452.17 3.86 3.71  85.6 -0.415    19.84 21.99 02a57782o0821c  1.117647   False
57786.563706 19.631075      NaN  -12.0    17 c    0   1.22 210.91068 54.30223  9334.97  9940.98 3.91 3.51 -86.0 -0.426    19.80 21.89 02a57786o0507c -0.176471    True
57786.566299 19.102305      NaN   14.0    20 c    0   0.84 210.91068 54.30223  8091.35   141.08 3.89 3.68  12.9 -0.447    19.82 21.92 02a57786o0512c  1.150000   False
57786.576403 19.631075      NaN  -10.0    17 c    0   1.14 210.91068 54.30223  9346.14  9981.29 3.98 3.59 -88.6 -0.418    19.82 21.94 02a57786o0531c -0.058824    True
57786.579012 19.014394      NaN   24.0    19 c    0   1.15 210.91068 54.30223  8103.62   181.63 3.87 3.68  17.5 -0.448    19.85 21.96 02a57786o0536c  1.736842   False
57786.589214 19.436675      NaN    1.0    17 c    0   1.07 210.91068 54.30223  9287.95  9905.83 3.94 3.57 -89.9 -0.428    19.83 21.94 02a57786o0555c  0.588235    True
57786.591848 19.631075      NaN  -16.0    17 c    0   1.36 210.91068 54.30223  8047.88   105.94 3.90 3.71  15.7 -0.449    19.68 21.79 02a57786o0560c -0.411765    True
57786.602149 19.256669      NaN  -31.0    24 c    0   1.16 210.91068 54.30223  9265.20 10027.55 3.98 3.64  85.5 -0.433    19.48 21.55 02a57786o0579c -0.916667    True
57786.604786 19.102305      NaN   17.0    19 c    0   1.35 210.91068 54.30223  8036.54   227.08 3.88 3.76  19.4 -0.441    19.84 21.98 02a57786o0584c  1.368421    True
57786.615038 19.510313      NaN   -3.0    17 c    0   0.99 210.91068 54.30223  9310.17  9968.82 3.95 3.59  86.2 -0.425    19.78 21.88 02a57786o0603c  0.352941    True
57786.617646 19.226921      NaN    5.0    20 c    0   0.97 210.91068 54.30223  8070.92   170.52 3.90 3.74  25.0 -0.448    19.84 21.99 02a57786o0608c  0.700000   False
57806.543426 19.026525      NaN   23.0    19 c    0   0.92 210.91068 54.30223  9194.29  1323.29 3.85 3.70  60.6 -0.446    19.76 21.82 02a57806o0606c  1.684211   False
57806.546470 19.631075      NaN   -9.0    17 c    0   1.03 210.91068 54.30223  9220.56  1360.44 3.98 3.84  55.8 -0.429    19.74 21.83 02a57806o0612c  0.000000    True
57806.563479 19.318728      NaN    8.0    17 c    0   1.16 210.91068 54.30223  9163.09  1287.72 4.05 3.88  52.8 -0.427    19.76 21.89 02a57806o0643c  1.000000   False
57806.577726 19.510313      NaN  -22.0    19 c    0   1.01 210.91068 54.30223  9142.71  1406.87 3.91 3.72  65.3 -0.440    19.76 21.84 02a57806o0669c -0.684211    True
57806.591596 19.569016      NaN  -31.0    18 c    0   1.04 210.91068 54.30223  9192.79  1346.17 3.91 3.70  61.2 -0.439    19.72 21.75 02a57806o0695c -1.222222   False
57834.492888 19.569016      NaN  -13.0    18 c    0   0.98 210.91068 54.30223  8094.64  3391.46 3.99 3.71  87.7 -0.381    19.07 21.15 02a57834o0443c -0.222222   False
57834.503330 19.256669      NaN    0.0    21 c    0   1.01 210.91068 54.30223  2387.87  7019.81 3.82 3.69  45.1 -0.427    19.11 21.19 02a57834o0463c  0.428571   False
57834.527024 19.351140      NaN  -43.0    22 c    0   1.02 210.91068 54.30223  2435.21  7095.79 3.82 3.67  46.6 -0.423    19.04 21.02 02a57834o0506c -1.545455    True
57834.542612 19.454622      NaN  -15.0    20 c    0   1.09 210.91068 54.30223  2454.41  6980.66 4.01 3.88  52.1 -0.407    18.92 20.83 02a57834o0535c -0.300000   False
57834.554663 19.401649      NaN  -23.0    21 c    0   1.28 210.91068 54.30223  2409.31  7042.05 4.05 3.88  49.7 -0.393    18.86 20.73 02a57834o0557c -0.666667   False
57838.492206 18.867907      NaN   28.0    22 c    0   0.96 210.91068 54.30223   127.46   569.46 4.44 4.39 -72.9 -0.376    19.01 21.19 02a57838o0454c  1.681818    True
57838.492735 19.351140      NaN  -28.0    22 c    0   1.08 210.91068 54.30223  1490.58 10378.37 4.33 4.18  26.2 -0.384    19.04 21.20 02a57838o0455c -0.863636    True
57838.494486 18.729535      NaN   39.0    23 c    0   0.84 210.91068 54.30223  9020.57   110.43 4.02 3.88  39.9 -0.447    19.06 21.21 02a57838o0458c  2.086957    True
57838.495005 19.038793      NaN   10.0    23 c    0   0.98 210.91068 54.30223 10385.55  9922.72 4.46 4.09  80.9 -0.414    19.01 21.18 02a57838o0459c  0.826087    True
57838.505700 18.826541      NaN   38.0    20 c    0   1.17 210.91068 54.30223 10314.04  9847.52 4.42 4.10  82.0 -0.402    19.02 21.17 02a57838o0479c  2.350000    True
57838.524714 19.631075      NaN  -51.0    17 c    0   1.03 210.91068 54.30223   186.05   486.25 4.25 4.18 -14.6 -0.374    19.03 21.14 02a57838o0515c -2.470588    8192
57838.528687 19.351140      NaN  -19.0    22 c    0   1.03 210.91068 54.30223  1539.54 10293.39 4.13 3.95  18.7 -0.402    19.04 21.15 02a57838o0522c -0.454545    True
57838.541835 19.302877      NaN  -19.0    23 c    0   0.95 210.91068 54.30223  1511.74 10355.90 4.23 3.75   9.1 -0.385    19.03 21.12 02a57838o0547c -0.434783    8192
57838.542881 18.748255      NaN   43.0    21 c    0   0.89 210.91068 54.30223   152.59   541.81 4.10 3.99 -87.7 -0.398    19.06 21.09 02a57838o0549c  2.476190    True
57842.515338 19.102305      NaN    8.0    22 c    0   1.03 210.91068 54.30223  3835.38  6707.01 4.04 3.91  55.5 -0.397    18.98 21.04 02a57842o0427c  0.772727   False
57842.526432 18.857417      NaN   32.0    21 c    0   1.01 210.91068 54.30223  3878.56  6782.68 4.26 4.09  67.2 -0.387    18.93 21.04 02a57842o0448c  1.952381   False
57842.544005 19.063754      NaN   14.0    21 c    0   1.09 210.91068 54.30223  3899.65  6662.46 4.12 3.95  75.7 -0.378    18.94 20.97 02a57842o0481c  1.095238   False
57862.478560 19.510313      NaN  -24.0    19 c    0   1.12 210.91068 54.30223  3527.64  6938.76 3.82 3.70  86.1 -0.396    18.84 20.47 02a57862o0525c -0.789474   False
57862.500554 19.183773      NaN   11.0    19 c    0   1.20 210.91068 54.30223  3504.73  6898.80 3.78 3.66  86.7 -0.402    18.76 20.25 02a57862o0570c  1.052632    True
57862.510937 18.910912      NaN   24.0    22 c    0   0.91 210.91068 54.30223  3561.61  6974.49 3.72 3.61  84.9 -0.412    18.74 20.17 02a57862o0591c  1.500000   False
57862.522570 18.933071      NaN   19.0    23 c    0   0.87 210.91068 54.30223  3585.58  6856.04 3.74 3.65  72.2 -0.401    18.68 20.07 02a57862o0615c  1.217391    True
57862.530436 19.212347      NaN    3.0    21 c    0   1.20 210.91068 54.30223  3552.48  6914.95 3.69 3.59  76.4 -0.414    18.67 20.02 02a57862o0631c  0.571429   False
57870.492158 19.631075      NaN    9.0    11 c    0   1.01 210.91068 54.30223  1899.52  8582.58 2.42 2.27   7.6 -0.466    19.53 20.68 02a57870o0440c  1.636364   False
57870.509600 19.868040      NaN   -1.0    11 c    0   1.19 210.91068 54.30223  1876.33  8544.64 2.44 2.28   5.7 -0.462    19.48 20.63 02a57870o0473c  0.727273   False
57870.517991 19.719755      NaN    2.0    12 c    0   1.27 210.91068 54.30223  1931.62  8616.61 2.45 2.31   7.1 -0.469    19.46 20.60 02a57870o0489c  0.916667    True
57870.530201 20.103715      NaN  -40.0    11 c    0   1.23 210.91068 54.30223  1957.31  8499.11 2.48 2.35   1.3 -0.461    19.42 20.58 02a57870o0512c -2.818182    4096
57870.541671 19.674510      NaN    4.0    12 c    0   1.29 210.91068 54.30223  1924.54  8556.79 2.47 2.35   0.6 -0.466    19.42 20.55 02a57870o0534c  1.083333   False
57894.386745 19.841877      NaN   -6.0    13 c    0   1.07 210.91068 54.30223  1322.47  9756.88 2.54 2.32 -11.5 -0.464    19.65 21.54 02a57894o0292c  0.230769    True
57894.416893 19.510313      NaN   18.0    10 c    0   1.22 210.91068 54.30223  1299.40  9716.14 2.59 2.35 -13.9 -0.469    19.81 21.74 02a57894o0349c  2.700000    8192
57894.419529 20.009244      NaN  -14.0    12 c    0   0.88 210.91068 54.30223  1356.88  9788.40 2.58 2.37  -6.4 -0.467    19.78 21.70 02a57894o0354c -0.416667    True
57894.441778 19.491430      NaN   13.0    12 c    0   1.00 210.91068 54.30223  1371.36  9668.55 2.53 2.29  -7.5 -0.474    19.68 21.53 02a57894o0396c  1.833333    True
57894.453543 19.454622      NaN   15.0    12 c    0   1.15 210.91068 54.30223  1336.30  9727.70 2.53 2.30  -4.3 -0.475    19.49 21.27 02a57894o0418c  2.000000    8192
57898.389114 20.103715      NaN  -23.0    11 c    0   1.01 210.91068 54.30223  1857.72  8707.33 2.66 2.37  -5.2 -0.481    19.73 21.69 02a57898o0138c -1.272727   False
57898.398663 20.039830      NaN   -1.0     9 c    0   1.89 210.91068 54.30223  1834.08  8667.34 2.48 2.29  -0.8 -0.503    19.78 21.72 02a57898o0156c  0.888889   False
57898.417223 20.009244      NaN  -16.0    12 c    0   0.99 210.91068 54.30223  1889.60  8741.17 2.59 2.34 -11.9 -0.486    19.75 21.68 02a57898o0191c -0.583333   False
57898.437402 19.791368      NaN    5.0    10 c    0   1.44 210.91068 54.30223  1915.54  8620.45 2.46 2.24   2.1 -0.504    19.75 21.62 02a57898o0229c  1.400000   False
57898.446924 20.009244      NaN  -17.0    12 c    0   1.09 210.91068 54.30223  1881.51  8677.91 2.67 2.48   1.7 -0.486    19.69 21.60 02a57898o0247c -0.666667   False
57902.386132 20.071303      NaN   -2.0     9 c    0   1.23 210.91068 54.30223  4381.61  7518.02 2.52 2.42  -3.7 -0.451    19.81 21.63 02a57902o0297c  0.777778    8192
57902.397408 20.103715      NaN  -15.0    11 c    0   1.13 210.91068 54.30223  4371.09  7478.12 2.57 2.47  -9.2 -0.461    19.77 21.60 02a57902o0319c -0.545455    True
57902.399963 20.171596      NaN   -8.0    10 c    0   1.20 210.91068 54.30223  4418.00  7556.09 2.59 2.45  -2.7 -0.449    19.78 21.58 02a57902o0324c  0.100000    8192
57902.422768 20.009244      NaN  -11.0    12 c    0   0.89 210.91068 54.30223  4442.27  7437.04 2.56 2.45  -0.2 -0.463    19.79 21.63 02a57902o0368c -0.166667    True
57902.433611 20.207197      NaN  -19.0    10 c    0   1.38 210.91068 54.30223  4407.12  7493.83 2.61 2.52  -1.9 -0.455    19.67 21.49 02a57902o0389c -1.000000    True
58020.235926 19.491430      NaN    7.0    14 c    0   0.90 210.91068 54.30223  3546.90  3754.84 2.42 2.31 -78.5 -0.409    19.28 20.64 02a58020o0006c  1.142857 8388609
58194.569176 20.103715      NaN  -12.0    11 c    0   1.18 210.91068 54.30223  2267.16  8871.34 2.55 2.35  22.2 -0.453    19.73 21.58 02a58194o0731c -0.272727   False
58194.580281 20.207197      NaN  -10.0    10 c    0   1.33 210.91068 54.30223  2242.91  8832.99 2.56 2.31  25.0 -0.452    19.75 21.58 02a58194o0749c -0.100000   False
58194.590959 20.103715      NaN  -23.0    11 c    0   1.10 210.91068 54.30223  2292.79  8905.19 2.63 2.46  14.6 -0.444    19.72 21.58 02a58194o0768c -1.272727   False
58194.602403 19.841877      NaN    3.0    10 c    0   1.22 210.91068 54.30223  2302.64  8786.25 2.41 2.21  17.2 -0.466    19.75 21.57 02a58194o0786c  1.200000    True
58196.529228 17.986280      NaN   64.0    53 c    0   1.00 210.91068 54.30223  4963.95  3688.35 2.58 2.44  19.6 -0.397    17.79 19.73 02a58196o0652c  1.377358   False
58196.535461 20.321591      NaN  -21.0     9 c    0   1.49 210.91068 54.30223  4932.62  3652.35 2.45 2.31  46.1 -0.411    19.80 21.89 02a58196o0663c -1.333333    4096
58196.543979 17.176728      NaN  186.0    98 c    0   1.35 210.91068 54.30223  4988.54  3727.57 2.45 2.34  37.9 -0.438    16.95 18.82 02a58196o0680c  1.989796   False
58251.578978 19.950541      NaN   -7.0    12 c    0   1.21 210.91068 54.30223  4132.15  3766.94 2.73 2.54 -53.0 -0.388    19.50 21.34 02a58251o0733c  0.166667    8192
58251.587115 19.841877      NaN    0.0    11 c    0   1.40 210.91068 54.30223  4131.43  3770.93 2.83 2.62 -51.3 -0.378    19.45 21.26 02a58251o0749c  0.818182    True
58251.594640 20.009244      NaN  -14.0    12 c    0   0.99 210.91068 54.30223  4119.87  3774.53 2.68 2.55 -50.4 -0.388    19.43 21.20 02a58251o0764c -0.416667    True
58251.602316 19.256669      NaN   12.0    17 c    0   0.60 210.91068 54.30223  4129.87  3777.27 3.00 2.79 -53.4 -0.380    19.28 21.09 02a58251o0779c  1.235294    True
58252.572007 19.922338      NaN  -26.0    13 c    0   1.01 210.91068 54.30223  4131.62  3763.06 2.58 2.45 -49.9 -0.394    19.44 21.13 02a58252o0684c -1.307692    True
58252.582264 19.922338      NaN  -31.0    13 c    0   0.98 210.91068 54.30223  4130.65  3768.31 2.51 2.40 -48.7 -0.402    19.46 21.08 02a58252o0703c -1.692308   False
58252.589663 19.472870      NaN   14.0    12 c    0   1.14 210.91068 54.30223  4118.89  3771.61 2.54 2.45 -46.9 -0.398    19.40 21.05 02a58252o0718c  1.916667   False
58252.598499 20.009244      NaN  -11.0    12 c    0   1.22 210.91068 54.30223  4130.02  3774.66 2.49 2.40 -53.1 -0.398    19.37 20.99 02a58252o0735c -0.166667   False
58256.417856 18.990530      NaN   14.0    23 c    0   0.34 210.91068 54.30223  3201.12  5360.15 2.37 2.34 -15.7 -0.425    19.82 21.77 02a58256o0256c  1.000000   False
58256.432475 20.449472      NaN  -11.0     8 c    0   1.22 210.91068 54.30223  3179.11  5319.68 2.41 2.41  22.4 -0.424    19.76 21.79 02a58256o0287c -0.250000   False
58256.449876 19.816329      NaN    4.0    10 c    0   0.83 210.91068 54.30223  3235.21  5395.79 2.34 2.31  11.5 -0.431    19.80 21.75 02a58256o0324c  1.300000    True
58256.458792 20.103715      NaN   -3.0     9 c    0   0.97 210.91068 54.30223  3259.12  5276.65 2.38 2.30  39.7 -0.426    19.79 21.74 02a58256o0343c  0.666667   False
58280.393689 20.449472      NaN  -15.0     8 c    0   1.68 210.91068 54.30223  5365.53  4880.60 2.45 2.41 -69.2 -0.419    19.75 21.71 02a58280o0323c -0.750000   False
58280.407270 20.103715      NaN  -23.0    11 c    0   1.08 210.91068 54.30223  5355.23  4844.49 2.53 2.51  54.7 -0.412    19.67 21.62 02a58280o0352c -1.272727   False
58280.414598 19.922338      NaN  -18.0    13 c    0   0.98 210.91068 54.30223  5410.59  4918.28 2.44 2.41  54.1 -0.422    19.45 21.31 02a58280o0368c -0.692308   False
58280.424534 19.979496      NaN   -2.0    10 c    0   1.24 210.91068 54.30223  5421.75  4805.94 2.42 2.38  53.6 -0.418    19.72 21.59 02a58280o0389c  0.700000   False
58284.387122 19.922338      NaN   -3.0    11 c    0   1.05 210.91068 54.30223  2838.12  5631.45 2.36 2.30   0.7 -0.420    19.59 21.41 02a58284o0307c  0.545455   False
58284.391741 20.321591      NaN  -11.0     9 c    0   1.87 210.91068 54.30223  2812.56  5592.91 2.35 2.29   4.0 -0.423    19.62 21.46 02a58284o0317c -0.222222   False
58284.403480 20.103715      NaN  -11.0    11 c    0   1.07 210.91068 54.30223  2871.09  5670.42 2.40 2.34  20.7 -0.428    19.67 21.53 02a58284o0342c -0.181818   False
58284.411716 20.207197      NaN  -14.0    10 c    0   1.10 210.91068 54.30223  2892.42  5549.83 2.44 2.38  22.0 -0.430    19.70 21.54 02a58284o0360c -0.500000   False
58308.365311 19.894850      NaN    1.0    10 c    0   0.87 210.91068 54.30223  5577.26  3900.78 2.75 2.47 -51.2 -0.410    19.67 21.59 02a58308o0015c  1.000000    8192
58308.374538 20.207197      NaN   -9.0    10 c    0   1.48 210.91068 54.30223  5598.70  3782.28 2.67 2.48 -52.0 -0.409    19.64 21.54 02a58308o0035c  0.000000    8192
58312.333401 19.766969      NaN    9.0     9 c    0   1.46 210.91068 54.30223  5128.10  3939.57 2.52 2.35 -53.8 -0.416    19.75 21.63 02a58312o0193c  2.000000   False
58312.339561 20.137125      NaN   -4.0     9 c    0   1.25 210.91068 54.30223  5102.89  3899.22 2.69 2.43 -54.7 -0.407    19.71 21.63 02a58312o0206c  0.555556   False
58312.349040 20.207197      NaN  -23.0    10 c    0   1.01 210.91068 54.30223  5160.27  3975.89 2.58 2.48 -50.9 -0.410    19.67 21.61 02a58312o0226c -1.400000   False
58312.361108 19.674510      NaN    7.0    11 c    0   0.85 210.91068 54.30223  5182.50  3858.47 2.53 2.47 -50.2 -0.409    19.68 21.58 02a58312o0252c  1.454545    True
58316.328042 19.510313      NaN    6.0    14 c    0   1.08 210.91068 54.30223  3266.84  3419.74 3.09 2.96 -62.0 -0.381    19.36 21.19 02a58316o0183c  1.071429    True
58316.337992 19.569016      NaN    6.0    13 c    0   1.13 210.91068 54.30223  3255.84  3378.69 3.05 3.00  68.3 -0.366    19.34 21.27 02a58316o0204c  1.153846    8192
58316.346903 19.979496 0.322786   28.0    11 c    0   1.52 210.91068 54.30223  3311.41  3454.12 2.82 2.80  35.8 -0.378    19.44 21.34 02a58316o0223c  3.363636    True
58316.359453 19.922338      NaN  -19.0    13 c    0   0.82 210.91068 54.30223  3333.45  3336.69 3.39 3.33 -52.8 -0.357    19.31 21.41 02a58316o0250c -0.769231    8192
58344.281357 19.922338      NaN  -15.0    13 c    0   1.18 210.91068 54.30223  3986.51  2664.08 2.61 2.40 -55.2 -0.387    19.46 21.13 02a58344o0108c -0.461538    True
58344.290487 19.922338      NaN  -21.0    13 c    0   1.25 210.91068 54.30223  3975.39  2624.80 2.74 2.55 -63.2 -0.394    19.41 21.10 02a58344o0127c -0.923077    8192
58344.299671 19.549093      NaN    7.0    13 c    0   1.15 210.91068 54.30223  4031.74  2700.75 2.67 2.48 -55.6 -0.384    19.08 20.79 02a58344o0146c  1.230769    8192
58344.308612 19.569016      NaN    6.0    13 c    0   0.83 210.91068 54.30223  4053.42  2578.53 2.62 2.50 -52.1 -0.392    19.43 21.14 02a58344o0165c  1.153846    True
58376.224249 19.212347      NaN  -27.0    25 c    0   0.87 210.91068 54.30223  5670.21  2153.42 2.62 2.39 -58.6 -0.397    18.75 19.69 02a58376o0028c -0.720000   False
58376.230043 19.631075      NaN  -20.0    17 c    0   1.05 210.91068 54.30223  5658.54  2113.56 2.56 2.41 -64.1 -0.391    18.99 20.12 02a58376o0040c -0.647059    True
58376.238331 19.115465      NaN   19.0    18 c    0   0.85 210.91068 54.30223  5713.46  2215.98 2.68 2.50 -61.2 -0.388    19.11 20.35 02a58376o0057c  1.555556   False
58376.247461 19.302877      NaN    0.0    20 c    0   0.74 210.91068 54.30223  5736.79  2089.49 2.89 2.78 -67.9 -0.379    19.00 20.36 02a58376o0076c  0.450000   False
58520.663770 20.009244      NaN  -27.5    12 c    0   0.95 210.91068 54.30223  4403.82  7820.14 2.59 2.36  19.3 -0.464    19.68 21.60 02a58520o0274c -1.750000    8192
58520.673685 19.014394      NaN  -43.5    30 c    0   2.03 210.91068 54.30223  4378.23  7780.33 2.64 2.45  19.8 -0.473    18.45 19.41 02a58520o0295c -1.233333    True
58576.556729 19.816329      NaN    3.5    11 c    0   1.45 210.91068 54.30223  7711.09    83.88 2.48 2.09 -59.9 -0.404    19.78 21.80 02a58576o0718c  0.909091   False
58576.558102 20.039830      NaN    1.5     9 c    0   1.54 210.91068 54.30223  7977.82  9821.21 2.66 2.50 -64.8 -0.402    19.80 21.82 02a58576o0721c  0.888889   False
58576.570795 19.696897      NaN    8.5    11 c    0   1.32 210.91068 54.30223  7953.45  9780.14 2.75 2.52 -54.5 -0.415    19.76 21.80 02a58576o0748c  1.363636   False
58576.571708 17.829663      NaN    6.5    85 c    0   0.07 210.91068 54.30223  7687.81    42.20 2.55 2.17 -54.5 -0.393    19.74 21.77 02a58576o0750c  0.152941   False
58576.577207 19.491430      NaN   15.5    12 c    0   1.24 210.91068 54.30223  7753.33   122.04 2.57 2.18 -55.4 -0.421    19.76 21.75 02a58576o0762c  1.833333   False
58576.578589 20.207197      NaN   -6.5    10 c    0   1.58 210.91068 54.30223  8008.57  9860.87 2.82 2.48 -54.2 -0.409    19.73 21.78 02a58576o0765c  0.000000   False
58576.591620 20.009244      NaN  -11.5    12 c    0   1.02 210.91068 54.30223  8029.16  9743.68 2.90 2.51 -53.6 -0.401    19.67 21.74 02a58576o0792c -0.416667    True
58580.533459 19.894850      NaN    3.5    10 c    0   1.58 210.91068 54.30223  7589.85  7858.23 2.64 2.49  45.0 -0.407    19.60 21.43 02a58580o0667c  1.000000   False
58580.553444 19.696897      NaN    5.5    12 c    0   1.09 210.91068 54.30223  7622.80  7896.43 2.56 2.54  80.5 -0.405    19.66 21.40 02a58580o0709c  1.000000   False
58580.565220 19.631075      NaN    8.5    12 c    0   0.94 210.91068 54.30223  7643.92  7778.65 2.60 2.52  67.4 -0.409    19.59 21.37 02a58580o0734c  1.250000   False
58604.470220 19.979496      NaN    0.5    10 c    0   1.16 210.91068 54.30223  7316.08  3977.90 2.37 2.30  44.8 -0.399    19.60 21.61 02a58604o0438c  0.700000   False
58604.485174 20.207197      NaN   -7.5    10 c    0   1.05 210.91068 54.30223  7292.96  3938.62 2.37 2.30 -64.5 -0.409    19.59 21.62 02a58604o0470c -0.100000   False
58604.494705 19.894850      NaN    0.5    11 c    0   1.11 210.91068 54.30223  7346.69  4013.64 2.41 2.38  49.6 -0.404    19.60 21.58 02a58604o0490c  0.636364   False
58604.501777 20.103715      NaN  -27.5    11 c    0   1.37 210.91068 54.30223  7369.17  3900.02 2.48 2.38 -61.4 -0.399    19.53 21.55 02a58604o0505c -1.909091   False
58612.399959 20.103715      NaN  -12.5    11 c    0   0.93 210.91068 54.30223  9085.98  6873.73 2.56 2.46  58.6 -0.421    19.76 21.60 02a58612o0365c -0.545455   False
58612.401822 20.103715      NaN   -6.5    11 c    0   1.16 210.91068 54.30223  9066.28  6834.00 2.56 2.46  57.5 -0.406    19.79 21.60 02a58612o0369c  0.000000   False
58612.407474 19.454622      NaN   17.5    12 c    0   0.81 210.91068 54.30223  9122.48  6913.71 2.57 2.48  79.4 -0.420    19.76 21.61 02a58612o0381c  2.000000   False
58612.432540 20.009244      NaN  -16.5    12 c    0   1.38 210.91068 54.30223  9132.12  6796.21 2.59 2.47  47.8 -0.461    19.78 21.63 02a58612o0433c -0.833333   False
58636.335628 19.816329      NaN    3.5    11 c    0   1.22 210.91068 54.30223  1823.27  7498.95 2.48 2.37 -16.1 -0.429    19.71 21.76 02a58636o0227c  0.909091   False
58636.341238 19.841877      NaN    5.5    10 c    0   1.29 210.91068 54.30223  8756.01  3033.02 2.37 2.26 -63.6 -0.422    19.80 21.76 02a58636o0239c  1.200000   False
58636.347261 19.609992      NaN   15.5    10 c    0   1.17 210.91068 54.30223  8820.16  3122.45 2.44 2.24 -62.2 -0.411    19.80 21.77 02a58636o0252c  2.200000   False
58636.365477 19.529530      NaN   19.5    10 c    0   0.99 210.91068 54.30223  8834.58  3002.93 2.46 2.24 -63.5 -0.413    19.75 21.70 02a58636o0291c  2.600000    True
58664.300439 19.719755      NaN   10.5    10 c    0   1.40 210.91068 54.30223  2495.29  1191.28 2.38 2.29 -65.4 -0.433    19.78 21.60 02a58664o0137c  1.700000   False
58664.303183 20.009244      NaN   -0.5    10 c    0   1.01 210.91068 54.30223  2474.26  1152.37 2.42 2.27 -59.9 -0.420    19.81 21.61 02a58664o0143c  0.600000   False
58664.308728 20.207197      NaN   -9.5    10 c    0   0.86 210.91068 54.30223  2531.95  1226.10 2.35 2.27 -77.7 -0.405    19.80 21.64 02a58664o0155c -0.300000    True
58664.318819 20.071303      NaN   -2.5    10 c    0   0.82 210.91068 54.30223  2552.53  1108.09 2.35 2.23 -75.0 -0.431    19.82 21.68 02a58664o0177c  0.400000   False
58668.360430 19.652575      NaN   13.5    10 c    0   1.24 210.91068 54.30223  6974.84  4761.55 2.58 2.30  40.7 -0.393    19.70 21.53 02a58668o0259c  2.000000   False
58668.363476 19.894850      NaN   -2.5    12 c    0   1.38 210.91068 54.30223  6955.23  4721.32 2.60 2.25  40.7 -0.571    19.74 21.50 02a58668o0265c  0.333333   False
58668.370013 19.743105      NaN    6.5    11 c    0   1.19 210.91068 54.30223  7010.63  4797.62 2.68 2.25  39.4 -0.390    19.70 21.46 02a58668o0279c  1.181818   False
58668.381748 19.791368      NaN   -1.5    13 c    0   0.61 210.91068 54.30223  7029.89  4679.40 2.56 2.27  38.1 -0.387    19.72 21.46 02a58668o0304c  0.384615   False
58692.299708 20.103715      NaN  -15.5    11 c    0   0.81 210.91068 54.30223  8880.88  5205.89 2.65 2.49  41.4 -0.392    19.68 21.66 02a58692o0140c -0.818182   False
58692.302589 19.868040      NaN    4.5    10 c    0   1.31 210.91068 54.30223  8860.66  5165.83 2.64 2.45  38.1 -0.389    19.70 21.66 02a58692o0146c  1.100000   False
58692.308687 20.137125      NaN   -4.5    10 c    0   1.35 210.91068 54.30223  8916.29  5245.37 2.53 2.46  53.7 -0.394    19.67 21.63 02a58692o0157c  0.200000   False
58692.318540 19.841877      NaN    2.5    11 c    0   1.23 210.91068 54.30223  8934.84  5128.94 2.56 2.44  41.4 -0.392    19.70 21.60 02a58692o0178c  0.818182   False
58696.259275 19.609992      NaN   15.5    10 c    0   1.29 210.91068 54.30223  8887.32  5209.04 2.77 2.47 -64.3 -0.398    19.61 21.39 02a58696o0060c  2.200000   False
58696.263160 20.009244      NaN   -0.5    10 c    0   1.48 210.91068 54.30223  8866.46  5168.62 2.89 2.48 -64.6 -0.396    19.64 21.51 02a58696o0068c  0.600000   False
58696.268990 19.894850      NaN    3.5    10 c    0   1.28 210.91068 54.30223  8923.30  5248.66 2.87 2.52 -64.1 -0.401    19.66 21.57 02a58696o0080c  1.000000   False
58696.279054 20.103715      NaN   -6.5    11 c    0   1.13 210.91068 54.30223  8939.25  5139.03 2.99 2.55 -63.9 -0.397    19.61 21.57 02a58696o0101c  0.000000   False
58700.300639 19.894850      NaN   -2.5    12 c    0   0.74 210.91068 54.30223  3343.43  7080.60 2.45 2.42   7.5 -0.386    19.55 21.20 02a58700o0151c  0.333333    True
58700.303953 20.207197      NaN  -18.5    10 c    0   1.03 210.91068 54.30223  3324.72  7040.58 2.38 2.34  -0.5 -0.391    19.59 21.19 02a58700o0158c -1.200000    8192
58700.310446 20.009244      NaN  -14.5    12 c    0   0.77 210.91068 54.30223  3380.79  7118.58 2.47 2.37  26.5 -0.380    19.54 21.19 02a58700o0172c -0.666667    8192
58700.320640 19.696897      NaN    5.5    12 c    0   0.90 210.91068 54.30223  3400.51  6999.65 2.44 2.40   0.1 -0.389    19.55 21.17 02a58700o0194c  1.000000    True
58708.299948 18.878500      NaN  -12.5    34 c    0   1.31 210.91068 54.30223  4766.64  3190.52 2.87 2.31  41.7 -0.386    18.22 19.07 02a58708o0161c -0.176471   False
58708.302750 18.410251      NaN   21.5    43 c    0   1.53 210.91068 54.30223  4745.58  3151.88 2.82 2.29  42.5 -0.399    18.06 18.90 02a58708o0167c  0.651163   False
58708.309789 18.280067      NaN   44.5    42 c    0   0.80 210.91068 54.30223  4805.46  3230.89 2.94 2.35  42.2 -0.375    17.75 18.71 02a58708o0182c  1.214286   False
58708.319771 18.910912      NaN  -39.5    33 c    0   1.29 210.91068 54.30223  4826.85  3112.32 2.71 2.33  39.5 -0.399    18.16 18.98 02a58708o0203c -1.000000    True
58724.254212 20.207197      NaN  -10.5    10 c    0   2.22 210.91068 54.30223  5038.28  4833.15 2.75 2.32  34.3 -0.404    19.58 21.32 02a58724o0081c -0.400000   False
58724.257423 19.922338      NaN   -3.5    12 c    0   1.57 210.91068 54.30223  5019.78  4794.90 2.64 2.29  38.5 -0.401    19.54 21.31 02a58724o0088c  0.250000   False
58724.263511 19.743105      NaN    3.5    12 c    0   1.57 210.91068 54.30223  5074.93  4870.75 2.76 2.32  36.7 -0.393    19.50 21.30 02a58724o0101c  0.833333   False
58724.275107 19.631075      NaN   11.5    11 c    0   1.51 210.91068 54.30223  5095.76  4757.08 2.72 2.32  36.3 -0.394    19.49 21.25 02a58724o0126c  1.636364   False
58872.552407 20.103715      NaN  -26.5    11 c    0   0.79 210.91068 54.30223  3594.65  5812.60 2.53 2.32  43.9 -0.392    19.85 22.00 02a58872o0760c -1.818182   False
58872.555279 20.103715      NaN  -13.5    11 c    0   0.90 210.91068 54.30223  3616.72  5850.42 2.36 2.33 -56.2 -0.411    19.81 21.99 02a58872o0766c -0.636364   False
58872.561131 20.137125      NaN    1.5     8 c    0   1.38 210.91068 54.30223  3559.20  5771.25 2.35 2.31 -49.0 -0.410    19.84 21.99 02a58872o0778c  1.000000   False
58872.571799 20.207197      NaN  -21.5    10 c    0   1.09 210.91068 54.30223  3528.62  5891.75 2.52 2.31  40.8 -0.393    19.84 22.02 02a58872o0799c -1.500000   False
58876.651589 19.719755      NaN    7.5    11 c    0   1.22 210.91068 54.30223  1954.69  9659.43 2.41 2.33 -38.2 -0.426    19.70 21.82 02a58876o0927c  1.272727    True
58876.655266 19.631075      NaN  -30.5    17 c    0   1.04 210.91068 54.30223  1973.86  9698.28 2.50 2.37 -43.3 -0.418    19.31 21.31 02a58876o0935c -1.411765    True
58876.662978 19.334813      NaN   12.5    16 c    0   1.07 210.91068 54.30223  1916.18  9619.24 2.45 2.31 -39.6 -0.420    19.30 21.14 02a58876o0951c  1.187500    True
58876.669196 19.128787      NaN  -19.5    27 c    0   1.43 210.91068 54.30223  1895.12  9735.74 2.47 2.31 -35.2 -0.427    18.50 19.82 02a58876o0963c -0.481481    8192
58884.593779 19.791368      NaN   13.0    11 c    0   0.58 210.91068 54.30223  5083.48  1964.48 2.50 2.27  50.1 -0.395    19.82 21.99 02a58884o0827c  1.000000    True
58884.596741 20.207197      NaN   -4.0    10 c    0   0.77 210.91068 54.30223  5108.22  1999.92 2.43 2.20 -61.5 -0.403    19.85 21.98 02a58884o0833c -0.600000   False
58884.605408 20.137125      NaN    4.0    10 c    0   0.90 210.91068 54.30223  5053.02  1923.54 2.47 2.26 -62.9 -0.401    19.81 21.98 02a58884o0851c  0.200000   False
58884.615927 20.321591      NaN   -4.0     9 c    0   1.29 210.91068 54.30223  5031.40  2042.33 2.43 2.26  52.1 -0.399    19.81 21.99 02a58884o0873c -0.666667   False
58900.591861 20.207197      NaN   -7.0    10 c    0   1.26 210.91068 54.30223  7245.38  3503.10 2.54 2.48  70.2 -0.387    19.55 21.59 02a58900o0772c -0.900000   False
58900.593725 19.922338      NaN  -27.0    13 c    0   1.24 210.91068 54.30223  7267.39  3534.89 2.56 2.43 -67.9 -0.391    19.32 21.32 02a58900o0776c -2.230769   False
58900.597390 20.009244      NaN  -17.0    12 c    0   1.55 210.91068 54.30223  7209.38  3463.29 2.87 2.78 -67.7 -0.394    19.29 21.41 02a58900o0783c -1.583333   False
58900.608099 20.103715      NaN   -7.0    11 c    0   1.08 210.91068 54.30223  3395.42  7001.23 2.76 2.65 -56.4 -0.386    19.52 21.66 02a58900o0803c -0.818182    True
58932.513609 19.868040      NaN    4.0    13 c    0   0.84 210.91068 54.30223  3624.76  8735.34 2.66 2.33 -51.9 -0.412    19.73 21.71 02a58932o0633c  0.153846   False
58932.516828 20.009244      NaN   -4.0    12 c    0   0.93 210.91068 54.30223  3605.92  8695.95 2.70 2.37 -52.4 -0.412    19.70 21.70 02a58932o0640c -0.500000   False
58932.522331 20.207197      NaN   -2.0    10 c    0   1.55 210.91068 54.30223  3660.72  8771.67 2.65 2.29 -51.7 -0.416    19.71 21.69 02a58932o0652c -0.400000   False
58932.532128 19.979496      NaN    6.0    11 c    0   1.09 210.91068 54.30223  3679.29  8654.49 2.64 2.33 -52.4 -0.413    19.72 21.67 02a58932o0673c  0.363636   False
58956.480280 19.894850      NaN   12.0    10 c    0   1.49 210.91068 54.30223   393.95  1386.81 2.72 2.33 -57.7 -0.410    19.70 21.69 02a58956o0530c  1.000000   False
58956.483493 19.979496      NaN    9.0    10 c    0   1.37 210.91068 54.30223   373.39  1347.94 2.74 2.36 -59.2 -0.412    19.68 21.70 02a58956o0537c  0.700000   False
58956.489223 20.207197      NaN  -26.0    10 c    0   1.30 210.91068 54.30223   433.22  1417.57 2.74 2.35 -57.8 -0.413    19.70 21.68 02a58956o0549c -2.800000   False
58956.499532 20.449472      NaN   -7.0     8 c    0   2.35 210.91068 54.30223   453.18  1296.34 2.77 2.39 -59.4 -0.415    19.66 21.63 02a58956o0570c -1.125000   False
58960.425104 19.922338      NaN   -8.0    13 c    0   1.00 210.91068 54.30223 10193.85  9190.75 2.96 2.81  45.4 -0.374    19.66 21.55 02a58960o0416c -0.769231   False
58960.428590 20.244005      NaN    4.0     9 c    0   1.44 210.91068 54.30223   365.32  1351.63 2.56 2.33 -59.1 -0.412    19.70 21.56 02a58960o0423c  0.222222   False
58960.434799 20.207197      NaN   -4.0    10 c    0   1.21 210.91068 54.30223   426.00  1422.22 2.49 2.33 -57.7 -0.416    19.72 21.56 02a58960o0436c -0.600000   False
58960.471580 20.103715      NaN   -4.0    11 c    0   1.04 210.91068 54.30223   451.50  1298.75 2.37 2.29  77.0 -0.420    19.72 21.63 02a58960o0459c -0.545455   False
58964.430982 18.666446      NaN   48.0    26 c    0   1.27 210.91068 54.30223  7130.59  6894.29 2.52 2.46 -82.4 -0.404    18.74 20.40 02a58964o0427c  1.769231   False
58964.434180 18.623526      NaN   -9.0    43 c    0   0.78 210.91068 54.30223  7111.89  6854.72 2.54 2.51  84.9 -0.397    18.18 19.79 02a58964o0434c -0.255814    True
58964.440185 19.631075      NaN    2.0    17 c    0   1.43 210.91068 54.30223  7168.11  6934.18 2.64 2.58 -70.4 -0.392    19.01 20.86 02a58964o0447c  0.000000   False
58964.475522 20.207197      NaN   -4.0    10 c    0   1.33 210.91068 54.30223  7183.78  6818.83 2.63 2.56  42.1 -0.395    19.59 21.44 02a58964o0523c -0.600000   False
58984.385056 19.631075      NaN   20.0    11 c    0   0.96 210.91068 54.30223  1461.80  6770.90 2.37 2.24  11.3 -0.404    19.75 21.72 02a58984o0250c  1.636364   False
58984.388259 20.244005      NaN    4.0     9 c    0   1.40 210.91068 54.30223  1443.45  6730.16 2.37 2.20 -51.0 -0.414    19.79 21.70 02a58984o0257c  0.222222   False
58984.393747 20.321591      NaN  -17.0     9 c    0   0.81 210.91068 54.30223  1501.25  6807.00 2.38 2.21 -48.2 -0.421    19.78 21.71 02a58984o0269c -2.111111   False
58984.404468 20.594452      NaN  -19.0     7 c    0   2.44 210.91068 54.30223  1526.58  6689.32 2.37 2.20 -45.8 -0.416    19.79 21.73 02a58984o0290c -3.000000   False
58988.407142 20.207197      NaN  -10.0    10 c    0   1.16 210.91068 54.30223  6729.58  3106.12 2.59 2.29  35.5 -0.390    19.71 21.63 02a58988o0375c -1.200000   False
58988.410344 20.071303      NaN   12.0     8 c    0   1.61 210.91068 54.30223  6712.31  3067.48 2.44 2.34  35.0 -0.395    19.73 21.61 02a58988o0382c  1.250000   False
58988.415874 20.071303      NaN    9.0     9 c    0   1.14 210.91068 54.30223  6770.00  3144.11 2.44 2.31  38.5 -0.393    19.70 21.59 02a58988o0394c  0.777778   False
58988.427368 20.321591      NaN   -4.0     9 c    0   1.20 210.91068 54.30223  6794.57  3031.13 2.36 2.34  83.0 -0.396    19.72 21.59 02a58988o0419c -0.666667   False
58992.358373 20.171596      NaN    3.0    10 c    0   1.41 210.91068 54.30223  6735.95  3113.48 2.63 2.41  33.3 -0.389    19.73 21.75 02a58992o0269c  0.100000   False
58992.361575 20.207197      NaN   -5.0    10 c    0   1.03 210.91068 54.30223  6716.03  3073.60 2.55 2.36  32.6 -0.393    19.72 21.74 02a58992o0276c -0.700000   False
58992.367526 20.207197      NaN   -1.0    10 c    0   1.32 210.91068 54.30223  6774.49  3151.22 2.59 2.40  31.5 -0.386    19.74 21.75 02a58992o0289c -0.300000   False
58992.401785 20.321591      NaN  -14.0     9 c    0   1.25 210.91068 54.30223  6791.23  3032.15 2.63 2.38  29.0 -0.384    19.70 21.75 02a58992o0362c -1.777778   False
59011.354173 20.171596      NaN    9.0     8 c    0   2.00 210.91068 54.30223  9038.08  6869.08 3.00 2.95  56.7 -0.382    19.64 21.96 02a59011o0241c  0.875000 8388609
59011.357398 20.009244      NaN  -15.0    12 c    0   0.75 210.91068 54.30223  9016.57  6823.47 2.93 2.86  55.6 -0.384    19.67 21.95 02a59011o0248c -1.416667 8388609
59011.363858 20.207197      NaN  -12.0    10 c    0   1.11 210.91068 54.30223  9073.22  6904.59 2.94 2.90  48.6 -0.385    19.68 21.95 02a59011o0262c -1.400000 8388609
59011.384568 19.841877      NaN  -18.0    14 c    0   1.14 210.91068 54.30223  9085.07  6786.00 3.90 3.56  31.1 -0.330    19.44 21.95 02a59011o0306c -1.428571 8388609
59015.333919 20.321591      NaN  -11.0     9 c    0   1.23 210.91068 54.30223  9037.24  6863.60 2.65 2.57  57.9 -0.399    19.78 21.91 02a59015o0200c -1.444444    True
59015.337583 20.103715      NaN   -6.0    11 c    0   1.12 210.91068 54.30223  9018.44  6822.72 2.63 2.55  63.8 -0.398    19.79 21.90 02a59015o0208c -0.727273   False
59015.343104 20.009244      NaN  -16.0    12 c    0   0.85 210.91068 54.30223  9072.21  6903.61 2.76 2.45  35.9 -0.390    19.78 21.90 02a59015o0220c -1.500000   False
59015.354141 20.103715      NaN    2.0    11 c    0   0.95 210.91068 54.30223  9091.31  6789.02 2.69 2.59  67.8 -0.396    19.76 21.87 02a59015o0244c  0.000000   False
59020.330908 20.103715      NaN   -9.0    11 c    0   0.96 210.91068 54.30223  6565.59   963.89 2.45 2.32 -69.3 -0.404    19.50 21.38 02a59020o0132c -1.000000   False
59020.334109 20.039830      NaN    7.0    10 c    0   0.89 210.91068 54.30223  6545.02   923.66 2.44 2.30 -64.0 -0.401    19.75 21.74 02a59020o0139c  0.500000   False
59020.341236 20.207197      NaN    2.0    10 c    0   1.35 210.91068 54.30223  6604.75  1004.54 2.54 2.42  88.3 -0.392    19.60 21.65 02a59020o0154c  0.000000   False
59020.352367 19.696897      NaN    8.0    14 c    0   1.14 210.91068 54.30223  6623.78   881.27 2.36 2.31 -82.8 -0.405    19.43 21.35 02a59020o0178c  0.428571   False
59040.285251 19.950541      NaN    4.0    12 c    0   0.94 210.91068 54.30223  8738.95  3077.19 2.87 2.73 -61.8 -0.377    19.58 21.62 02a59040o0091c  0.166667   False
59040.288469 20.009244      NaN   -1.0    12 c    0   1.08 210.91068 54.30223  8719.22  3037.09 2.82 2.70 -57.7 -0.372    19.58 21.62 02a59040o0098c -0.250000    True
59040.295427 20.321591      NaN  -26.0     9 c    0   1.44 210.91068 54.30223  8778.67  3114.70 2.74 2.65 -59.8 -0.378    19.70 21.65 02a59040o0113c -3.111111    4096
59040.306084 20.171596      NaN    3.0    10 c    0   0.95 210.91068 54.30223  8800.04  2996.94 2.80 2.70  41.2 -0.379    19.65 21.66 02a59040o0136c  0.100000   False
59044.317072 20.103715      NaN  -26.0    11 c    0   1.08 210.91068 54.30223   788.52  3008.23 2.48 2.27 -55.6 -0.400    19.71 21.76 02a59044o0158c -2.545455    True
59044.320832 20.207197      NaN  -11.0    10 c    0   0.98 210.91068 54.30223   766.85  2968.18 2.53 2.34 -61.3 -0.402    19.68 21.77 02a59044o0166c -1.300000   False
59044.327714 20.207197      NaN  -13.0    10 c    0   0.98 210.91068 54.30223   829.45  3046.32 2.61 2.46 -60.5 -0.404    19.62 21.76 02a59044o0181c -1.500000   False
59044.337475 20.207197      NaN  -17.0    10 c    0   1.36 210.91068 54.30223   852.59  2925.92 2.75 2.44 -57.4 -0.396    19.60 21.71 02a59044o0202c -1.900000   False
59048.285981 20.321591      NaN  -11.0     9 c    0   1.31 210.91068 54.30223   794.74  3012.60 2.55 2.35  34.0 -0.395    19.64 21.53 02a59048o0095c -1.444444   False
59048.290126 19.922338      NaN   -2.0    13 c    0   0.76 210.91068 54.30223   773.97  2973.92 2.65 2.36  36.6 -0.389    19.44 21.30 02a59048o0104c -0.307692   False
59048.296595 20.321591      NaN  -16.0     9 c    0   1.43 210.91068 54.30223   832.98  3047.34 2.56 2.32  35.8 -0.393    19.57 21.51 02a59048o0118c -2.000000    True
59048.308077 19.950541      NaN   10.0    10 c    0   0.91 210.91068 54.30223   856.81  2927.80 2.36 2.33  15.5 -0.405    19.68 21.65 02a59048o0143c  0.800000   False
59108.240914 19.609992      NaN   18.0    12 c    0   1.93 210.91068 54.30223  4755.56  3182.13 2.37 2.34  62.2 -0.401    19.32 20.86 02a59108o0046c  1.333333   False
59108.246004 19.922338      NaN  -15.0    13 c    0   1.56 210.91068 54.30223  4735.25  3155.22 2.56 2.40  37.6 -0.391    19.27 20.84 02a59108o0057c -1.307692   False
59108.250126 19.766969      NaN   -5.0    15 c    0   1.09 210.91068 54.30223  4794.85  3226.49 2.42 2.39  52.3 -0.395    19.30 20.84 02a59108o0066c -0.466667   False
59108.260706 19.631075      NaN  -23.0    17 c    0   0.72 210.91068 54.30223  4814.32  3116.37 2.62 2.44 -52.2 -0.395    19.22 20.80 02a59108o0089c -1.470588   False
59206.608827 19.674510      NaN   24.0     9 c    0   1.51 210.91068 54.30223  4766.86  3169.70 2.53 2.47 -30.5 -0.370    19.71 21.84 01a59206o0880c  2.444444   False
59206.612058 19.922338      NaN   11.0    10 c    0   1.08 210.91068 54.30223  4744.91  3134.81 2.57 2.51 -32.1 -0.368    19.69 21.85 01a59206o0887c  0.900000   False
59206.617585 20.207197      NaN   -7.0    10 c    0   0.92 210.91068 54.30223  4806.07  3211.23 2.73 2.64  -7.8 -0.359    19.62 21.85 01a59206o0899c -0.900000   False
59206.631405 20.103715      NaN    5.0    10 c    0   1.13 210.91068 54.30223  4824.45  3099.38 2.77 2.58  21.5 -0.358    19.63 21.85 01a59206o0929c  0.300000   False
59208.639885 20.207197      NaN   -9.0    10 c    0   1.38 210.91068 54.30223  8798.53  1675.32 2.61 2.33 -54.3 -0.407    19.68 21.64 02a59208o0962c -1.100000   False
59208.650450 20.171596      NaN    3.0    10 c    0   0.98 210.91068 54.30223  8818.90  1714.30 2.61 2.34 -53.9 -0.404    19.70 21.65 02a59208o0985c  0.100000   False
59208.655955 20.207197      NaN  -10.0    10 c    0   1.26 210.91068 54.30223  8764.32  1641.01 2.58 2.31 -55.3 -0.401    19.67 21.61 02a59208o0997c -1.200000   False
59208.664725 19.868040      NaN   10.0    11 c    0   1.32 210.91068 54.30223  8746.03  1761.70 2.57 2.34 -56.5 -0.404    19.41 20.84 02a59208o1016c  0.727273   False
59228.630646 19.696897      NaN   17.0    11 c    0   1.04 210.91068 54.30223  7496.52  5613.34 2.68 2.51  50.1 -0.390    19.74 21.88 02a59228o0867c  1.363636   False
59228.633851 20.039830      NaN    7.0    10 c    0   0.94 210.91068 54.30223  7516.74  5651.66 2.71 2.51  48.6 -0.388    19.72 21.88 02a59228o0874c  0.500000   False
59228.650265 20.207197      NaN  -24.0    10 c    0   0.97 210.91068 54.30223  7464.59  5577.92 2.70 2.49  48.0 -0.390    19.76 21.90 02a59228o0909c -2.600000    4096
59228.658974 19.894850      NaN    6.0    12 c    0   1.12 210.91068 54.30223  7445.36  5695.10 2.69 2.45  45.7 -0.392    19.80 21.83 02a59228o0928c  0.333333   False
59230.596813 20.321591      NaN   -3.0     9 c    0   1.25 210.91068 54.30223  3646.08  8707.39 2.94 2.60 -76.7 -0.397    19.72 22.31 01a59230o0856c -0.555556   False
59230.600047 20.103715      NaN    5.0    10 c    0   0.86 210.91068 54.30223  3626.73  8669.75 2.90 2.59 -77.3 -0.395    19.77 22.33 01a59230o0863c  0.300000   False
59230.605590 20.071303      NaN    6.0    10 c    0   0.79 210.91068 54.30223  3684.99  8743.12 2.80 2.62 -83.7 -0.389    19.76 22.34 01a59230o0875c  0.400000   False
59230.615358 20.321591      NaN   -3.0     9 c    0   1.00 210.91068 54.30223  3703.43  8627.30 2.75 2.58 -81.0 -0.393    19.78 22.39 01a59230o0896c -0.555556    True
59238.585766 20.449472      NaN  -14.0     8 c    0   1.22 210.91068 54.30223  1133.36  5125.49 2.29 2.19 -63.9 -0.397    19.95 22.17 01a59238o0765c -2.000000   False
59238.588065 20.207197      NaN   -2.0    10 c    0   0.63 210.91068 54.30223  1113.27  5088.34 2.37 2.29 -67.2 -0.389    19.94 22.16 01a59238o0770c -0.400000   False
59238.590826 20.449472      NaN    0.0     8 c    0   1.14 210.91068 54.30223  1172.18  5165.35 2.39 2.33 -75.7 -0.384    19.95 22.18 01a59238o0776c -0.250000   False
59238.595897 20.449472      NaN  -11.0     8 c    0   1.18 210.91068 54.30223  1191.22  5047.33 2.46 2.42 -79.4 -0.383    19.88 22.19 01a59238o0787c -1.625000   False
59254.582395 19.631075      NaN   14.0    13 c    0   0.78 210.91068 54.30223   377.68  1391.78 2.77 2.47  45.0 -0.394    19.64 22.07 01a59254o0809c  0.923077   False
59254.584237 20.009244      NaN   -2.0    12 c    0   1.18 210.91068 54.30223   349.80  1357.28 2.60 2.34  66.9 -0.430    19.62 22.01 01a59254o0813c -0.333333   False
59254.587068 19.569016      NaN  -11.0    18 c    0   0.82 210.91068 54.30223   416.78  1429.87 2.52 2.31  65.7 -0.426    19.24 21.52 01a59254o0819c -0.722222   False
59254.593104 20.362567      NaN    4.0     8 c    0   2.06 210.91068 54.30223   433.95  1312.16 2.50 2.28  67.3 -0.426    19.76 22.16 01a59254o0832c  0.250000   False
59256.529166 20.449472      NaN   -5.0     8 c    0   1.28 210.91068 54.30223  5333.89  3607.53 2.50 2.34  47.2 -0.402    19.79 21.98 02a59256o0695c -0.875000    True
59256.532384 20.244005      NaN    4.0     9 c    0   0.92 210.91068 54.30223  5353.18  3646.99 2.64 2.39  45.6 -0.397    19.76 21.98 02a59256o0702c  0.222222   False
59256.537897 20.207197      NaN   -2.0    10 c    0   0.95 210.91068 54.30223  5296.74  3570.00 2.56 2.33  43.1 -0.401    19.81 21.97 02a59256o0714c -0.400000   False
59256.543014 19.922338      NaN   14.0     9 c    0   1.51 210.91068 54.30223  5278.39  3685.59 2.62 2.40  46.1 -0.397    19.76 21.98 02a59256o0725c  1.333333   False
59258.571978 20.321591      NaN    0.0     9 c    0   1.16 210.91068 54.30223  7144.57  6863.71 2.55 2.52  66.3 -0.368    19.75 22.04 01a59258o0790c -0.222222   False
59258.573832 20.207197      NaN   -5.0    10 c    0   0.79 210.91068 54.30223  7129.22  6821.50 2.73 2.59  43.7 -0.356    19.73 22.03 01a59258o0794c -0.700000   False
59258.576596 20.039830      NaN   10.0     9 c    0   1.21 210.91068 54.30223  7184.78  6901.46 2.70 2.64  62.7 -0.366    19.74 22.04 01a59258o0800c  0.888889   False
59258.582589 20.039830      NaN   13.0     8 c    0   1.54 210.91068 54.30223  7202.02  6786.98 2.52 2.48  79.1 -0.375    19.80 22.04 01a59258o0813c  1.375000   False
59262.501830 20.449472      NaN    1.0     8 c    0   1.72 210.91068 54.30223  7142.16  6863.98 2.40 2.25 -88.4 -0.394    19.77 21.77 01a59262o0623c -0.125000   False
59262.504607 20.282105      NaN    3.0     9 c    0   1.11 210.91068 54.30223  7123.38  6824.27 2.40 2.28 -87.5 -0.390    19.78 21.82 01a59262o0629c  0.111111   False
59262.508306 20.321591      NaN  -19.0     9 c    0   0.94 210.91068 54.30223  7181.77  6901.52 2.46 2.36  83.4 -0.379    19.75 21.86 01a59262o0637c -2.333333   False
59262.514297 19.922338      NaN    8.0    11 c    0   0.91 210.91068 54.30223  7200.05  6785.40 2.49 2.41  86.0 -0.374    19.77 21.85 01a59262o0650c  0.545455   False
59288.544037 20.009244      NaN   -2.0    12 c    0   0.76 210.91068 54.30223  5482.22  8611.58 2.43 2.34  52.0 -0.408    19.81 21.80 02a59288o0704c -0.333333   False
59288.579411 20.321591      NaN    1.0     9 c    0   1.06 210.91068 54.30223  5459.70  8570.95 2.56 2.31  34.1 -0.395    19.77 21.76 02a59288o0780c -0.111111    True
59288.607793 19.631075      NaN  -13.0    17 c    0   1.26 210.91068 54.30223  5510.81  8644.74 2.61 2.36  33.3 -0.390    18.70 20.56 02a59288o0841c -0.882353   False
59288.632589 20.207197      NaN   -1.0    10 c    0   1.10 210.91068 54.30223  5525.77  8524.86 2.78 2.35  41.1 -0.386    19.67 21.69 02a59288o0894c -0.300000   False
59292.459472 20.009244      NaN    8.0    10 c    0   1.08 210.91068 54.30223  1709.64  5366.67 2.49 2.30  55.8 -0.413    19.75 21.80 02a59292o0510c  0.600000   False
59292.462673 20.009244      NaN    1.0    12 c    0   0.74 210.91068 54.30223  1732.81  5406.29 2.46 2.31  60.6 -0.409    19.74 21.78 02a59292o0517c -0.083333   False
59292.466844 20.207197      NaN   -3.0    10 c    0   1.33 210.91068 54.30223  1672.20  5326.97 2.59 2.36  48.1 -0.401    19.72 21.79 02a59292o0526c -0.500000   False
59292.473270 20.071303      NaN    3.0    11 c    0   0.79 210.91068 54.30223  1653.90  5442.19 2.52 2.31  48.3 -0.404    19.74 21.81 02a59292o0540c  0.090909   False
59292.649611 19.089302      NaN   32.0    18 c    0   1.08 210.91068 54.30223  8886.36  5178.30 2.51 2.32  36.5 -0.396    19.18 20.41 02a59292o0918c  1.666667   False
59310.449546 20.207197      NaN   11.0     7 c    0   1.55 210.91068 54.30223  9045.58  6833.63 2.61 2.41  87.6 -0.400    20.01 21.98 01a59310o0425c  1.285714   False
59310.451851 20.207197      NaN    5.0     9 c    0   0.92 210.91068 54.30223  9026.14  6794.12 2.59 2.43 -85.0 -0.393    20.03 21.99 01a59310o0430c  0.333333    True
59310.455624 19.979496      NaN   15.0     8 c    0   1.22 210.91068 54.30223  9088.09  6871.06 2.54 2.41  87.4 -0.394    20.01 21.99 01a59310o0438c  1.625000   False
59310.464868 20.321591      NaN    0.0     9 c    0   0.73 210.91068 54.30223  9104.35  6755.18 2.62 2.55 -83.2 -0.385    19.96 22.08 01a59310o0457c -0.222222   False
59314.443833 20.594452      NaN  -10.0     7 c    0   1.72 210.91068 54.30223  6537.82   948.96 2.46 2.29   5.8 -0.392    19.96 21.85 01a59314o0481c -1.714286   False
59314.445680 20.244005      NaN    7.0     8 c    0   1.47 210.91068 54.30223  6518.60   909.75 2.67 2.39  -6.3 -0.369    19.94 21.88 01a59314o0485c  0.625000   False
59314.448467 19.922338      NaN   14.0     9 c    0   1.05 210.91068 54.30223  6580.32   988.70 2.62 2.37  -2.4 -0.372    19.95 21.87 01a59314o0491c  1.333333   False
59314.453560 20.244005      NaN    7.0     8 c    0   1.02 210.91068 54.30223  6595.28   875.55 2.40 2.20 -18.7 -0.396    19.97 21.86 01a59314o0502c  0.625000   False
59318.482085 20.321591      NaN    2.0     9 c    0   1.02 210.91068 54.30223  4041.89  9635.99 2.42 2.28 -41.1 -0.387    19.76 21.52 01a59318o0559c  0.000000   False
59318.517343 20.449472      NaN    1.0     8 c    0   1.11 210.91068 54.30223  4069.07  9669.74 2.29 2.10 -51.4 -0.389    19.89 21.56 01a59318o0635c -0.125000   False
59318.520566 20.321591      NaN    5.0     8 c    0   1.36 210.91068 54.30223  4009.56  9591.96 2.28 2.07 -45.1 -0.388    19.89 21.57 01a59318o0642c  0.375000   False
59318.543605 20.321591      NaN  -16.0     9 c    0   1.11 210.91068 54.30223  3995.38  9705.78 2.28 2.10 -53.4 -0.387    19.86 21.46 01a59318o0691c -2.000000    True
59322.408613 20.137125      NaN   10.0     8 c    0   1.01 210.91068 54.30223  3071.60  4964.73 2.30 2.21 -82.2 -0.395    19.96 21.79 01a59322o0383c  1.000000   False
59322.410910 20.282105      NaN    6.0     8 c    0   1.37 210.91068 54.30223  3051.75  4926.48 2.29 2.17 -84.2 -0.398    19.97 21.80 01a59322o0388c  0.500000   False
59322.414135 20.449472      NaN   -8.0     8 c    0   1.21 210.91068 54.30223  3109.39  5002.06 2.24 2.12 -74.8 -0.401    19.99 21.81 01a59322o0395c -1.250000   False
59322.419674 20.449472      NaN    0.0     8 c    0   1.01 210.91068 54.30223  3127.84  4886.90 2.33 2.19 -67.0 -0.399    19.92 21.79 01a59322o0407c -0.250000   False
59344.419514 19.979496      NaN   12.0     9 c    0   1.15 210.91068 54.30223  1122.45  5140.90 2.37 2.24 -41.2 -0.421    19.73 21.69 02a59344o0385c  1.111111   False
59344.423635 20.207197      NaN   -7.0    10 c    0   0.98 210.91068 54.30223  1102.89  5102.18 2.39 2.26 -41.4 -0.418    19.71 21.70 02a59344o0394c -0.900000   False
59344.429702 20.321591      NaN  -14.0     9 c    0   0.97 210.91068 54.30223  1163.39  5175.72 2.40 2.26 -46.5 -0.423    19.71 21.72 02a59344o0407c -1.777778   False
59344.462022 20.009244      NaN   -4.0    12 c    0   0.72 210.91068 54.30223  1181.56  5052.98 2.33 2.28 -18.2 -0.419    19.69 21.62 02a59344o0474c -0.500000   False
59370.364702 20.009244      NaN   11.0     9 c    0   0.85 210.91068 54.30223  1987.52  9700.17 2.28 2.04 -62.9 -0.403    19.99 22.07 01a59370o0279c  1.000000   False
59370.367930 20.449472      NaN  -11.0     8 c    0   1.25 210.91068 54.30223  2008.95  9739.34 2.32 2.08 -64.4 -0.403    20.00 22.06 01a59370o0286c -1.625000    True
59370.374378 19.841877      NaN   20.0     8 c    0   0.96 210.91068 54.30223  1946.77  9659.24 2.25 1.99 -64.9 -0.406    20.01 22.04 01a59370o0300c  2.250000   False
59370.408119 19.950541      NaN   16.0     8 c    0   1.08 210.91068 54.30223  1931.31  9772.64 2.37 2.12 -61.6 -0.408    19.96 22.00 01a59370o0367c  1.750000   False
59374.345057 20.321591      NaN    1.0     9 c    0   0.90 210.91068 54.30223  1988.76  9703.06 2.45 2.21 -61.2 -0.393    19.98 22.03 01a59374o0234c -0.111111   False
59374.348286 20.137125      NaN   10.0     8 c    0   1.05 210.91068 54.30223  2010.12  9741.27 2.30 2.10 -65.1 -0.402    19.98 22.02 01a59374o0241c  1.000000   False
59374.353832 20.594452      NaN    0.0     7 c    0   1.24 210.91068 54.30223  1951.58  9662.99 2.31 2.10 -53.8 -0.391    19.99 22.02 01a59374o0253c -0.285714   False
59374.364434 20.321591      NaN   -1.0     9 c    0   1.03 210.91068 54.30223  1931.10  9778.10 2.38 2.11 -62.0 -0.403    19.97 22.04 01a59374o0276c -0.333333   False
59378.326788 19.979496      NaN   12.0     9 c    0   0.87 210.91068 54.30223  5014.31  1966.19 2.15 2.08  53.9 -0.401    19.98 21.72 01a59378o0193c  1.111111   False
59378.330008 20.171596      NaN    6.0     9 c    0   0.75 210.91068 54.30223  5035.20  2006.66 2.17 2.12  32.5 -0.400    19.93 21.73 01a59378o0200c  0.444444   False
59378.335546 20.362567      NaN    4.0     8 c    0   1.42 210.91068 54.30223  4979.21  1928.38 2.21 2.11  20.2 -0.398    19.97 21.75 01a59378o0212c  0.250000   False
59378.348438 20.244005      NaN    7.0     8 c    0   1.07 210.91068 54.30223  4964.59  2043.59 2.23 2.16  11.4 -0.391    19.97 21.87 01a59378o0240c  0.625000   False
59404.284177 19.549093      NaN   21.0    12 c    0   1.20 210.91068 54.30223  1752.19  8889.13 2.62 1.98 -48.8 -0.448    19.74 21.54 02a59404o0088c  1.583333   False
59404.287411 20.009244      NaN    5.0    11 c    0   1.09 210.91068 54.30223  1732.28  8850.33 2.67 2.01 -50.2 -0.439    19.73 21.54 02a59404o0095c  0.272727   False
59404.292910 20.103715      NaN   -2.0    11 c    0   1.07 210.91068 54.30223  1786.71  8923.01 2.61 2.08 -50.9 -0.431    19.70 21.51 02a59404o0107c -0.363636    True
59404.302990 19.922338      NaN   -1.0    13 c    0   0.87 210.91068 54.30223  1806.81  8803.93 2.67 2.07 -50.0 -0.436    19.66 21.51 02a59404o0129c -0.230769   False
59408.274563 20.009244      NaN   -6.0    12 c    0   1.10 210.91068 54.30223  1754.72  8888.30 2.59 2.03 -48.8 -0.439    19.66 21.40 02a59408o0068c -0.666667   False
59408.277767 19.816329      NaN    9.0    12 c    0   0.94 210.91068 54.30223  1733.39  8849.14 2.61 2.16 -52.0 -0.422    19.64 21.42 02a59408o0075c  0.583333   False
59408.283262 19.569016      NaN   20.0    12 c    0   0.96 210.91068 54.30223  1788.40  8924.10 2.58 2.16 -51.2 -0.429    19.62 21.42 02a59408o0087c  1.500000   False
59408.295675 19.868040      NaN   10.0    11 c    0   1.27 210.91068 54.30223  1810.13  8803.34 2.52 2.08 -47.9 -0.434    19.67 21.47 02a59408o0114c  0.727273   False
59426.249901 19.841877      NaN  -12.0    14 c    0   0.87 210.91068 54.30223  6878.92  1810.15 2.36 2.16 -72.9 -0.407    19.54 20.73 01a59426o0032c -1.000000   False
59426.253177 20.009244      NaN    5.0    11 c    0   1.27 210.91068 54.30223  6897.95  1850.14 2.40 2.20 -74.6 -0.404    19.71 21.20 01a59426o0039c  0.272727   False
59426.258716 20.244005      NaN    4.0     9 c    0   0.90 210.91068 54.30223  6843.66  1775.06 2.29 2.16 -72.9 -0.405    19.86 21.60 01a59426o0051c  0.222222   False
59426.272762 20.207197      NaN    1.0    10 c    0   0.92 210.91068 54.30223  6827.52  1892.63 2.31 2.17 -75.1 -0.407    19.88 21.67 01a59426o0081c -0.100000   False
59430.242183 19.302877      NaN   -4.0    23 c    0   1.02 210.91068 54.30223  6879.08  1814.81 2.30 2.17 -36.3 -0.389    18.64 19.07 01a59430o0020c -0.260870   False
59430.244954 19.351140      NaN   14.0    18 c    0   0.95 210.91068 54.30223  6899.25  1851.31 2.30 2.14 -75.6 -0.400    19.10 19.81 01a59430o0026c  0.666667   False
59430.250541 20.449472      NaN  -26.0     8 c    0   2.17 210.91068 54.30223  6847.84  1777.33 2.31 2.15 -75.3 -0.398    19.66 20.96 01a59430o0038c -3.500000   False
59430.260749 20.207197      NaN   -1.0    10 c    0   1.13 210.91068 54.30223  6829.52  1892.32 2.35 2.19 -80.2 -0.402    19.86 21.60 01a59430o0060c -0.300000    True
59434.246925 19.674510      NaN    9.0    14 c    0   1.41 210.91068 54.30223  9425.70  5369.62 2.85 2.42 -84.3 -0.365    19.33 20.53 01a59434o0034c  0.500000   False
59434.250609 20.009244      NaN   -9.0    12 c    0   0.93 210.91068 54.30223  9446.01  5404.75 2.84 2.40 -87.2 -0.375    19.54 21.12 01a59434o0042c -0.916667   False
59434.256155 20.071303      NaN    6.0    10 c    0   1.29 210.91068 54.30223  9387.44  5334.63 2.78 2.39 -81.9 -0.380    19.71 21.52 01a59434o0054c  0.400000   False
59434.267220 19.569016      NaN   20.0    12 c    0   0.73 210.91068 54.30223  9370.89  5453.72 2.50 2.22 -79.5 -0.399    19.85 21.64 01a59434o0078c  1.500000   False
59588.641428 20.207197      NaN    2.0    10 c    0   1.64 210.91068 54.30223  3834.36  7469.20 2.64 2.40  46.8 -0.398    19.65 21.81 02a59588o0978c  0.000000   False
59588.646929 20.009244      NaN    8.0    10 c    0   1.14 210.91068 54.30223  3855.23  7507.61 2.57 2.39  44.6 -0.407    19.61 21.81 02a59588o0990c  0.600000   False
59588.658083 20.103715      NaN   -8.0    11 c    0   1.07 210.91068 54.30223  3795.36  7428.36 2.56 2.35  45.7 -0.405    19.61 21.75 02a59588o1014c -0.909091   False
59588.665789 19.841877      NaN    5.0    13 c    0   1.29 210.91068 54.30223  3771.94  7547.91 2.65 2.37  46.6 -0.397    19.46 21.22 02a59588o1030c  0.230769   False
59615.558656 19.791368      NaN   10.0    12 c    0   1.00 210.91068 54.30223  1522.09  3725.27 2.42 2.36  61.8 -0.422    19.60 21.48 02a59615o0775c  0.666667   False
59615.561412 20.009244      NaN  -11.0    12 c    0   1.01 210.91068 54.30223  1541.77  3764.31 2.41 2.34  54.4 -0.424    19.61 21.49 02a59615o0781c -1.083333   False
59615.564167 19.631075      NaN   17.0    12 c    0   0.90 210.91068 54.30223  1483.29  3684.53 2.54 2.37  44.2 -0.418    19.59 21.49 02a59615o0787c  1.250000    True
59615.571520 19.979496      NaN    3.0    12 c    0   0.88 210.91068 54.30223  1465.87  3799.53 2.45 2.37  58.7 -0.420    19.60 21.51 02a59615o0803c  0.083333   False
59619.586609 19.631075      NaN   17.0    12 c    0   1.26 210.91068 54.30223  4021.13  9620.97 2.54 2.48  49.8 -0.406    19.67 21.67 02a59619o0807c  1.250000   False
59619.588435 19.719755      NaN   13.0    12 c    0   1.11 210.91068 54.30223  4041.09  9660.51 2.57 2.47  50.5 -0.405    19.66 21.67 02a59619o0811c  0.916667   False
59619.592559 19.816329      NaN    3.0    14 c    0   0.94 210.91068 54.30223  3978.73  9581.45 2.64 2.44  46.6 -0.397    19.63 21.67 02a59619o0820c  0.071429   False
59619.610269 19.841877      NaN   -2.0    14 c    0   0.82 210.91068 54.30223  3957.47  9698.94 2.65 2.46  42.8 -0.396    19.65 21.62 02a59619o0858c -0.285714   False
59639.510262 20.449472      NaN   -6.0     8 c    0   2.31 210.91068 54.30223  1833.44  7523.82 2.33 2.28  63.4 -0.428    19.73 21.72 02a59639o0653c -1.000000   False
59639.513468 19.868040      NaN   10.0    11 c    0   1.30 210.91068 54.30223  1853.45  7564.02 2.44 2.32  41.7 -0.416    19.69 21.70 02a59639o0660c  0.727273   False
59639.516215 19.719755      NaN   16.0    11 c    0   1.29 210.91068 54.30223  1793.95  7482.93 2.32 2.27  61.8 -0.433    19.71 21.71 02a59639o0666c  1.272727   False
59639.522156 20.137125      NaN    4.0    10 c    0   1.39 210.91068 54.30223  1773.90  7598.86 2.35 2.31  72.0 -0.429    19.72 21.72 02a59639o0679c  0.200000   False
59643.579606 19.922338      NaN  -20.0    13 c    0   1.03 210.91068 54.30223   799.16  2997.65 2.23 2.10   6.3 -0.449    19.23 21.76 02a59643o0746c -1.692308   False
59643.582534 19.841877      NaN  -13.0    14 c    0   0.96 210.91068 54.30223   777.51  2957.11 2.25 2.12   1.9 -0.448    19.21 21.75 02a59643o0752c -1.071429   False
59643.617736 20.009244      NaN  -23.0    12 c    0   1.85 210.91068 54.30223   835.96  3030.61 2.33 2.09  29.8 -0.440    19.25 21.72 02a59643o0823c -2.083333   False
59643.623182 19.631075      NaN    2.0    17 c    0   0.79 210.91068 54.30223   857.05  2908.76 2.25 2.12   8.3 -0.448    19.22 21.71 02a59643o0834c  0.000000    True
59647.511394 19.302877      NaN   11.0    20 c    0   0.79 210.91068 54.30223  9788.57  7573.63 2.70 2.33  86.8 -0.448    18.96 21.75 02a59647o0432c  0.450000    True
59647.514333 19.454622      NaN  -26.0    20 c    0   1.08 210.91068 54.30223  9809.73  7610.94 2.74 2.33  80.0 -0.441    18.94 21.77 02a59647o0438c -1.400000   False
59647.519354 18.226218      NaN  -13.0    62 c    0   0.92 210.91068 54.30223  9750.65  7538.27 2.66 2.37  80.0 -0.450    17.72 20.47 02a59647o0448c -0.241935   False
59647.539712 19.569016      NaN  -22.0    18 c    0   1.47 210.91068 54.30223  9735.43  7658.38 2.90 2.56  68.1 -0.421    18.89 21.75 02a59647o0488c -1.333333   False
59671.401837 20.103715      NaN  -14.0    11 c    0   1.59 210.91068 54.30223  3609.73  5841.57 2.72 2.52  41.0 -0.395    19.49 21.62 02a59671o0314c -1.454545 8388609
59671.428617 19.436675      NaN   21.0    14 c    0   1.15 210.91068 54.30223  3643.69  5878.89 2.79 2.53  42.6 -0.393    19.53 21.63 02a59671o0371c  1.357143 8388609
59671.431827 19.569016      NaN   14.0    14 c    0   1.01 210.91068 54.30223  3585.75  5804.56 2.92 2.59  44.1 -0.384    19.45 21.63 02a59671o0378c  0.857143 8388609
59671.437311 19.472870      NaN   22.0    13 c    0   1.62 210.91068 54.30223  3566.05  5921.34 2.95 2.56  40.6 -0.386    19.42 21.63 02a59671o0390c  1.538462 8388609
59675.445368 16.807608      NaN  -25.0   229 c    0   1.27 210.91068 54.30223  1929.88  9646.15 2.52 2.40  40.8 -0.389    16.29 18.27 02a59675o0501c -0.117904    True
59675.451766 18.729535      NaN  -12.0    39 c    0   1.37 210.91068 54.30223  1909.54  9762.19 2.40 2.35  28.2 -0.458    18.45 20.52 02a59675o0515c -0.358974    8192
59679.432660 19.351140      NaN    0.0    22 c    0   1.39 210.91068 54.30223  1966.21  9685.93 2.53 2.39  41.5 -0.436    18.97 20.69 02a59679o0440c -0.090909   False
59679.438161 19.436675      NaN    3.0    20 c    0   1.18 210.91068 54.30223  1986.68  9724.10 2.48 2.38  33.2 -0.441    18.97 20.71 02a59679o0452c  0.050000   False
59679.439989 19.212347      NaN  -26.0    25 c    0   0.71 210.91068 54.30223  1925.67  9643.99 2.48 2.36  33.2 -0.450    18.99 20.72 02a59679o0456c -1.120000   False
59679.445014 19.302877      NaN   -1.0    23 c    0   0.85 210.91068 54.30223  1903.67  9761.69 2.48 2.41  30.7 -0.443    19.00 20.75 02a59679o0467c -0.130435   False
59695.447397 19.922338      NaN  -23.0    13 c    0   0.96 210.91068 54.30223  8869.51  5202.86 2.73 2.49  32.2 -0.400    19.49 21.38 02a59695o0478c -1.923077    8192
59695.450623 19.367717      NaN   25.0    14 c    0   0.79 210.91068 54.30223  8850.04  5162.54 2.66 2.39  33.1 -0.403    19.51 21.38 02a59695o0485c  1.642857    True
59695.485942 20.207197      NaN  -16.0    10 c    0   1.24 210.91068 54.30223  8900.08  5241.90 2.75 2.44  30.0 -0.390    19.47 21.34 02a59695o0561c -1.800000    True
59695.514381 19.454622      NaN    8.0    18 c    0   1.22 210.91068 54.30223  8917.14  5126.37 2.76 2.40  28.4 -0.395    19.02 20.86 02a59695o0622c  0.333333    True
59699.416003 15.796134      NaN  276.0   490 c    0   0.95 210.91068 54.30223  3342.50  7081.89 2.65 2.33  24.6 -0.397    15.53 16.82 02a59699o0410c  0.559184    True
59699.419220 18.786693      NaN  -49.0    37 c    0   0.88 210.91068 54.30223  3325.33  7046.53 2.59 2.33  26.4 -0.397    18.25 19.68 02a59699o0417c -1.378378   False
59699.424739 17.718109      NaN -117.0    99 c    0   0.91 210.91068 54.30223  3381.29  7120.48 2.63 2.33  24.4 -0.400    17.23 18.61 02a59699o0429c -1.202020   False
59699.459844 19.076453      NaN   30.0    19 c    0   1.40 210.91068 54.30223  3386.96  7001.45 2.59 2.25  27.4 -0.396    18.82 20.34 02a59699o0505c  1.473684    4096
59723.379391 19.868040      NaN    7.0    12 c    0   1.06 210.91068 54.30223  5022.60  4840.87 2.69 2.33  28.8 -0.399    19.57 21.29 02a59723o0312c  0.416667   False
59723.382603 20.009244      NaN    0.0    12 c    0   1.51 210.91068 54.30223  4999.83  4799.69 2.96 2.46  29.7 -0.389    19.52 21.28 02a59723o0319c -0.166667   False
59723.388089 20.009244      NaN   -2.0    12 c    0   0.87 210.91068 54.30223  5060.79  4877.96 2.69 2.30  28.5 -0.402    19.58 21.25 02a59723o0331c -0.333333   False
59723.400898 19.609992      NaN   18.0    12 c    0   1.15 210.91068 54.30223  5079.44  4763.83 2.76 2.37  26.9 -0.397    19.55 21.26 02a59723o0359c  1.333333   False
59727.350487 17.845990      NaN   74.0    64 c    0   1.38 210.91068 54.30223  5027.13  4847.01 2.68 2.28  31.1 -0.398    17.52 18.91 02a59727o0248c  1.125000   False
59727.353687 19.128787      NaN  -12.0    27 c    0   0.77 210.91068 54.30223  5007.51  4807.63 2.65 2.25  29.9 -0.401    18.58 20.08 02a59727o0255c -0.518519   False
59727.360089 18.142010      NaN  -69.0    67 c    0   0.97 210.91068 54.30223  5065.43  4883.21 2.64 2.25  30.7 -0.403    17.59 18.92 02a59727o0269c -1.059701    True
59727.371522 18.550302      NaN  -28.0    46 c    0   1.21 210.91068 54.30223  5086.20  4765.86 2.81 2.30  31.3 -0.389    18.00 19.43 02a59727o0294c -0.652174   False
59731.393020 19.894850      NaN    6.0    12 c    0   1.02 210.91068 54.30223  3613.63  8728.79 2.74 2.67  34.6 -0.390    19.54 21.53 02a59731o0172c  0.333333   False
59731.398541 19.766969      NaN   11.0    12 c    0   1.18 210.91068 54.30223  3593.58  8689.63 2.84 2.66  42.1 -0.385    19.56 21.51 02a59731o0184c  0.750000   False
59731.401810 19.816329      NaN    6.0    13 c    0   1.21 210.91068 54.30223  3650.21  8766.57 2.61 2.58  45.9 -0.392    19.59 21.52 02a59731o0191c  0.307692   False
59731.414645 20.103715      NaN  -12.0    11 c    0   1.19 210.91068 54.30223  3667.74  8645.85 2.71 2.54  25.2 -0.395    19.57 21.46 02a59731o0219c -1.272727   False
59751.314809 20.321591      NaN   -7.0     9 c    0   1.29 210.91068 54.30223  4522.24  1060.07 2.41 2.29  79.6 -0.428    19.65 21.48 02a59751o0156c -1.000000   False
59751.318028 20.449472      NaN   -7.0     8 c    0   1.30 210.91068 54.30223  4502.01  1023.66 2.38 2.26  75.3 -0.429    19.63 21.48 02a59751o0163c -1.125000   False
59751.323522 19.841877      NaN   14.0    10 c    0   1.27 210.91068 54.30223  4563.32  1098.86 2.33 2.24  81.3 -0.430    19.66 21.47 02a59751o0175c  1.200000   False
59751.334507 20.103715      NaN  -10.0    11 c    0   1.12 210.91068 54.30223  4584.64   986.62 2.51 2.36  84.9 -0.424    19.64 21.45 02a59751o0199c -1.090909   False
59783.267980 20.009244      NaN   -8.0    12 c    0   0.94 210.91068 54.30223  1469.63  6762.71 2.40 2.26 -39.9 -0.428    19.57 21.12 02a59783o0058c -0.833333    True
59783.271622 20.009244      NaN  -12.0    12 c    0   1.48 210.91068 54.30223  1450.42  6723.65 2.58 2.37 -48.9 -0.423    19.53 21.16 02a59783o0066c -1.166667   False
59783.278464 19.922338      NaN   -4.0    13 c    0   0.97 210.91068 54.30223  1506.73  6799.34 2.47 2.26 -47.2 -0.430    19.60 21.20 02a59783o0081c -0.461538   False
59783.292955 20.009244      NaN    0.0    12 c    0   1.09 210.91068 54.30223  1525.72  6679.03 2.37 2.17 -49.1 -0.441    19.57 21.12 02a59783o0113c -0.166667   False
59787.293213 19.674510      NaN    6.0    15 c    0   0.73 210.91068 54.30223  6739.84  3107.04 2.82 2.75  55.4 -0.404    19.41 21.28 02a59787o0117c  0.266667    True
59787.297291 19.922338      NaN   -7.0    13 c    0   1.13 210.91068 54.30223  6719.61  3064.48 2.90 2.84  56.0 -0.387    19.39 21.27 02a59787o0126c -0.692308    True
59787.303716 19.841877      NaN    1.0    14 c    0   0.82 210.91068 54.30223  6777.28  3139.89 2.85 2.76  41.8 -0.391    19.42 21.26 02a59787o0140c -0.071429    True
59787.318300 19.841877      NaN   -4.0    14 c    0   0.94 210.91068 54.30223  6798.55  3021.68 2.85 2.72  38.6 -0.390    19.44 21.27 02a59787o0172c -0.428571    8192
59811.240646 18.944322      NaN    5.0    31 c    0   1.16 210.91068 54.30223  9041.27  6860.74 2.67 2.41  28.6 -0.410    18.72 19.75 02a59811o0025c  0.096774   False
59811.243827 19.351140      NaN  -27.0    22 c    0   0.96 210.91068 54.30223  9020.71  6818.87 2.59 2.43  26.8 -0.415    19.14 20.36 02a59811o0032c -1.318182   False
59811.251095 19.922338      NaN   -4.0    13 c    0   1.23 210.91068 54.30223  9079.43  6896.94 2.65 2.49  24.9 -0.412    19.43 21.04 02a59811o0048c -0.461538   False
59811.262036 19.841877      NaN   -6.0    14 c    0   0.75 210.91068 54.30223  9097.73  6778.75 2.60 2.49  24.1 -0.418    19.49 21.14 02a59811o0072c -0.571429   False
59819.241262 20.009244      NaN  -20.0    12 c    0   1.50 210.91068 54.30223  6580.21   959.04 2.35 2.22  60.1 -0.408    19.14 20.53 02a59819o0037c -1.833333   False
59819.246702 19.816329      NaN    9.0    12 c    0   1.02 210.91068 54.30223  6558.93   919.18 2.35 2.24  86.5 -0.416    19.34 20.93 02a59819o0049c  0.583333   False
59819.249867 19.841877      NaN   -1.0    14 c    0   0.88 210.91068 54.30223  6619.87   999.34 2.52 2.40  84.8 -0.399    19.35 21.00 02a59819o0056c -0.214286    True
59819.259883 20.009244      NaN  -36.0    12 c    0   1.15 210.91068 54.30223  6642.65   881.92 2.40 2.23 -74.9 -0.427    19.37 21.05 02a59819o0078c -3.166667   False
59841.218401 18.452558      NaN   15.0    46 c    0   1.26 210.91068 54.30223  6975.45  9589.97 3.07 2.87  66.1 -0.351    17.82 19.42 01a59841o0022c  0.282609   False
59841.222104 18.857417      NaN   22.0    28 c    0   1.03 210.91068 54.30223  6996.25  9630.74 3.06 2.87  70.0 -0.350    18.50 20.18 01a59841o0030c  0.714286   False
59841.232292 19.569016      NaN   -6.0    18 c    0   1.01 210.91068 54.30223  6934.18  9559.01 3.10 2.92  73.3 -0.347    18.98 20.90 01a59841o0052c -0.444444   False
59841.238300 19.510313      NaN  -24.0    19 c    0   1.14 210.91068 54.30223  6914.02  9675.88 3.11 2.95  72.3 -0.344    19.00 20.95 01a59841o0065c -1.368421   False
59999.634833 19.076453      NaN    3.0    28 c    0   0.86 210.91068 54.30223  9224.75  9000.07 2.78 2.66  58.8 -0.390    18.65 20.44 02a59999o0111c  0.035714    True
59999.637641 18.889197      NaN   22.0    27 c    0   0.86 210.91068 54.30223  9205.50  8957.84 2.79 2.68  51.3 -0.385    18.85 20.68 02a59999o0117c  0.740741    True
59999.650179 19.256669      NaN    0.0    24 c    0   1.28 210.91068 54.30223  9259.68  9038.28 2.80 2.58  41.6 -0.388    18.66 20.40 02a59999o0142c -0.083333    True
59999.656837 19.302877      NaN    5.0    22 c    0   0.96 210.91068 54.30223  9276.84  8919.52 2.74 2.67  54.4 -0.387    18.85 20.61 02a59999o0155c  0.136364    8192
60048.393577 19.922338      NaN    0.0    13 c    0   0.80 210.91068 54.30223  5672.97  7384.01 2.59 2.31  44.2 -0.410    19.52 21.42 02a60048o0341c -0.153846   False
60048.395386 19.674510      NaN   15.0    12 c    0   1.10 210.91068 54.30223  5693.01  7422.71 2.60 2.33  43.3 -0.410    19.55 21.42 02a60048o0345c  1.083333   False
60048.401280 19.950541      NaN    4.0    12 c    0   0.93 210.91068 54.30223  5634.27  7346.27 2.65 2.34  41.5 -0.408    19.55 21.43 02a60048o0357c  0.166667   False
60048.436787 20.103715      NaN  -16.0    11 c    0   1.19 210.91068 54.30223  5615.93  7465.65 2.60 2.30  36.8 -0.410    19.59 21.48 02a60048o0428c -1.636364    True
60050.476350 19.719755      NaN   10.0    13 c    0   1.04 210.91068 54.30223  7503.61  9032.05 2.57 2.41  40.8 -0.420    19.44 21.13 02a60050o0512c  0.615385    True
60050.479980 19.384550      NaN   15.0    17 c    0   1.06 210.91068 54.30223  7484.07  8990.67 2.55 2.42  43.9 -0.415    19.18 20.81 02a60050o0520c  0.764706    8192
60050.515339 19.791368      NaN    7.0    13 c    0   1.19 210.91068 54.30223  7538.82  9065.38 2.59 2.37  37.6 -0.409    19.51 21.22 02a60050o0595c  0.384615    True
60050.521155 19.766969      NaN  -17.0    15 c    0   0.89 210.91068 54.30223  7556.91  8945.43 2.62 2.41  36.4 -0.410    19.50 21.21 02a60050o0607c -1.266667    True
60052.473293 19.922338      NaN   -3.0    13 c    0   1.14 210.91068 54.30223  5216.45  4831.76 2.42 2.19  34.8 -0.405    19.31 20.97 02a60052o0517c -0.384615   False
60052.476484 19.334813      NaN   21.0    16 c    0   0.80 210.91068 54.30223  5196.83  4792.18 2.52 2.21  29.4 -0.396    19.08 20.78 02a60052o0524c  1.187500   False
60052.509238 19.922338      NaN   -4.0    13 c    0   1.17 210.91068 54.30223  5256.98  4861.51 2.54 2.21  32.3 -0.401    19.45 21.04 02a60052o0592c -0.461538   False
60052.515613 20.009244      NaN  -11.0    12 c    0   1.11 210.91068 54.30223  5278.01  4743.17 2.56 2.21  33.7 -0.395    19.42 20.99 02a60052o0605c -1.083333    True
60056.426687 19.696897      NaN   11.0    13 c    0   1.29 210.91068 54.30223  1326.02  5127.08 2.48 2.28  20.4 -0.422    19.44 21.06 02a60056o0426c  0.692308   False
60056.430308 19.766969      NaN  -12.0    15 c    0   1.07 210.91068 54.30223  1307.66  5086.74 2.60 2.46  12.1 -0.418    19.37 21.05 02a60056o0434c -0.933333   False
60056.465450 20.103715      NaN   -7.0    11 c    0   1.65 210.91068 54.30223  1359.99  5154.49 2.42 2.22  20.2 -0.426    19.49 21.06 02a60056o0509c -0.818182   False
60056.470537 19.652575      NaN   16.0    12 c    0   1.13 210.91068 54.30223  1381.90  5035.77 2.42 2.23  17.0 -0.423    19.47 21.04 02a60056o0520c  1.166667   False
60058.400358 19.766969      NaN   -2.0    15 c    0   1.24 210.91068 54.30223  5913.50  9523.01 2.76 2.42  41.3 -0.396    19.41 21.02 02a60058o0368c -0.266667    True
60058.403081 19.841877      NaN    2.0    14 c    0   1.22 210.91068 54.30223  5934.65  9560.05 2.73 2.41  37.3 -0.401    19.44 21.03 02a60058o0374c  0.000000   False
60058.406260 19.696897      NaN   -1.0    16 c    0   0.98 210.91068 54.30223  5872.57  9484.61 2.78 2.42  42.0 -0.393    19.44 21.03 02a60058o0381c -0.187500   False
60058.412604 19.631075      NaN   14.0    13 c    0   1.21 210.91068 54.30223  5851.78  9604.17 2.73 2.41  39.1 -0.397    19.44 21.03 02a60058o0395c  0.923077   False
60076.451715 20.071303      NaN    3.0    11 c    0   1.19 210.91068 54.30223  6748.01   945.45 2.33 2.17 -71.5 -0.423    19.51 21.04 02a60076o0241c  0.090909   False
60076.455118 19.766969      NaN   11.0    12 c    0   0.83 210.91068 54.30223  6728.85   907.61 2.31 2.11 -75.1 -0.430    19.50 21.03 02a60076o0248c  0.750000   False
60076.458122 20.009244      NaN   -4.0    12 c    0   0.98 210.91068 54.30223  6790.42   987.29 2.32 2.11 -72.4 -0.429    19.54 21.05 02a60076o0254c -0.500000   False
60076.463264 19.549093      NaN   24.0    11 c    0   1.66 210.91068 54.30223  6810.07   865.35 2.30 2.12 -80.0 -0.429    19.48 21.02 02a60076o0264c  2.000000   False
60078.380061 19.791368      NaN   16.0    10 c    0   1.41 210.91068 54.30223  3255.94  4946.64 2.32 2.16  25.3 -0.414    19.63 21.30 02a60078o0314c  1.400000   False
60078.383226 19.841877      NaN   11.0    11 c    0   0.90 210.91068 54.30223  3236.65  4911.24 2.29 2.16  19.0 -0.423    19.62 21.30 02a60078o0321c  0.818182   False
60078.390093 19.894850      NaN   15.0     9 c    0   1.56 210.91068 54.30223  3295.41  4986.54 2.29 2.15  24.7 -0.417    19.59 21.30 02a60078o0336c  1.444444   False
60078.401655 20.103715      NaN   -6.0    11 c    0   1.32 210.91068 54.30223  3315.88  4868.14 2.34 2.16  23.5 -0.418    19.61 21.34 02a60078o0361c -0.727273   False