         MJD         m       dm  uJy  duJy F  err  chi/N        RA      Dec        x        y  maj  min   phi  apfit  mag5sig   Sky            Obs  __tmp_SN    Mask
57396.587948 19.510313      NaN  -26    19 c    0   0.82 210.92213 54.30499  7763.67  2269.23 3.99 3.60   8.0 -0.427    19.59 21.57 02a57396o0607c -1.421053 8388609
57396.598947 19.510313      NaN  -11    19 c    0   1.13 210.92213 54.30499  7477.27  1696.33 4.09 3.60   5.2 -0.444    19.60 21.58 02a57396o0625c -0.631579 8388609
57396.614233 18.598565      NaN   19    38 c    0   0.97 210.92213 54.30499  8291.00  2840.15 3.80 3.60  20.7 -0.418    19.60 21.56 02a57396o0650c  0.473684 8388609
57396.627717 18.208845      NaN   61    43 c    0   0.98 210.92213 54.30499  8553.50  1078.84 4.32 3.66  11.2 -0.431    19.59 21.57 02a57396o0672c  1.395349 8388609
57424.598946 19.510313      NaN   -2    19 c    0   0.95 210.92213 54.30499  8262.29  1595.05 4.32 3.76  10.4 -0.440    19.70 21.79 02a57424o0633c -0.157895    True
57424.604067 19.652575      NaN    3    16 c    0   1.18 210.92213 54.30499  8526.30  2165.05 4.25 3.83  15.4 -0.423    19.68 21.79 02a57424o0641c  0.125000    8192
57424.621336 19.631075      NaN  -14    17 c    0   0.85 210.92213 54.30499  7370.79  2782.82 4.01 3.71  10.0 -0.415    19.70 21.79 02a57424o0667c -0.882353    True
57424.633626 19.631075      NaN  -26    17 c    0   0.89 210.92213 54.30499  7293.72  2876.67 3.96 3.67  11.6 -0.417    19.70 21.79 02a57424o0685c -1.588235    8192
57448.521048 18.590371      NaN   62    24 c    0   0.84 210.92213 54.30499  7928.86  1785.99 3.99 3.65  15.2 -0.449    19.26 20.81 02a57448o0458c  2.541667   False
57448.543577 19.271854      NaN    3    23 c    0   0.87 210.92213 54.30499  8220.86  2366.23 3.94 3.73  23.6 -0.440    19.21 20.77 02a57448o0497c  0.086957    True
57448.565924 19.241693      NaN    8    22 c    0   1.02 210.92213 54.30499  7079.91  2988.59 4.37 3.91  -1.1 -0.388    19.09 20.75 02a57448o0536c  0.318182   False
57448.596475 19.256669      NaN   10    21 c    0   1.09 210.92213 54.30499  3348.19  7809.54 3.87 3.61 -70.3 -0.421    19.20 20.80 02a57448o0592c  0.428571   False
57449.515332 19.226921      NaN   12    21 c    0   0.99 210.92213 54.30499  8165.63  1736.59 4.04 3.63  15.7 -0.462    19.45 21.19 02a57449o0610c  0.523810   False
57449.538360 19.454622      NaN    4    19 c    0   0.83 210.92213 54.30499  8464.05  2314.36 3.82 3.59  31.0 -0.456    19.42 21.11 02a57449o0650c  0.157895   False
57449.558557 19.529530      NaN    3    18 c    0   1.06 210.92213 54.30499  7323.35  2942.13 3.78 3.62  15.4 -0.427    19.39 21.07 02a57449o0688c  0.111111   False
57449.570520 19.169763      NaN   22    19 c    0   1.06 210.92213 54.30499  7305.21  2881.48 3.75 3.57  18.6 -0.439    19.39 21.06 02a57449o0709c  1.105263   False
57458.509881 19.631075      NaN  -41    17 c    0   0.92 210.92213 54.30499  8248.17  1589.12 4.31 3.77  15.5 -0.446    19.65 21.70 02a57458o0606c -2.470588    True
57458.513259 19.454622      NaN  -27    20 c    0   0.72 210.92213 54.30499  8534.06  2157.79 4.20 3.90  24.1 -0.426    19.61 21.68 02a57458o0613c -1.400000    8192
57458.536888 19.419021      NaN   12    17 c    0   0.81 210.92213 54.30499  7406.86  2783.57 4.11 3.83   2.1 -0.402    19.60 21.68 02a57458o0653c  0.647059    True
57458.567769 19.631075      NaN  -24    17 c    0   1.07 210.92213 54.30499  3344.50  7807.44 3.85 3.61 -72.8 -0.421    19.64 21.68 02a57458o0708c -1.470588    True
57488.426551 19.510313      NaN  -12    19 c    0   1.01 210.92213 54.30499  8380.54  1661.39 4.32 3.81  20.3 -0.477    19.60 21.59 02a57488o0373c -0.684211   False
57488.444090 19.569016      NaN  -22    18 c    0   0.94 210.92213 54.30499  8667.96  2217.76 4.17 3.80  30.0 -0.461    19.60 21.61 02a57488o0405c -1.277778   False
57488.465855 19.549093      NaN    8    16 c    0   1.29 210.92213 54.30499  7545.81  2864.82 4.05 3.72  15.9 -0.447    19.57 21.56 02a57488o0444c  0.437500    True
57488.475297 19.102305      NaN   33    17 c    0   1.01 210.92213 54.30499  3330.53  7799.11 3.99 3.61 -64.9 -0.439    19.55 21.54 02a57488o0460c  1.882353   False
57512.362600 19.271854      NaN   12    20 c    0   0.84 210.92213 54.30499  9568.42  2727.91 4.66 4.15  38.7 -0.436    19.51 21.58 02a57512o0305c  0.550000   False
57512.371077 19.287255      NaN   11    20 c    0   1.11 210.92213 54.30499  9591.33  2764.20 4.57 4.07  40.0 -0.440    19.53 21.60 02a57512o0322c  0.500000    True
57512.373986 19.569016      NaN   -5    18 c    0   1.20 210.92213 54.30499   382.36  2653.03 5.06 3.82 -34.2 -0.413    19.58 21.60 02a57512o0328c -0.333333    True
57512.383392 19.454622      NaN  -21    20 c    0   0.93 210.92213 54.30499   402.21  2690.19 5.10 3.92 -34.0 -0.413    19.54 21.60 02a57512o0347c -1.100000   False
57512.386899 19.631075      NaN  -13    17 c    0   1.16 210.92213 54.30499   972.22  7880.51 4.45 3.81 -58.3 -0.428    19.55 21.63 02a57512o0354c -0.823529    True
57512.388945 19.142275      NaN   18    21 c    0   0.80 210.92213 54.30499   336.34  2613.75 5.15 3.88 -31.5 -0.404    19.57 21.61 02a57512o0358c  0.809524    True
57512.397027 19.510313      NaN    0    19 c    0   1.01 210.92213 54.30499  1002.71  7761.28 4.39 3.76 -57.7 -0.428    19.55 21.60 02a57512o0374c -0.052632    True
57512.407432 19.454622      NaN    4    19 c    0   0.87 210.92213 54.30499 10195.71  7825.40 4.60 3.71  81.1 -0.426    19.54 21.62 02a57512o0395c  0.157895   False
57512.416849 19.569016      NaN  -30    18 c    0   1.08 210.92213 54.30499  3604.83  8633.64 4.14 3.80 -61.8 -0.410    19.52 21.58 02a57512o0414c -1.722222   False
57515.371866 19.063754      NaN   21    22 c    0   0.99 210.92213 54.30499  1946.47   485.93 5.37 3.74 -16.2 -0.483    19.58 21.68 02a57515o0321c  0.909091   False
57515.372987 19.169763      NaN  -19    26 c    0   0.94 210.92213 54.30499  7397.79   281.18 5.29 3.91  10.3 -0.491    19.61 21.70 02a57515o0323c -0.769231    True
57515.374441 19.569016      NaN  -22    18 c    0   1.07 210.92213 54.30499  8568.42 10114.47 4.30 3.86  75.3 -0.414    19.60 21.66 02a57515o0326c -1.277778    True
57515.383262 19.510313      NaN   -5    19 c    0   1.08 210.92213 54.30499  3093.11 10246.62 4.24 3.94 -48.6 -0.400    19.61 21.73 02a57515o0344c -0.315789   False
57515.385734 19.241693      NaN   23    17 c    0   1.54 210.92213 54.30499  8496.81 10034.93 4.17 3.76  74.4 -0.422    19.61 21.65 02a57515o0348c  1.294118   False
57515.386824 19.401649      NaN  -22    21 c    0   0.91 210.92213 54.30499  3145.20 10331.07 4.28 3.96 -54.3 -0.402    19.61 21.70 02a57515o0350c -1.095238   False
57515.400161 19.510313      NaN  -39    19 c    0   1.10 210.92213 54.30499  3179.70 10210.86 4.17 3.91 -48.6 -0.391    19.61 21.69 02a57515o0376c -2.105263    True
57515.402098 19.302877      NaN  -37    23 c    0   0.83 210.92213 54.30499  2028.20   411.70 5.18 3.65 -16.0 -0.484    19.58 21.64 02a57515o0380c -1.652174    True
57515.409082 19.351140      NaN  -10    22 c    0   0.93 210.92213 54.30499  1979.45   474.37 5.25 3.65 -15.0 -0.477    19.58 21.61 02a57515o0393c -0.500000   False
57515.410533 19.038793      NaN   35    18 c    0   0.94 210.92213 54.30499  3138.76 10274.54 4.12 3.91 -42.9 -0.393    19.61 21.65 02a57515o0396c  1.888889   False
57545.329395 19.436675      NaN   11    17 c    0   1.22 210.92213 54.30499  1107.30  8139.00 4.40 3.94 -56.1 -0.415    19.59 21.73 02a57545o0190c  0.588235   False
57545.338129 19.510313      NaN   -8    19 c    0   1.03 210.92213 54.30499  1094.42  8101.66 4.40 3.93 -61.1 -0.432    19.58 21.75 02a57545o0208c -0.473684    True
57545.345896 19.510313      NaN    4    18 c    0   1.18 210.92213 54.30499 10308.08  8219.34 4.55 3.63  80.2 -0.431    19.64 21.77 02a57545o0224c  0.166667   False
57545.355107 19.696897      NaN  -20    16 c    0   1.42 210.92213 54.30499  1152.88  8177.45 4.15 3.77 -57.0 -0.430    19.62 21.73 02a57545o0243c -1.312500    True
57545.356559 19.569016      NaN  -12    18 c    0   0.86 210.92213 54.30499 10296.20  8181.66 4.65 3.62  82.6 -0.426    19.64 21.79 02a57545o0246c -0.722222   False
57545.358980 19.454622      NaN    7    18 c    0   0.98 210.92213 54.30499 10353.25  8263.66 4.63 3.65  81.3 -0.435    19.64 21.79 02a57545o0251c  0.333333    True
57545.361400 19.419021      NaN    6    19 c    0   1.02 210.92213 54.30499  1165.80  8060.16 4.39 3.92 -58.1 -0.425    19.56 21.74 02a57545o0256c  0.263158   False
57545.371093 19.436675      NaN    5    19 c    0   1.08 210.92213 54.30499  1133.14  8120.84 4.36 3.89 -56.8 -0.427    19.46 21.59 02a57545o0276c  0.210526    True
57545.380784 18.900000      NaN   41    20 c    0   1.19 210.92213 54.30499 10365.93  8151.00 4.68 3.68  80.3 -0.421    19.41 21.51 02a57545o0296c  2.000000   False
57545.390661 19.569016      NaN    1    18 c    0   1.18 210.92213 54.30499 10328.37  8210.83 4.89 3.82  79.3 -0.420    19.52 21.66 02a57545o0315c  0.000000   False
57549.332077 19.454622      NaN  -26    20 c    0   0.97 210.92213 54.30499  2395.65  9664.08 4.08 3.84 -55.3 -0.425    19.44 21.31 02a57549o0078c -1.350000   False
57549.342782 19.351140      NaN  -12    22 c    0   0.99 210.92213 54.30499  2385.49  9624.30 4.17 3.87 -53.9 -0.417    19.44 21.33 02a57549o0100c -0.590909   False
57549.359807 19.271854      NaN   18    18 c    0   1.29 210.92213 54.30499  2441.85  9699.68 4.12 3.83 -48.6 -0.420    19.46 21.36 02a57549o0135c  0.944444    True
57549.367069 18.684100      NaN   42    27 c    0   0.66 210.92213 54.30499  2454.51  9582.89 4.12 3.84 -53.8 -0.424    19.47 21.39 02a57549o0150c  1.518519    True
57549.375839 19.256669      NaN   16    19 c    0   0.95 210.92213 54.30499  2423.05  9646.61 4.25 3.89 -49.4 -0.416    19.49 21.47 02a57549o0168c  0.789474   False
57581.293250 19.169763      NaN   -9    26 c    0   0.93 210.92213 54.30499  3726.21  6900.90 4.16 3.83 -76.8 -0.443    19.01 20.64 02a57581o0088c -0.384615    True
57581.304631 19.128787      NaN  -32    27 c    0   0.84 210.92213 54.30499  3713.62  6859.54 4.12 3.85 -61.9 -0.443    19.01 20.65 02a57581o0111c -1.222222   False
57581.321240 19.169763      NaN    7    24 c    0   0.95 210.92213 54.30499  3769.05  6934.02 3.97 3.69 -62.6 -0.451    19.00 20.58 02a57581o0145c  0.250000   False
57581.328019 18.967180      NaN   20    25 c    0   0.93 210.92213 54.30499  3781.42  6816.64 3.92 3.63 -71.9 -0.454    19.00 20.57 02a57581o0159c  0.760000   False
57581.338880 18.748255      NaN   41    25 c    0   1.19 210.92213 54.30499  3748.66  6875.62 3.99 3.68 -65.7 -0.453    18.93 20.48 02a57581o0181c  1.600000   False
57605.257770 18.702047      NaN   13    36 c    0   1.07 210.92213 54.30499  3989.59  6975.58 4.25 3.91  41.6 -0.371    18.85 21.71 02a57605o0052c  0.333333 8388609
57605.266058 18.816441      NaN  -61    36 c    0   1.07 210.92213 54.30499  3966.66  6935.01 4.44 4.23  42.0 -0.398    18.84 21.70 02a57605o0066c -1.722222 8388609
57605.277177 18.702047      NaN -109    40 c    0   1.00 210.92213 54.30499  4022.88  7008.47 5.25 5.14  65.0 -0.324    18.70 21.72 02a57605o0085c -2.750000 8388609
57605.290850 19.351140      NaN  -30    22 c    0   0.86 210.92213 54.30499  4046.56  6892.38 4.91 4.71 -64.3 -0.355    19.19 21.41 02a57605o0109c -1.409091 8388609
57605.303123 19.569016      NaN   -6    18 c    0   1.04 210.92213 54.30499  4001.23  6948.21 4.12 3.93 -59.8 -0.388    19.35 21.41 02a57605o0133c -0.388889 8388609
57609.251150 19.169763      NaN   -9    26 c    0   1.09 210.92213 54.30499  1283.29 10109.46 4.18 3.78 -54.8 -0.425    19.04 20.57 02a57609o0045c -0.384615   False
57609.257024 18.136622      NaN   77    42 c    0   0.93 210.92213 54.30499 10509.15 10230.48 4.93 3.90  81.8 -0.424    19.23 20.92 02a57609o0055c  1.809524    True
57609.260345 19.212347      NaN  -21    25 c    0   1.05 210.92213 54.30499  1259.49 10067.93 4.25 3.88 -54.3 -0.429    19.15 20.84 02a57609o0061c -0.880000   False
57609.274446 19.302877      NaN  -10    23 c    0   1.12 210.92213 54.30499  1314.65 10143.71 4.24 4.00 -55.4 -0.429    19.15 20.86 02a57609o0086c -0.478261   False
57609.275582 18.757738      NaN   10    35 c    0   1.01 210.92213 54.30499 10495.06 10187.93 5.07 4.03  81.4 -0.385    19.23 20.97 02a57609o0088c  0.257143    True
57609.283416 19.169763      NaN    1    26 c    0   1.15 210.92213 54.30499  1326.55 10020.85 4.35 3.86 -54.9 -0.414    19.11 20.83 02a57609o0102c  0.000000   False
57609.293767 18.889197      NaN   21    27 c    0   0.86 210.92213 54.30499  1290.30 10085.12 4.49 3.94 -54.1 -0.405    19.06 20.79 02a57609o0120c  0.740741   False
57746.613969 19.212347      NaN   22    18 c    0   0.99 210.92213 54.30499  9629.40  2390.86 4.06 3.81  81.9 -0.423    19.61 21.65 02a57746o0819c  1.166667   False
57746.625461 19.491430      NaN    5    18 c    0   1.06 210.92213 54.30499  9639.78  2430.49 4.08 3.83  80.9 -0.421    19.61 21.63 02a57746o0841c  0.222222    True
57746.627011 19.569016      NaN   -1    18 c    0   0.94 210.92213 54.30499   430.89  2323.19 4.23 4.16 -88.4 -0.369    19.54 21.57 02a57746o0844c -0.111111    True
57746.636855 19.169763      NaN   16    21 c    0   0.72 210.92213 54.30499  9584.23  2357.61 4.24 4.02  81.1 -0.403    19.60 21.66 02a57746o0863c  0.714286    True
57746.638445 19.510313      NaN  -19    19 c    0   0.82 210.92213 54.30499   443.50  2363.37 4.28 4.20  86.1 -0.365    19.56 21.60 02a57746o0866c -1.052632    True
57746.648259 19.569016      NaN  -15    18 c    0   0.97 210.92213 54.30499  9570.22  2475.77 4.17 3.92  78.9 -0.407    19.60 21.66 02a57746o0885c -0.888889    True
57746.650355 19.766969      NaN  -15    15 c    0   1.38 210.92213 54.30499   384.74  2281.02 4.15 4.02  85.8 -0.381    19.60 21.59 02a57746o0889c -1.066667   False
57746.659628 19.256669      NaN   19    18 c    0   1.22 210.92213 54.30499  9606.37  2417.50 4.06 3.79  79.7 -0.417    19.52 21.38 02a57746o0907c  1.000000    True
57746.661195 19.401649      NaN   -8    21 c    0   0.81 210.92213 54.30499   373.72  2417.54 4.09 3.95  84.3 -0.381    19.40 21.16 02a57746o0910c -0.428571   False
57746.669931 18.152867      NaN   77    41 c    0   0.95 210.92213 54.30499   407.03  2341.94 4.32 4.15  80.1 -0.359    18.45 19.40 02a57746o0927c  1.853659   False
57778.570698 19.510313      NaN  -13    19 c    0   1.16 210.92213 54.30499  9120.55 10215.38 4.12 3.71 -88.1 -0.431    19.77 21.82 02a57778o0568c -0.736842    True
57778.576629 19.076453      NaN   26    20 c    0   0.81 210.92213 54.30499  7895.31   414.20 4.00 3.78  15.5 -0.454    19.75 21.80 02a57778o0578c  1.250000   False
57778.584061 19.436675      NaN    5    19 c    0   1.01 210.92213 54.30499  9133.91 10256.86 4.09 3.68 -88.1 -0.432    19.77 21.81 02a57778o0592c  0.210526    True
57778.589437 19.631075      NaN  -44    17 c    0   1.22 210.92213 54.30499  7907.58   455.10 3.94 3.77  18.6 -0.451    19.77 21.82 02a57778o0602c -2.647059   False
57778.596885 19.569016      NaN   -9    18 c    0   0.88 210.92213 54.30499  9076.53 10182.83 4.09 3.73  89.5 -0.433    19.78 21.83 02a57778o0616c -0.555556    True
57778.602290 19.128787      NaN   25    19 c    0   1.07 210.92213 54.30499  7865.05   379.75 3.95 3.73  15.4 -0.452    19.79 21.85 02a57778o0626c  1.263158    True
57778.609876 19.334813      NaN   14    18 c    0   1.02 210.92213 54.30499  9054.40 10304.03 4.05 3.68 -88.4 -0.432    19.80 21.86 02a57778o0640c  0.722222   False
57778.615190 19.569016      NaN   -3    18 c    0   1.28 210.92213 54.30499  7844.46   503.43 3.84 3.67  18.2 -0.452    19.81 21.88 02a57778o0650c -0.222222   False
57778.622705 19.569016      NaN  -11    18 c    0   0.77 210.92213 54.30499  9099.89 10244.50 3.99 3.63 -89.0 -0.435    19.82 21.89 02a57778o0664c -0.666667    True
57778.628048 19.510313      NaN   -8    19 c    0   0.87 210.92213 54.30499  7878.58   444.34 3.99 3.81  15.7 -0.446    19.77 21.86 02a57778o0674c -0.473684   False
57782.565439 19.631075      NaN   -1    17 c    0   0.78 210.92213 54.30499  8331.27  1413.90 3.86 3.75  84.2 -0.416    19.82 21.96 02a57782o0717c -0.117647   False
57782.579866 19.609992      NaN    5    16 c    0   0.94 210.92213 54.30499  8353.22  1453.82 3.89 3.75 -88.6 -0.409    19.84 21.99 02a57782o0743c  0.250000   False
57782.593858 19.569016      NaN   10    15 c    0   1.11 210.92213 54.30499  8296.89  1380.79 3.81 3.67  86.6 -0.414    19.88 22.03 02a57782o0769c  0.600000    True
57782.607900 19.271854      NaN   18    18 c    0   0.98 210.92213 54.30499  8273.92  1504.37 3.93 3.77  83.5 -0.405    19.81 21.96 02a57782o0795c  0.944444   False
57782.621826 19.549093      NaN    5    17 c    0   0.91 210.92213 54.30499  8322.45  1446.25 3.86 3.71  85.6 -0.415    19.84 21.99 02a57782o0821c  0.235294    True
57786.563706 19.696897      NaN  -13    16 c    0   1.27 210.92213 54.30499  9347.75  9934.99 3.91 3.51 -86.0 -0.426    19.80 21.89 02a57786o0507c -0.875000   False
57786.566299 19.510313      NaN  -17    19 c    0   1.03 210.92213 54.30499  8104.25   135.12 3.89 3.68  13.0 -0.447    19.82 21.92 02a57786o0512c -0.947368    True
57786.576403 19.510313      NaN   -7    19 c    0   0.88 210.92213 54.30499  9358.92  9975.30 3.98 3.59 -88.6 -0.417    19.82 21.94 02a57786o0531c -0.421053   False
57786.579012 19.287255      NaN   17    18 c    0   1.31 210.92213 54.30499  8116.52   175.67 3.87 3.68  17.6 -0.448    19.85 21.96 02a57786o0536c  0.888889    True
57786.589214 19.631075      NaN  -34    17 c    0   0.92 210.92213 54.30499  9300.73  9899.85 3.94 3.57 -89.9 -0.428    19.83 21.94 02a57786o0555c -2.058824    True
57786.591848 19.569016      NaN  -12    18 c    0   1.14 210.92213 54.30499  8060.78    99.99 3.90 3.71  15.8 -0.449    19.68 21.79 02a57786o0560c -0.722222    True
57786.602149 19.302877      NaN  -31    23 c    0   1.09 210.92213 54.30499  9277.99 10021.57 3.98 3.64  85.5 -0.433    19.48 21.55 02a57786o0579c -1.391304    True
57786.604786 19.241693      NaN    8    22 c    0   0.94 210.92213 54.30499  8049.44   221.15 3.88 3.76  19.4 -0.441    19.84 21.98 02a57786o0584c  0.318182    True
57786.615038 19.631075      NaN  -30    17 c    0   1.08 210.92213 54.30499  9322.95  9962.84 3.95 3.59  86.2 -0.425    19.78 21.88 02a57786o0603c -1.823529   False
57786.617646 19.128787      NaN   22    20 c    0   0.94 210.92213 54.30499  8083.83   164.58 3.90 3.74  25.1 -0.448    19.84 21.99 02a57786o0608c  1.050000   False
57806.543426 19.569016      NaN  -28    18 c    0   0.91 210.92213 54.30499  9207.15  1317.19 3.85 3.70  60.6 -0.447    19.76 21.82 02a57806o0606c -1.611111    True
57806.546470 19.609992      NaN    2    17 c    0   1.19 210.92213 54.30499  9233.42  1354.34 3.98 3.84  55.8 -0.429    19.74 21.83 02a57806o0612c  0.058824   False
57806.563479 19.696897      NaN   -4    16 c    0   1.11 210.92213 54.30499  9175.95  1281.63 4.05 3.88  52.8 -0.427    19.76 21.89 02a57806o0643c -0.312500    True
57806.577726 19.569016      NaN   -1    18 c    0   0.99 210.92213 54.30499  9155.57  1400.79 3.91 3.72  65.3 -0.440    19.76 21.84 02a57806o0669c -0.111111   False
57806.591596 19.696897      NaN  -33    16 c    0   1.26 210.92213 54.30499  9205.65  1340.07 3.91 3.71  61.1 -0.439    19.72 21.75 02a57806o0695c -2.125000   False
57834.492888 19.766969      NaN  -15    15 c    0   1.40 210.92213 54.30499  8107.46  3385.64 3.99 3.71  87.7 -0.381    19.07 21.15 02a57834o0443c -1.066667   False
57834.503330 19.454622      NaN   -1    20 c    0   1.22 210.92213 54.30499  2375.06  7025.64 3.82 3.69  45.0 -0.427    19.11 21.19 02a57834o0463c -0.100000    True
57834.527024 19.155932      NaN   17    21 c    0   1.17 210.92213 54.30499  2422.40  7101.62 3.82 3.67  46.5 -0.423    19.04 21.02 02a57834o0506c  0.761905   False
57834.542612 19.271854      NaN    6    22 c    0   0.87 210.92213 54.30499  2441.60  6986.47 4.01 3.88  51.9 -0.407    18.92 20.83 02a57834o0535c  0.227273   False
57834.554663 19.302877      NaN   -2    23 c    0   1.03 210.92213 54.30499  2396.50  7047.87 4.05 3.88  49.7 -0.393    18.86 20.73 02a57834o0557c -0.130435    True
57838.492206 19.302877      NaN  -30    23 c    0   0.74 210.92213 54.30499   114.70   575.60 4.44 4.39 -73.2 -0.376    19.01 21.19 02a57838o0454c -1.347826    True
57838.492735 19.454622      NaN    1    20 c    0   1.41 210.92213 54.30499  1477.67 10384.52 4.33 4.18  26.2 -0.384    19.04 21.20 02a57838o0455c  0.000000    True
57838.494486 19.401649      NaN   -4    21 c    0   1.03 210.92213 54.30499  9033.48   104.30 4.02 3.88  39.9 -0.447    19.06 21.21 02a57838o0458c -0.238095    True
57838.495005 19.401649      NaN  -12    21 c    0   1.11 210.92213 54.30499 10398.32  9916.59 4.46 4.09  80.9 -0.414    19.01 21.18 02a57838o0459c -0.619048    True
57838.505700 19.038793      NaN   23    22 c    0   0.94 210.92213 54.30499 10326.82  9841.40 4.42 4.10  82.0 -0.403    19.02 21.17 02a57838o0479c  1.000000    True
57838.524714 18.955691      NaN   36    20 c    0   0.86 210.92213 54.30499   173.28   492.38 4.25 4.18 -14.6 -0.373    19.03 21.14 02a57838o0515c  1.750000    8192
57838.528687 19.302877      NaN   -3    23 c    0   0.95 210.92213 54.30499  1526.63 10299.52 4.13 3.95  18.7 -0.402    19.04 21.15 02a57838o0522c -0.173913    True
57838.541835 19.351140      NaN    0    22 c    0   1.03 210.92213 54.30499  1498.82 10362.04 4.23 3.75   9.2 -0.386    19.03 21.12 02a57838o0547c -0.045455    8192
57838.542881 19.351140      NaN   -1    22 c    0   0.95 210.92213 54.30499   139.82   547.94 4.10 3.99 -87.8 -0.398    19.06 21.09 02a57838o0549c -0.090909    True
57842.515338 19.256669      NaN  -23    24 c    0   0.76 210.92213 54.30499  3822.53  6712.58 4.04 3.91  55.3 -0.397    18.98 21.04 02a57842o0427c -1.000000   False
57842.526432 19.256669      NaN  -34    24 c    0   0.85 210.92213 54.30499  3865.70  6788.25 4.26 4.09  67.1 -0.387    18.93 21.04 02a57842o0448c -1.458333   False
57842.544005 19.401649      NaN   -7    21 c    0   0.99 210.92213 54.30499  3886.79  6668.01 4.12 3.96  75.6 -0.378    18.94 20.97 02a57842o0481c -0.380952   False
57862.478560 19.510313      NaN  -31    19 c    0   1.18 210.92213 54.30499  3514.79  6944.38 3.82 3.70  86.0 -0.396    18.84 20.47 02a57862o0525c -1.684211   False
57862.500554 18.921935      NaN   36    21 c    0   1.11 210.92213 54.30499  3491.89  6904.43 3.78 3.66  86.7 -0.402    18.76 20.25 02a57862o0570c  1.666667    True
57862.510937 19.419021      NaN    3    20 c    0   1.06 210.92213 54.30499  3548.76  6980.10 3.72 3.61  84.8 -0.412    18.74 20.17 02a57862o0591c  0.100000   False
57862.522570 19.351140      NaN  -30    22 c    0   1.07 210.92213 54.30499  3572.73  6861.65 3.74 3.65  72.0 -0.401    18.68 20.07 02a57862o0615c -1.409091    True
57862.530436 19.169763      NaN  -10    26 c    0   0.89 210.92213 54.30499  3539.63  6920.56 3.69 3.59  76.2 -0.414    18.67 20.02 02a57862o0631c -0.423077   False
57870.492158 20.103715      NaN  -21    11 c    0   0.93 210.92213 54.30499  1886.67  8588.54 2.42 2.27   7.5 -0.466    19.53 20.68 02a57870o0440c -2.000000   False
57870.509600 20.207197      NaN   -1    10 c    0   1.56 210.92213 54.30499  1863.49  8550.60 2.44 2.28   5.6 -0.462    19.48 20.63 02a57870o0473c -0.200000   False
57870.517991 20.103715      NaN   -5    11 c    0   1.28 210.92213 54.30499  1918.78  8622.57 2.45 2.31   7.0 -0.469    19.46 20.60 02a57870o0489c -0.545455    True
57870.530201 20.103715      NaN   -3    11 c    0   0.84 210.92213 54.30499  1944.47  8505.05 2.48 2.35   1.2 -0.461    19.42 20.58 02a57870o0512c -0.363636   False
57870.541671 19.791368      NaN    9    12 c    0   1.23 210.92213 54.30499  1911.70  8562.74 2.47 2.35   0.5 -0.467    19.42 20.55 02a57870o0534c  0.666667   False
57894.386745 20.103715      NaN   -3    11 c    0   1.26 210.92213 54.30499  1309.55  9763.03 2.54 2.33 -11.6 -0.464    19.65 21.54 02a57894o0292c -0.363636    True
57894.416893 20.137125      NaN    6     9 c    0   1.53 210.92213 54.30499  1286.48  9722.29 2.59 2.35 -14.0 -0.468    19.81 21.74 02a57894o0349c  0.555556    8192
57894.419529 19.816329      NaN   11    11 c    0   0.72 210.92213 54.30499  1343.96  9794.54 2.58 2.37  -6.5 -0.467    19.78 21.70 02a57894o0354c  0.909091    True
57894.441778 20.103715      NaN   -7    11 c    0   1.35 210.92213 54.30499  1358.45  9674.68 2.53 2.29  -7.6 -0.474    19.68 21.53 02a57894o0396c -0.727273    True
57894.453543 19.271854      NaN   33    13 c    0   1.27 210.92213 54.30499  1323.38  9733.84 2.53 2.30  -4.4 -0.474    19.49 21.27 02a57894o0418c  2.461538    8192
57898.389114 19.589310      NaN   24    10 c    0   1.34 210.92213 54.30499  1844.84  8713.32 2.66 2.37  -5.3 -0.481    19.73 21.69 02a57898o0138c  2.300000   False
57898.398663 20.321591      NaN    1     9 c    0   1.19 210.92213 54.30499  1821.20  8673.33 2.48 2.29  -0.9 -0.503    19.78 21.72 02a57898o0156c  0.000000   False
57898.417223 19.979496      NaN    2    12 c    0   0.90 210.92213 54.30499  1876.72  8747.16 2.59 2.34 -12.0 -0.486    19.75 21.68 02a57898o0191c  0.083333   False
57898.437402 19.950541      NaN    9    10 c    0   1.44 210.92213 54.30499  1902.66  8626.42 2.46 2.24   2.0 -0.504    19.75 21.62 02a57898o0229c  0.800000   False
57898.446924 20.103715      NaN   -4    11 c    0   1.08 210.92213 54.30499  1868.63  8683.90 2.67 2.48   1.6 -0.486    19.69 21.60 02a57898o0247c -0.454545   False
57902.386132 20.207197      NaN   -4    10 c    0   1.17 210.92213 54.30499  4368.69  7523.52 2.52 2.42  -3.6 -0.451    19.81 21.63 02a57902o0297c -0.500000    8192
57902.397408 20.009244      NaN   -1    12 c    0   0.75 210.92213 54.30499  4358.17  7483.62 2.57 2.47  -9.2 -0.461    19.77 21.60 02a57902o0319c -0.166667    True
57902.399963 20.362567      NaN    3     8 c    0   2.02 210.92213 54.30499  4405.08  7561.58 2.59 2.45  -2.7 -0.449    19.78 21.58 02a57902o0324c  0.250000    8192
57902.422768 20.321591      NaN  -11     9 c    0   1.50 210.92213 54.30499  4429.35  7442.52 2.56 2.44  -0.1 -0.463    19.79 21.63 02a57902o0368c -1.333333    True
57902.433611 19.791368      NaN   15    10 c    0   1.75 210.92213 54.30499  4394.21  7499.32 2.61 2.52  -1.9 -0.455    19.67 21.49 02a57902o0389c  1.400000    True
58020.235926 19.696897      NaN    7    14 c    0   0.97 210.92213 54.30499  3534.09  3760.42 2.41 2.31 -78.5 -0.409    19.28 20.64 02a58020o0006c  0.428571 8388609
58194.569176 19.894850      NaN   11    10 c    0   0.74 210.92213 54.30499  2254.31  8877.26 2.55 2.35  22.2 -0.453    19.73 21.58 02a58194o0731c  1.000000   False
58194.580281 20.207197      NaN   -8    10 c    0   1.03 210.92213 54.30499  2230.06  8838.91 2.56 2.31  25.0 -0.453    19.75 21.58 02a58194o0749c -0.900000   False
58194.590959 19.766969      NaN   19     9 c    0   1.59 210.92213 54.30499  2279.94  8911.10 2.63 2.46  14.7 -0.444    19.72 21.58 02a58194o0768c  2.000000   False
58194.602403 19.894850      NaN   11    10 c    0   1.05 210.92213 54.30499  2289.79  8792.15 2.41 2.21  17.3 -0.466    19.75 21.57 02a58194o0786c  1.000000    True
58196.529228 18.014729      NaN   53    58 c    0   0.79 210.92213 54.30499  4951.05  3693.74 2.58 2.44  19.6 -0.397    17.79 19.73 02a58196o0652c  0.896552   False
58196.535461 20.103715      NaN    4    10 c    0   0.90 210.92213 54.30499  4919.72  3657.75 2.45 2.31  46.0 -0.411    19.80 21.89 02a58196o0663c  0.300000    4096
58196.543979 17.139624      NaN  219    96 c    0   1.17 210.92213 54.30499  4975.63  3732.95 2.45 2.34  37.9 -0.438    16.95 18.82 02a58196o0680c  2.270833   False
58251.578978 20.103715      NaN   -9    11 c    0   1.25 210.92213 54.30499  4119.30  3772.43 2.73 2.54 -53.0 -0.388    19.50 21.34 02a58251o0733c -0.909091    8192
58251.587115 19.922338      NaN  -13    13 c    0   0.87 210.92213 54.30499  4118.58  3776.42 2.83 2.62 -51.3 -0.378    19.45 21.26 02a58251o0749c -1.076923    True
58251.594640 20.009244      NaN  -22    12 c    0   1.17 210.92213 54.30499  4107.02  3780.02 2.68 2.55 -50.4 -0.387    19.43 21.20 02a58251o0764c -1.916667    True
58251.602316 19.841877      NaN   -2    14 c    0   1.37 210.92213 54.30499  4117.02  3782.76 3.00 2.79 -53.4 -0.380    19.28 21.09 02a58251o0779c -0.214286    True
58252.572007 19.841877      NaN  -10    14 c    0   1.14 210.92213 54.30499  4118.77  3768.55 2.58 2.45 -49.9 -0.394    19.44 21.13 02a58252o0684c -0.785714    True
58252.582264 19.719755      NaN   15    11 c    0   1.61 210.92213 54.30499  4117.80  3773.80 2.51 2.40 -48.7 -0.402    19.46 21.08 02a58252o0703c  1.272727   False
58252.589663 19.841877      NaN  -10    14 c    0   0.76 210.92213 54.30499  4106.04  3777.10 2.54 2.45 -46.9 -0.398    19.40 21.05 02a58252o0718c -0.785714   False
58252.598499 19.979496      NaN    5    11 c    0   1.34 210.92213 54.30499  4117.17  3780.15 2.49 2.40 -53.1 -0.398    19.37 20.99 02a58252o0735c  0.363636   False
58256.417856 18.867907      NaN   20    28 c    0   0.23 210.92213 54.30499  3188.31  5365.81 2.37 2.34 -15.2 -0.425    19.82 21.77 02a58256o0256c  0.678571   False
58256.432475 20.321591      NaN   -8     9 c    0   0.82 210.92213 54.30499  3166.29  5325.34 2.41 2.41  22.0 -0.424    19.76 21.79 02a58256o0287c -1.000000   False
58256.449876 20.321591      NaN  -13     9 c    0   1.30 210.92213 54.30499  3222.39  5401.44 2.34 2.31  11.5 -0.431    19.80 21.75 02a58256o0324c -1.555556    True
58256.458792 20.362567      NaN    3     8 c    0   1.41 210.92213 54.30499  3246.30  5282.30 2.38 2.29  39.7 -0.426    19.79 21.74 02a58256o0343c  0.250000   False
58280.393689 20.321591      NaN   -9     9 c    0   1.55 210.92213 54.30499  5352.60  4885.90 2.45 2.41 -69.0 -0.419    19.75 21.71 02a58280o0323c -1.111111   False
58280.407270 20.207197      NaN   -9    10 c    0   0.90 210.92213 54.30499  5342.30  4849.79 2.53 2.51  54.3 -0.412    19.67 21.62 02a58280o0352c -1.000000   False
58280.414598 19.652575      NaN   15    12 c    0   0.86 210.92213 54.30499  5397.66  4923.57 2.44 2.41  53.9 -0.422    19.45 21.31 02a58280o0368c  1.166667   False
58280.424534 20.207197      NaN   -1    10 c    0   1.24 210.92213 54.30499  5408.82  4811.23 2.42 2.38  53.4 -0.418    19.72 21.59 02a58280o0389c -0.200000   False
58284.387122 20.103715      NaN    4    10 c    0   1.17 210.92213 54.30499  2825.31  5637.17 2.36 2.30   0.7 -0.420    19.59 21.41 02a58284o0307c  0.300000   False
58284.391741 19.674510      NaN   20    10 c    0   1.59 210.92213 54.30499  2799.76  5598.63 2.35 2.28   4.0 -0.423    19.62 21.46 02a58284o0317c  1.900000   False
58284.403480 19.950541      NaN    6    11 c    0   1.01 210.92213 54.30499  2858.29  5676.13 2.40 2.34  20.6 -0.428    19.67 21.53 02a58284o0342c  0.454545   False
58284.411716 19.922338      NaN   10    10 c    0   0.97 210.92213 54.30499  2879.61  5555.54 2.44 2.38  21.9 -0.430    19.70 21.54 02a58284o0360c  0.900000   False
58308.365311 20.207197      NaN    0    10 c    0   0.86 210.92213 54.30499  5564.31  3906.05 2.75 2.47 -51.2 -0.410    19.67 21.59 02a58308o0015c -0.100000    8192
58308.374538 20.282105      NaN    5     8 c    0   1.88 210.92213 54.30499  5585.75  3787.55 2.67 2.48 -52.0 -0.409    19.64 21.54 02a58308o0035c  0.500000    8192
58312.333401 20.071303      NaN    5    10 c    0   1.11 210.92213 54.30499  5115.18  3944.91 2.52 2.35 -53.7 -0.416    19.75 21.63 02a58312o0193c  0.400000   False
58312.339561 20.207197      NaN    1    10 c    0   1.34 210.92213 54.30499  5089.97  3904.57 2.69 2.42 -54.7 -0.407    19.71 21.63 02a58312o0206c  0.000000   False
58312.349040 20.207197      NaN  -19    10 c    0   1.37 210.92213 54.30499  5147.35  3981.23 2.58 2.48 -50.8 -0.410    19.67 21.61 02a58312o0226c -2.000000   False
58312.361108 20.321591 0.361912   28     9 c    0   1.26 210.92213 54.30499  5169.58  3863.80 2.53 2.47 -50.1 -0.408    19.68 21.58 02a58312o0252c  3.000000    True
58316.328042 19.674510      NaN   11    13 c    0   1.19 210.92213 54.30499  3254.03  3425.37 3.09 2.96 -62.0 -0.381    19.36 21.19 02a58316o0183c  0.769231    True
58316.337992 19.894850      NaN    2    13 c    0   1.07 210.92213 54.30499  3243.02  3384.33 3.05 3.00  68.2 -0.366    19.34 21.27 02a58316o0204c  0.076923    8192
58316.346903 19.351140      NaN   31    12 c    0   1.26 210.92213 54.30499  3298.60  3459.74 2.82 2.80  35.5 -0.378    19.44 21.34 02a58316o0223c  2.500000    True
58316.359453 19.696897      NaN   13    12 c    0   1.36 210.92213 54.30499  3320.63  3342.31 3.39 3.33 -52.8 -0.357    19.31 21.41 02a58316o0250c  1.000000    8192
58344.281357 20.009244      NaN  -13    12 c    0   1.22 210.92213 54.30499  3973.65  2669.60 2.61 2.40 -55.2 -0.387    19.46 21.13 02a58344o0108c -1.166667    True
58344.290487 20.009244      NaN   -1    12 c    0   1.31 210.92213 54.30499  3962.54  2630.32 2.74 2.55 -63.2 -0.394    19.41 21.10 02a58344o0127c -0.166667    8192
58344.299671 19.652575      NaN    9    14 c    0   1.13 210.92213 54.30499  4018.88  2706.27 2.67 2.48 -55.6 -0.384    19.08 20.79 02a58344o0146c  0.571429    8192
58344.308612 19.816329      NaN    8    12 c    0   1.16 210.92213 54.30499  4040.56  2584.04 2.62 2.50 -52.1 -0.392    19.43 21.14 02a58344o0165c  0.583333    True
58376.224249 19.351140      NaN  -28    22 c    0   1.08 210.92213 54.30499  5657.23  2158.70 2.62 2.39 -58.7 -0.397    18.75 19.69 02a58376o0028c -1.318182   False
58376.230043 19.766969      NaN   -3    15 c    0   1.71 210.92213 54.30499  5645.56  2118.85 2.56 2.41 -64.1 -0.391    18.99 20.12 02a58376o0040c -0.266667    True
58376.238331 19.569016      NaN  -22    18 c    0   0.88 210.92213 54.30499  5700.48  2221.26 2.68 2.50 -61.2 -0.388    19.11 20.35 02a58376o0057c -1.277778   False
58376.247461 19.351140      NaN   16    17 c    0   1.41 210.92213 54.30499  5723.81  2094.76 2.88 2.78 -67.9 -0.379    19.00 20.36 02a58376o0076c  0.882353   False
58520.663770 19.922338      NaN   -8    13 c    0   0.91 210.92213 54.30499  4390.94  7825.65 2.59 2.36  19.3 -0.464    19.68 21.60 02a58520o0274c -0.538462    8192
58520.673685 18.816441      NaN  -53    36 c    0   0.82 210.92213 54.30499  4365.35  7785.85 2.64 2.45  19.8 -0.473    18.45 19.41 02a58520o0295c -1.444444    True
58576.556729 20.103715      NaN    8     8 c    0   2.42 210.92213 54.30499  7697.86    88.97 2.48 2.09 -59.9 -0.405    19.78 21.80 02a58576o0718c  1.125000   False
58576.558102 19.894850      NaN   12     9 c    0   1.74 210.92213 54.30499  7964.63  9826.10 2.66 2.50 -64.8 -0.402    19.80 21.82 02a58576o0721c  1.444444   False
58576.570795 20.009244      NaN   -9    12 c    0   0.83 210.92213 54.30499  7940.26  9785.04 2.75 2.52 -54.5 -0.415    19.76 21.80 02a58576o0748c -0.666667   False
58576.571708 19.169763      NaN   -9    26 c    0   0.62 210.92213 54.30499  7674.57    47.29 2.55 2.17 -54.5 -0.395    19.74 21.77 02a58576o0750c -0.307692   False
58576.577207 19.922338      NaN   -3    13 c    0   0.69 210.92213 54.30499  7740.09   127.12 2.57 2.18 -55.4 -0.421    19.76 21.75 02a58576o0762c -0.153846   False
58576.578589 20.207197      NaN   -3    10 c    0   1.36 210.92213 54.30499  7995.38  9865.76 2.82 2.48 -54.2 -0.409    19.73 21.78 02a58576o0765c -0.200000   False
58576.591620 20.103715      NaN  -22    11 c    0   1.08 210.92213 54.30499  8015.96  9748.56 2.90 2.51 -53.5 -0.401    19.67 21.74 02a58576o0792c -1.909091    True
58580.533459 20.321591      NaN   -5     9 c    0   1.51 210.92213 54.30499  7576.73  7863.17 2.64 2.49  44.9 -0.407    19.60 21.43 02a58580o0667c -0.444444   False
58580.553444 19.816329      NaN    6    12 c    0   0.88 210.92213 54.30499  7609.68  7901.37 2.56 2.54  80.1 -0.405    19.66 21.40 02a58580o0709c  0.583333   False
58580.565220 19.491430      NaN   21    12 c    0   1.22 210.92213 54.30499  7630.79  7783.58 2.60 2.52  67.2 -0.409    19.59 21.37 02a58580o0734c  1.833333   False
58604.470220 19.922338      NaN   11     9 c    0   1.71 210.92213 54.30499  7302.98  3982.91 2.37 2.30  44.7 -0.399    19.60 21.61 02a58604o0438c  1.333333   False
58604.485174 19.589310      NaN   19    11 c    0   1.01 210.92213 54.30499  7279.86  3943.64 2.37 2.30 -64.6 -0.409    19.59 21.62 02a58604o0470c  1.818182   False
58604.494705 19.922338      NaN   -4    13 c    0   0.82 210.92213 54.30499  7333.59  4018.65 2.41 2.37  49.2 -0.404    19.60 21.58 02a58604o0490c -0.230769   False
58604.501777 20.103715      NaN  -27    11 c    0   0.99 210.92213 54.30499  7356.07  3905.02 2.48 2.38 -61.5 -0.399    19.53 21.55 02a58604o0505c -2.363636   False
58612.399959 20.039830      NaN    7     9 c    0   1.24 210.92213 54.30499  9072.71  6878.43 2.56 2.46  58.3 -0.420    19.76 21.60 02a58612o0365c  0.888889   False
58612.401822 20.009244      NaN    2    11 c    0   0.95 210.92213 54.30499  9053.01  6838.71 2.56 2.45  57.2 -0.405    19.79 21.60 02a58612o0369c  0.272727   False
58612.407474 19.979496      NaN    6    10 c    0   1.24 210.92213 54.30499  9109.20  6918.41 2.57 2.48  79.0 -0.418    19.76 21.61 02a58612o0381c  0.700000   False
58612.432540 19.766969      NaN    5    13 c    0   0.89 210.92213 54.30499  9118.84  6800.90 2.59 2.47  47.7 -0.460    19.78 21.63 02a58612o0433c  0.461538   False
58636.335628 19.652575      NaN   13    12 c    0   0.91 210.92213 54.30499  1836.53  7494.12 2.48 2.37 -15.7 -0.428    19.71 21.76 02a58636o0227c  1.166667   False
58636.341238 19.979496      NaN    6    10 c    0   1.06 210.92213 54.30499  8742.74  3037.85 2.37 2.26 -63.8 -0.422    19.80 21.76 02a58636o0239c  0.700000   False
58636.347261 20.207197      NaN  -13    10 c    0   0.88 210.92213 54.30499  8806.88  3127.27 2.44 2.24 -62.2 -0.410    19.80 21.77 02a58636o0252c -1.200000   False
58636.365477 20.244005      NaN    1     9 c    0   0.90 210.92213 54.30499  8821.30  3007.74 2.46 2.24 -63.5 -0.413    19.75 21.70 02a58636o0291c  0.222222    True
58664.300439 20.321591      NaN   -1     9 c    0   1.54 210.92213 54.30499  2482.49  1197.06 2.38 2.29 -65.3 -0.432    19.78 21.60 02a58664o0137c  0.000000   False
58664.303183 19.950541      NaN    7    10 c    0   1.17 210.92213 54.30499  2461.46  1158.16 2.42 2.27 -59.8 -0.419    19.81 21.61 02a58664o0143c  0.800000   False
58664.308728 19.922338      NaN    8    10 c    0   1.16 210.92213 54.30499  2519.15  1231.88 2.35 2.27 -77.6 -0.405    19.80 21.64 02a58664o0155c  0.900000    True
58664.318819 20.207197      NaN  -11    10 c    0   1.28 210.92213 54.30499  2539.72  1113.87 2.35 2.23 -74.9 -0.431    19.82 21.68 02a58664o0177c -1.000000   False
58668.360430 20.207197      NaN   -7    10 c    0   1.03 210.92213 54.30499  6961.79  4766.60 2.58 2.30  40.7 -0.393    19.70 21.53 02a58668o0259c -0.600000   False
58668.363476 19.841877      NaN  -11    14 c    0   0.90 210.92213 54.30499  6942.17  4726.38 2.60 2.25  40.7 -0.572    19.74 21.50 02a58668o0265c -0.714286   False
58668.370013 19.979496      NaN    0    12 c    0   1.15 210.92213 54.30499  6997.57  4802.65 2.68 2.25  39.4 -0.390    19.70 21.46 02a58668o0279c  0.083333   False
58668.381748 19.868040      NaN    7    11 c    0   0.96 210.92213 54.30499  7016.82  4684.44 2.56 2.27  38.1 -0.388    19.72 21.46 02a58668o0304c  0.727273   False
58692.299708 20.321591      NaN   -3     9 c    0   1.74 210.92213 54.30499  8867.62  5210.63 2.65 2.49  41.5 -0.392    19.68 21.66 02a58692o0140c -0.222222   False
58692.302589 20.321591      NaN  -18     9 c    0   1.51 210.92213 54.30499  8847.41  5170.58 2.64 2.45  38.1 -0.389    19.70 21.66 02a58692o0146c -1.888889   False
58692.308687 19.766969      NaN    8    12 c    0   0.74 210.92213 54.30499  8903.03  5250.10 2.53 2.46  53.4 -0.394    19.67 21.63 02a58692o0157c  0.750000   False
58692.318540 19.719755      NaN   16    10 c    0   1.27 210.92213 54.30499  8921.58  5133.67 2.56 2.44  41.4 -0.392    19.70 21.60 02a58692o0178c  1.700000   False
58696.259275 19.979496      NaN    6    10 c    0   1.01 210.92213 54.30499  8874.06  5213.79 2.77 2.47 -64.4 -0.398    19.61 21.39 02a58696o0060c  0.700000   False
58696.263160 20.103715      NaN   -3    11 c    0   0.85 210.92213 54.30499  8853.20  5173.37 2.88 2.48 -64.6 -0.397    19.64 21.51 02a58696o0068c -0.181818   False
58696.268990 20.321591      NaN   -7     9 c    0   1.40 210.92213 54.30499  8910.03  5253.40 2.87 2.52 -64.1 -0.401    19.66 21.57 02a58696o0080c -0.666667   False
58696.279054 19.868040      NaN    4    12 c    0   0.72 210.92213 54.30499  8925.98  5143.76 2.99 2.55 -63.8 -0.397    19.61 21.57 02a58696o0101c  0.416667   False
58700.300639 19.696897      NaN   17    10 c    0   1.35 210.92213 54.30499  3330.59  7086.25 2.45 2.42   6.2 -0.386    19.55 21.20 02a58700o0151c  1.800000    True
58700.303953 20.009244      NaN   -4    12 c    0   1.05 210.92213 54.30499  3311.88  7046.23 2.38 2.34  -1.5 -0.391    19.59 21.19 02a58700o0158c -0.250000    8192
58700.310446 19.950541      NaN    1    12 c    0   1.33 210.92213 54.30499  3367.95  7124.23 2.47 2.37  26.3 -0.380    19.54 21.19 02a58700o0172c  0.166667    8192
58700.320640 19.766969      NaN   11    11 c    0   1.53 210.92213 54.30499  3387.67  7005.29 2.44 2.40  -0.7 -0.389    19.55 21.17 02a58700o0194c  1.090909    True
58708.299948 18.878500      NaN   -1    34 c    0   1.60 210.92213 54.30499  4753.74  3195.92 2.87 2.31  41.7 -0.386    18.22 19.07 02a58708o0161c  0.000000   False
58708.302750 18.396507      NaN   -9    53 c    0   0.85 210.92213 54.30499  4732.68  3157.28 2.82 2.29  42.5 -0.399    18.06 18.90 02a58708o0167c -0.150943   False
58708.309789 18.702047      NaN  -77    40 c    0   1.25 210.92213 54.30499  4792.56  3236.29 2.94 2.35  42.2 -0.375    17.75 18.71 02a58708o0182c -1.900000   False
58708.319771 18.767304      NaN    4    36 c    0   1.39 210.92213 54.30499  4813.95  3117.71 2.71 2.33  39.5 -0.399    18.16 18.98 02a58708o0203c  0.138889    True
58724.254212 20.009244      NaN   -3    12 c    0   0.87 210.92213 54.30499  5025.38  4838.50 2.75 2.32  34.3 -0.404    19.58 21.32 02a58724o0081c -0.166667   False
58724.257423 20.103715      NaN  -13    11 c    0   1.32 210.92213 54.30499  5006.88  4800.25 2.64 2.29  38.5 -0.401    19.54 21.31 02a58724o0088c -1.090909   False
58724.263511 19.491430      NaN   18    13 c    0   1.08 210.92213 54.30499  5062.02  4876.09 2.76 2.32  36.7 -0.393    19.50 21.30 02a58724o0101c  1.461538   False
58724.275107 19.922338      NaN   -8    13 c    0   0.96 210.92213 54.30499  5082.86  4762.42 2.72 2.32  36.3 -0.394    19.49 21.25 02a58724o0126c -0.538462   False
58872.552407 20.103715      NaN   -7    11 c    0   1.11 210.92213 54.30499  3607.69  5807.51 2.53 2.32  43.9 -0.392    19.85 22.00 02a58872o0760c -0.545455   False
58872.555279 20.207197      NaN   -5    10 c    0   1.06 210.92213 54.30499  3629.76  5845.33 2.36 2.33 -56.3 -0.411    19.81 21.99 02a58872o0766c -0.400000   False
58872.561131 19.652575      NaN   19    10 c    0   0.98 210.92213 54.30499  3572.24  5766.17 2.35 2.31 -48.9 -0.410    19.84 21.99 02a58872o0778c  2.000000   False
58872.571799 20.039830      NaN    4    10 c    0   0.99 210.92213 54.30499  3541.67  5886.67 2.52 2.31  40.8 -0.393    19.84 22.02 02a58872o0799c  0.500000   False
58876.651589 19.894850      NaN    3    12 c    0   0.96 210.92213 54.30499  1968.00  9654.48 2.41 2.33 -38.1 -0.426    19.70 21.82 02a58876o0927c  0.333333    True
58876.655266 19.743105      NaN    0    15 c    0   0.95 210.92213 54.30499  1987.17  9693.33 2.50 2.37 -43.3 -0.418    19.31 21.31 02a58876o0935c  0.066667    True
58876.662978 19.841877      NaN   -2    14 c    0   1.25 210.92213 54.30499  1929.50  9614.30 2.45 2.31 -39.5 -0.420    19.30 21.14 02a58876o0951c -0.071429    True
58876.669196 18.438271      NaN   56    32 c    0   1.04 210.92213 54.30499  1908.44  9730.80 2.47 2.31 -35.2 -0.427    18.50 19.82 02a58876o0963c  1.781250    8192
58884.593779 19.894850      NaN   17     8 c    0   1.54 210.92213 54.30499  5096.43  1959.14 2.50 2.27  50.2 -0.395    19.82 21.99 02a58884o0827c  2.000000    True
58884.596741 20.207197      NaN    1    10 c    0   0.90 210.92213 54.30499  5121.17  1994.58 2.43 2.20 -61.5 -0.403    19.85 21.98 02a58884o0833c  0.000000   False
58884.605408 20.449472      NaN  -15     8 c    0   1.54 210.92213 54.30499  5065.98  1918.21 2.47 2.26 -62.9 -0.401    19.81 21.98 02a58884o0851c -2.000000   False
58884.615927 20.009244      NaN   10     9 c    0   0.86 210.92213 54.30499  5044.36  2037.00 2.43 2.26  52.2 -0.399    19.81 21.99 02a58884o0873c  1.000000   False
58900.591861 20.207197      NaN    0    10 c    0   1.05 210.92213 54.30499  7258.22  3497.42 2.54 2.48  70.7 -0.387    19.55 21.59 02a58900o0772c -0.100000   False
58900.593725 19.791368      NaN    6    13 c    0   1.01 210.92213 54.30499  7280.22  3529.21 2.56 2.43 -67.9 -0.391    19.32 21.32 02a58900o0776c  0.384615   False
58900.597390 19.384550      NaN   17    16 c    0   0.76 210.92213 54.30499  7222.21  3457.62 2.87 2.78 -67.6 -0.394    19.29 21.41 02a58900o0783c  1.000000   False
58900.608099 19.922338      NaN    4    12 c    0   0.89 210.92213 54.30499  3382.59  7006.90 2.76 2.65 -56.3 -0.386    19.52 21.66 02a58900o0803c  0.250000    True
58932.513609 19.719755      NaN   12    12 c    0   1.08 210.92213 54.30499  3611.88  8741.01 2.66 2.33 -51.9 -0.412    19.73 21.71 02a58932o0633c  0.916667   False
58932.516828 19.922338      NaN   -8    13 c    0   0.90 210.92213 54.30499  3593.05  8701.62 2.70 2.37 -52.4 -0.412    19.70 21.70 02a58932o0640c -0.692308   False
58932.522331 19.791368      NaN    9    12 c    0   1.04 210.92213 54.30499  3647.84  8777.33 2.66 2.29 -51.8 -0.416    19.71 21.69 02a58932o0652c  0.666667   False
58932.532128 20.207197      NaN   -6    10 c    0   1.35 210.92213 54.30499  3666.41  8660.14 2.64 2.33 -52.4 -0.413    19.72 21.67 02a58932o0673c -0.700000   False
58956.480280 20.207197      NaN   -1    10 c    0   1.07 210.92213 54.30499   381.20  1392.91 2.72 2.33 -57.6 -0.410    19.70 21.69 02a58956o0530c -0.200000   False
58956.483493 20.207197      NaN  -10    10 c    0   0.83 210.92213 54.30499   360.63  1354.04 2.74 2.36 -59.2 -0.412    19.68 21.70 02a58956o0537c -1.100000   False
58956.489223 20.207197      NaN  -15    10 c    0   1.41 210.92213 54.30499   420.47  1423.66 2.74 2.35 -57.8 -0.413    19.70 21.68 02a58956o0549c -1.600000   False
58956.499532 20.207197      NaN   -3    10 c    0   1.13 210.92213 54.30499   440.42  1302.43 2.77 2.39 -59.4 -0.415    19.66 21.63 02a58956o0570c -0.400000   False
58960.425104 19.922338      NaN   -8    13 c    0   0.89 210.92213 54.30499 10206.61  9184.64 2.96 2.81  45.4 -0.373    19.66 21.55 02a58960o0416c -0.692308   False
58960.428590 20.009244      NaN    7    10 c    0   0.98 210.92213 54.30499   352.57  1357.74 2.56 2.33 -59.1 -0.412    19.70 21.56 02a58960o0423c  0.600000   False
58960.434799 20.103715      NaN   -6    11 c    0   1.16 210.92213 54.30499   413.25  1428.32 2.49 2.33 -57.6 -0.416    19.72 21.56 02a58960o0436c -0.636364   False
58960.471580 19.589310      NaN   24    10 c    0   0.85 210.92213 54.30499   438.74  1304.84 2.37 2.29  77.1 -0.421    19.72 21.63 02a58960o0459c  2.300000   False
58964.430982 19.169763      NaN    4    25 c    0   0.83 210.92213 54.30499  7117.53  6899.32 2.52 2.46 -82.3 -0.404    18.74 20.40 02a58964o0427c  0.120000   False
58964.434180 18.702047      NaN  -42    40 c    0   1.28 210.92213 54.30499  7098.83  6859.75 2.54 2.51  84.9 -0.397    18.18 19.79 02a58964o0434c -1.075000    True
58964.440185 19.454622      NaN   -3    20 c    0   0.89 210.92213 54.30499  7155.04  6939.20 2.64 2.58 -70.3 -0.393    19.01 20.86 02a58964o0447c -0.200000   False
58964.475522 20.039830      NaN    3    11 c    0   1.06 210.92213 54.30499  7170.70  6823.85 2.63 2.56  42.0 -0.395    19.59 21.44 02a58964o0523c  0.181818   False
58984.385056 20.137125      NaN    3    10 c    0   1.08 210.92213 54.30499  1449.01  6776.89 2.37 2.24  10.9 -0.404    19.75 21.72 02a58984o0250c  0.200000   False
58984.388259 19.719755      NaN   15    11 c    0   1.04 210.92213 54.30499  1430.67  6736.16 2.38 2.20 -51.1 -0.415    19.79 21.70 02a58984o0257c  1.272727   False
58984.393747 20.103715      NaN    1    11 c    0   0.97 210.92213 54.30499  1488.46  6812.98 2.38 2.21 -48.3 -0.421    19.78 21.71 02a58984o0269c  0.000000   False
58984.404468 19.979496      NaN   11     9 c    0   1.13 210.92213 54.30499  1513.80  6695.30 2.37 2.20 -45.9 -0.416    19.79 21.73 02a58984o0290c  1.111111   False
58988.407142 20.207197      NaN   -4    10 c    0   1.26 210.92213 54.30499  6716.53  3111.24 2.59 2.29  35.5 -0.390    19.71 21.63 02a58988o0375c -0.500000   False
58988.410344 20.103715      NaN   -9    11 c    0   0.93 210.92213 54.30499  6699.26  3072.61 2.44 2.34  35.0 -0.395    19.73 21.61 02a58988o0382c -0.909091   False
58988.415874 20.207197      NaN   -7    10 c    0   1.04 210.92213 54.30499  6756.94  3149.23 2.44 2.31  38.5 -0.393    19.70 21.59 02a58988o0394c -0.800000   False
58988.427368 20.321591      NaN   -3     9 c    0   1.16 210.92213 54.30499  6781.51  3036.24 2.36 2.34  81.6 -0.396    19.72 21.59 02a58988o0419c -0.444444   False
58992.358373 20.207197      NaN    1    10 c    0   1.01 210.92213 54.30499  6722.90  3118.60 2.63 2.41  33.3 -0.389    19.73 21.75 02a58992o0269c  0.000000   False
58992.361575 20.207197      NaN   -7    10 c    0   1.15 210.92213 54.30499  6702.98  3078.73 2.55 2.36  32.6 -0.393    19.72 21.74 02a58992o0276c -0.800000   False
58992.367526 19.816329      NaN    8    12 c    0   0.80 210.92213 54.30499  6761.44  3156.34 2.59 2.39  31.5 -0.387    19.74 21.75 02a58992o0289c  0.583333   False
58992.401785 20.321591      NaN    0     9 c    0   1.39 210.92213 54.30499  6778.18  3037.27 2.63 2.38  29.0 -0.384    19.70 21.75 02a58992o0362c -0.111111   False
59011.354173 20.039830      NaN    6    10 c    0   1.35 210.92213 54.30499  9024.81  6873.79 3.00 2.95  56.5 -0.382    19.64 21.96 02a59011o0241c  0.500000 8388609
59011.357398 19.868040      NaN   12    10 c    0   1.40 210.92213 54.30499  9003.30  6828.18 2.93 2.86  55.4 -0.384    19.67 21.95 02a59011o0248c  1.100000 8388609
59011.363858 20.103715      NaN   -7    11 c    0   0.88 210.92213 54.30499  9059.94  6909.28 2.94 2.90  48.3 -0.384    19.68 21.95 02a59011o0262c -0.727273 8388609
59011.384568 20.009244      NaN  -17    12 c    0   1.06 210.92213 54.30499  9071.79  6790.69 3.90 3.56  31.1 -0.330    19.44 21.95 02a59011o0306c -1.500000 8388609
59015.333919 19.894850      NaN   11    10 c    0   1.06 210.92213 54.30499  9023.97  6868.31 2.65 2.57  57.6 -0.399    19.78 21.91 02a59015o0200c  1.000000    True
59015.337583 20.009244      NaN   -9    12 c    0   0.84 210.92213 54.30499  9005.17  6827.43 2.63 2.55  63.5 -0.398    19.79 21.90 02a59015o0208c -0.833333   False
59015.343104 20.207197      NaN   -6    10 c    0   1.13 210.92213 54.30499  9058.93  6908.31 2.76 2.45  36.0 -0.390    19.78 21.90 02a59015o0220c -0.700000   False
59015.354141 20.103715      NaN   -8    11 c    0   1.02 210.92213 54.30499  9078.04  6793.71 2.69 2.59  67.5 -0.396    19.76 21.87 02a59015o0244c -0.818182   False
59020.330908 20.103715      NaN   -5    11 c    0   1.00 210.92213 54.30499  6552.51   969.10 2.45 2.32 -69.4 -0.404    19.50 21.38 02a59020o0132c -0.545455   False
59020.334109 20.103715      NaN    7     9 c    0   1.16 210.92213 54.30499  6531.93   928.87 2.44 2.30 -64.1 -0.401    19.75 21.74 02a59020o0139c  0.666667   False
59020.341236 20.103715      NaN    0    11 c    0   0.94 210.92213 54.30499  6591.67  1009.74 2.54 2.42  87.9 -0.392    19.60 21.65 02a59020o0154c -0.090909   False
59020.352367 19.841877      NaN   -5    14 c    0   1.25 210.92213 54.30499  6610.68   886.47 2.36 2.31 -83.6 -0.405    19.43 21.35 02a59020o0178c -0.428571   False
59040.285251 19.743105      NaN   11    12 c    0   0.82 210.92213 54.30499  8725.68  3082.02 2.87 2.73 -62.0 -0.377    19.58 21.62 02a59040o0091c  0.833333   False
59040.288469 20.103715      NaN  -13    11 c    0   0.90 210.92213 54.30499  8705.95  3041.92 2.82 2.70 -57.8 -0.372    19.58 21.62 02a59040o0098c -1.272727    True
59040.295427 20.207197      NaN    0    10 c    0   1.08 210.92213 54.30499  8765.40  3119.52 2.73 2.65 -59.9 -0.378    19.70 21.65 02a59040o0113c -0.100000   False
59040.306084 20.207197      NaN   -2    10 c    0   1.13 210.92213 54.30499  8786.76  3001.76 2.80 2.70  41.1 -0.380    19.65 21.66 02a59040o0136c -0.300000   False
59044.317072 20.207197      NaN    0    10 c    0   1.08 210.92213 54.30499   775.77  3014.26 2.48 2.27 -55.6 -0.400    19.71 21.76 02a59044o0158c -0.100000    True
59044.320832 20.207197      NaN  -10    10 c    0   1.10 210.92213 54.30499   754.10  2974.21 2.53 2.34 -61.3 -0.402    19.68 21.77 02a59044o0166c -1.100000   False
59044.327714 20.103715      NaN    0    11 c    0   1.26 210.92213 54.30499   816.70  3052.34 2.61 2.46 -60.4 -0.404    19.62 21.76 02a59044o0181c -0.090909   False
59044.337475 19.719755      NaN   18    10 c    0   1.14 210.92213 54.30499   839.83  2931.94 2.75 2.44 -57.4 -0.396    19.60 21.71 02a59044o0202c  1.700000   False
59048.285981 20.103715      NaN  -11    11 c    0   0.85 210.92213 54.30499   781.99  3018.63 2.55 2.35  33.8 -0.395    19.64 21.53 02a59048o0095c -1.090909 8388608
59048.290126 19.719755      NaN   15    11 c    0   1.20 210.92213 54.30499   761.22  2979.95 2.65 2.36  36.5 -0.389    19.44 21.30 02a59048o0104c  1.272727 8388608
59048.296595 20.321591      NaN   -2     9 c    0   1.00 210.92213 54.30499   820.22  3053.37 2.56 2.32  35.6 -0.393    19.57 21.51 02a59048o0118c -0.333333 8388609
59048.308077 20.207197 0.289530   31     8 c    0   1.11 210.92213 54.30499   844.05  2933.81 2.36 2.33  14.2 -0.405    19.68 21.65 02a59048o0143c  3.750000 8388608
59108.240914 19.841877      NaN   -4    14 c    0   0.96 210.92213 54.30499  4742.67  3187.53 2.37 2.34  62.2 -0.401    19.32 20.86 02a59108o0046c -0.357143   False
59108.246004 19.401649      NaN   13    17 c    0   0.83 210.92213 54.30499  4722.37  3160.62 2.56 2.40  37.6 -0.391    19.27 20.84 02a59108o0057c  0.705882   False
59108.250126 19.841877      NaN   -3    14 c    0   0.89 210.92213 54.30499  4781.96  3231.88 2.42 2.39  52.4 -0.395    19.30 20.84 02a59108o0066c -0.285714   False
59108.260706 19.631075      NaN   16    12 c    0   1.95 210.92213 54.30499  4801.43  3121.76 2.62 2.44 -52.2 -0.395    19.22 20.80 02a59108o0089c  1.250000   False
59206.608827 19.922338      NaN    7    11 c    0   0.90 210.92213 54.30499  4753.98  3175.12 2.53 2.47 -30.5 -0.370    19.71 21.84 01a59206o0880c  0.545455   False
59206.612058 19.868040      NaN   15     9 c    0   1.27 210.92213 54.30499  4732.03  3140.23 2.57 2.51 -32.1 -0.368    19.69 21.85 01a59206o0887c  1.555556   False
59206.617585 20.103715      NaN    1    11 c    0   0.92 210.92213 54.30499  4793.20  3216.65 2.73 2.64  -7.8 -0.359    19.62 21.85 01a59206o0899c  0.000000   False
59206.631405 20.207197      NaN  -10    10 c    0   1.15 210.92213 54.30499  4811.57  3104.81 2.76 2.58  21.5 -0.358    19.63 21.85 01a59206o0929c -1.100000   False
59208.639885 20.207197      NaN  -18    10 c    0   1.05 210.92213 54.30499  8811.36  1669.29 2.61 2.33 -54.2 -0.407    19.68 21.64 02a59208o0962c -1.900000   False
59208.650450 19.922338      NaN   13     9 c    0   1.53 210.92213 54.30499  8831.73  1708.26 2.61 2.34 -53.8 -0.404    19.70 21.65 02a59208o0985c  1.333333   False
59208.655955 20.321591      NaN    1     9 c    0   1.54 210.92213 54.30499  8777.15  1634.98 2.58 2.31 -55.3 -0.401    19.67 21.61 02a59208o0997c  0.000000   False
59208.664725 19.841877      NaN  -13    14 c    0   0.83 210.92213 54.30499  8758.86  1755.68 2.57 2.34 -56.5 -0.404    19.41 20.84 02a59208o1016c -1.000000   False
59228.630646 20.207197      NaN   -6    10 c    0   1.23 210.92213 54.30499  7509.32  5607.64 2.68 2.51  50.2 -0.390    19.74 21.88 02a59228o0867c -0.700000   False
59228.633851 20.321591      NaN  -17     9 c    0   1.01 210.92213 54.30499  7529.54  5645.95 2.71 2.51  48.7 -0.388    19.72 21.88 02a59228o0874c -2.000000   False
59228.650265 19.719755      NaN   18    10 c    0   1.40 210.92213 54.30499  7477.39  5572.23 2.70 2.49  48.1 -0.390    19.76 21.90 02a59228o0909c  1.700000   False
59228.658974 20.103715      NaN   -9    11 c    0   0.84 210.92213 54.30499  7458.17  5689.41 2.69 2.45  45.7 -0.392    19.80 21.83 02a59228o0928c -0.909091   False
59230.596813 20.103715      NaN    0    11 c    0   1.09 210.92213 54.30499  3633.23  8713.08 2.94 2.60 -76.7 -0.397    19.72 22.31 01a59230o0856c -0.090909   False
59230.600047 20.321591      NaN  -12     9 c    0   1.40 210.92213 54.30499  3613.89  8675.45 2.90 2.59 -77.3 -0.395    19.77 22.33 01a59230o0863c -1.444444   False
59230.605590 20.321591      NaN  -10     9 c    0   1.06 210.92213 54.30499  3672.15  8748.81 2.80 2.62 -83.6 -0.389    19.76 22.34 01a59230o0875c -1.222222   False
59230.615358 20.449472      NaN  -25     8 c    0   1.32 210.92213 54.30499  3690.59  8632.99 2.75 2.58 -80.9 -0.393    19.78 22.39 01a59230o0896c -3.250000    True
59238.585766 20.321591      NaN    0     9 c    0   0.89 210.92213 54.30499  1120.64  5131.54 2.29 2.19 -63.9 -0.397    19.95 22.17 01a59238o0765c -0.111111   False
59238.588065 20.137125      NaN    3    10 c    0   0.58 210.92213 54.30499  1100.54  5094.40 2.37 2.29 -67.2 -0.389    19.94 22.16 01a59238o0770c  0.200000   False
59238.590826 20.009244      NaN   13     8 c    0   0.73 210.92213 54.30499  1159.45  5171.39 2.39 2.33 -75.6 -0.384    19.95 22.18 01a59238o0776c  1.500000   False
59238.595897 20.103715      NaN   10     8 c    0   1.45 210.92213 54.30499  1178.50  5053.38 2.46 2.42 -79.3 -0.383    19.88 22.19 01a59238o0787c  1.125000   False
59254.582395 20.103715      NaN   -9    11 c    0   1.04 210.92213 54.30499   364.97  1397.95 2.77 2.47  45.0 -0.394    19.64 22.07 01a59254o0809c -0.909091   False
59254.584237 19.922338      NaN  -11    13 c    0   1.35 210.92213 54.30499   337.09  1363.44 2.60 2.34  67.0 -0.430    19.62 22.01 01a59254o0813c -0.923077   False
59254.587068 19.549093      NaN    5    17 c    0   0.97 210.92213 54.30499   404.07  1436.03 2.53 2.31  65.8 -0.426    19.24 21.52 01a59254o0819c  0.235294   False
59254.593104 19.922338      NaN   13     9 c    0   1.28 210.92213 54.30499   421.23  1318.32 2.50 2.28  67.4 -0.426    19.76 22.16 01a59254o0832c  1.333333   False
59256.529166 20.449472      NaN   -9     8 c    0   1.18 210.92213 54.30499  5346.80  3602.17 2.50 2.34  47.2 -0.402    19.79 21.98 02a59256o0695c -1.250000    True
59256.532384 20.449472      NaN  -19     8 c    0   1.33 210.92213 54.30499  5366.10  3641.63 2.64 2.39  45.6 -0.397    19.76 21.98 02a59256o0702c -2.500000   False
59256.537897 20.207197      NaN   -1    10 c    0   0.86 210.92213 54.30499  5309.65  3564.64 2.56 2.33  43.1 -0.401    19.81 21.97 02a59256o0714c -0.200000   False
59256.543014 20.071303      NaN    5    10 c    0   0.70 210.92213 54.30499  5291.31  3680.24 2.62 2.40  46.1 -0.397    19.76 21.98 02a59256o0725c  0.400000   False
59258.571978 20.321591      NaN    4     8 c    0   1.22 210.92213 54.30499  7131.54  6868.79 2.55 2.52  66.7 -0.368    19.75 22.04 01a59258o0790c  0.375000   False
59258.573832 20.362567      NaN    3     8 c    0   1.19 210.92213 54.30499  7116.20  6826.58 2.73 2.59  43.8 -0.356    19.73 22.03 01a59258o0794c  0.250000   False
59258.576596 20.207197      NaN   -2    10 c    0   1.04 210.92213 54.30499  7171.75  6906.53 2.70 2.64  62.8 -0.366    19.74 22.04 01a59258o0800c -0.300000   False
59258.582589 20.449472      NaN   -9     8 c    0   1.41 210.92213 54.30499  7188.99  6792.05 2.52 2.48  79.4 -0.375    19.80 22.04 01a59258o0813c -1.250000   False
59262.501830 19.950541      NaN   12     9 c    0   0.90 210.92213 54.30499  7129.11  6869.03 2.40 2.25 -88.3 -0.394    19.77 21.77 01a59262o0623c  1.222222   False
59262.504607 20.449472      NaN  -18     8 c    0   1.55 210.92213 54.30499  7110.35  6829.32 2.40 2.28 -87.4 -0.390    19.78 21.82 01a59262o0629c -2.375000   False
59262.508306 20.321591      NaN    0     9 c    0   1.32 210.92213 54.30499  7168.73  6906.56 2.46 2.36  83.5 -0.379    19.75 21.86 01a59262o0637c -0.111111   False
59262.514297 20.207197      NaN   -5    10 c    0   0.93 210.92213 54.30499  7187.00  6790.44 2.49 2.41  86.1 -0.374    19.77 21.85 01a59262o0650c -0.600000   False
59288.544037 20.207197      NaN    1    10 c    0   1.03 210.92213 54.30499  5469.26  8616.91 2.43 2.34  52.2 -0.408    19.81 21.80 02a59288o0704c  0.000000   False
59288.579411 19.743105      NaN   17    10 c    0   0.65 210.92213 54.30499  5446.74  8576.28 2.56 2.31  34.1 -0.395    19.77 21.76 02a59288o0780c  1.600000    True
59288.607793 19.609992      NaN    2    17 c    0   1.36 210.92213 54.30499  5497.84  8650.06 2.61 2.36  33.3 -0.390    18.70 20.56 02a59288o0841c  0.058824   False
59288.632589 20.207197      NaN   -3    10 c    0   1.15 210.92213 54.30499  5512.80  8530.17 2.78 2.35  41.1 -0.386    19.67 21.69 02a59288o0894c -0.400000   False
59292.459472 20.321591      NaN  -11     9 c    0   1.13 210.92213 54.30499  1722.88  5361.89 2.49 2.30  55.8 -0.413    19.75 21.80 02a59292o0510c -1.333333   False
59292.462673 20.207197      NaN   -6    10 c    0   0.89 210.92213 54.30499  1746.04  5401.51 2.46 2.31  60.5 -0.408    19.74 21.78 02a59292o0517c -0.700000   False
59292.466844 20.207197      NaN  -18    10 c    0   0.65 210.92213 54.30499  1685.44  5322.20 2.59 2.36  48.1 -0.401    19.72 21.79 02a59292o0526c -1.900000   False
59292.473270 20.207197      NaN   -2    10 c    0   1.01 210.92213 54.30499  1667.14  5437.42 2.52 2.31  48.3 -0.404    19.74 21.81 02a59292o0540c -0.300000   False
59292.649611 19.631075      NaN    0    17 c    0   1.21 210.92213 54.30499  8873.10  5183.04 2.51 2.32  36.5 -0.395    19.18 20.41 02a59292o0918c -0.058824   False
59310.449546 19.549093      NaN   26    10 c    0   0.98 210.92213 54.30499  9032.36  6838.40 2.61 2.41  87.7 -0.400    20.01 21.98 01a59310o0425c  2.500000   False
59310.451851 20.039830      NaN    6    10 c    0   0.88 210.92213 54.30499  9012.91  6798.89 2.58 2.43 -84.9 -0.393    20.03 21.99 01a59310o0430c  0.500000    True
59310.455624 20.137125      NaN   12     7 c    0   1.37 210.92213 54.30499  9074.86  6875.83 2.54 2.41  87.5 -0.394    20.01 21.99 01a59310o0438c  1.571429   False
59310.464868 19.766969      NaN   16    10 c    0   0.96 210.92213 54.30499  9091.11  6759.95 2.61 2.55 -83.1 -0.385    19.96 22.08 01a59310o0457c  1.500000   False
59314.443833 20.449472      NaN    0     8 c    0   0.87 210.92213 54.30499  6524.78   954.24 2.46 2.29   5.8 -0.391    19.96 21.85 01a59314o0481c -0.125000   False
59314.445680 20.039830      NaN   12     8 c    0   1.82 210.92213 54.30499  6505.56   915.04 2.67 2.39  -6.2 -0.369    19.94 21.88 01a59314o0485c  1.375000   False
59314.448467 20.321591      NaN   -3     9 c    0   1.23 210.92213 54.30499  6567.27   993.98 2.62 2.37  -2.3 -0.372    19.95 21.87 01a59314o0491c -0.444444   False
59314.453560 20.137125      NaN    9     8 c    0   0.81 210.92213 54.30499  6582.23   880.83 2.40 2.20 -18.7 -0.396    19.97 21.86 01a59314o0502c  1.000000   False
59318.482085 20.244005      NaN    6     8 c    0   1.08 210.92213 54.30499  4054.88  9630.58 2.42 2.28 -41.0 -0.387    19.76 21.52 01a59318o0559c  0.625000   False
59318.517343 20.594452      NaN    0     7 c    0   1.49 210.92213 54.30499  4082.06  9664.33 2.29 2.10 -51.4 -0.388    19.89 21.56 01a59318o0635c -0.142857   False
59318.520566 20.449472      NaN    0     8 c    0   1.25 210.92213 54.30499  4022.55  9586.56 2.28 2.08 -45.0 -0.388    19.89 21.57 01a59318o0642c -0.125000   False
59318.543605 20.321591      NaN    4     8 c    0   1.47 210.92213 54.30499  4008.38  9700.38 2.28 2.10 -53.4 -0.387    19.86 21.46 01a59318o0691c  0.375000    True
59322.408613 20.171596      NaN    8     8 c    0   1.01 210.92213 54.30499  3058.83  4970.48 2.30 2.21 -82.2 -0.395    19.96 21.79 01a59322o0383c  0.875000   False
59322.410910 20.282105      NaN    5     8 c    0   1.10 210.92213 54.30499  3038.99  4932.23 2.29 2.17 -84.2 -0.398    19.97 21.80 01a59322o0388c  0.500000   False
59322.414135 20.244005      NaN    6     8 c    0   1.23 210.92213 54.30499  3096.62  5007.80 2.24 2.12 -74.8 -0.401    19.99 21.81 01a59322o0395c  0.625000   False
59322.419674 20.594452      NaN   -8     7 c    0   1.16 210.92213 54.30499  3115.07  4892.64 2.33 2.19 -67.1 -0.399    19.92 21.79 01a59322o0407c -1.285714   False
59344.419514 20.321591      NaN   -1     9 c    0   1.36 210.92213 54.30499  1109.69  5146.91 2.37 2.24 -41.3 -0.421    19.73 21.69 02a59344o0385c -0.222222   False
59344.423635 19.743105      NaN   17    10 c    0   1.09 210.92213 54.30499  1090.13  5108.20 2.39 2.26 -41.5 -0.418    19.71 21.70 02a59344o0394c  1.600000   False
59344.429702 20.207197      NaN   -9    10 c    0   1.15 210.92213 54.30499  1150.62  5181.72 2.40 2.26 -46.5 -0.423    19.71 21.72 02a59344o0407c -1.000000   False
59344.462022 20.103715      NaN   -2    11 c    0   1.07 210.92213 54.30499  1168.80  5058.97 2.33 2.28 -19.0 -0.419    19.69 21.62 02a59344o0474c -0.272727   False
59370.364702 20.244005      NaN    6     8 c    0   1.18 210.92213 54.30499  2000.75  9695.04 2.28 2.04 -62.8 -0.403    19.99 22.07 01a59370o0279c  0.625000   False
59370.367930 20.207197      NaN    4     9 c    0   0.80 210.92213 54.30499  2022.17  9734.20 2.32 2.08 -64.4 -0.403    20.00 22.06 01a59370o0286c  0.333333    True
59370.374378 20.594452      NaN  -17     7 c    0   1.21 210.92213 54.30499  1960.00  9654.11 2.25 1.99 -64.9 -0.406    20.01 22.04 01a59370o0300c -2.571429   False
59370.408119 20.207197      NaN   -1    10 c    0   0.74 210.92213 54.30499  1944.55  9767.51 2.37 2.12 -61.6 -0.408    19.96 22.00 01a59370o0367c -0.200000   False
59374.345057 20.321591      NaN   -4     9 c    0   1.07 210.92213 54.30499  2001.98  9697.92 2.45 2.21 -61.2 -0.393    19.98 22.03 01a59374o0234c -0.555556   False
59374.348286 20.282105      NaN    8     7 c    0   1.01 210.92213 54.30499  2023.34  9736.13 2.30 2.10 -65.1 -0.402    19.98 22.02 01a59374o0241c  1.000000   False
59374.353832 20.594452      NaN   -9     7 c    0   1.15 210.92213 54.30499  1964.81  9657.87 2.31 2.10 -53.8 -0.390    19.99 22.02 01a59374o0253c -1.428571   False
59374.364434 20.207197      NaN   -9    10 c    0   0.82 210.92213 54.30499  1944.34  9772.97 2.38 2.11 -62.0 -0.402    19.97 22.04 01a59374o0276c -1.000000   False
59378.326788 20.321591      NaN  -18     9 c    0   0.76 210.92213 54.30499  5027.18  1960.69 2.15 2.08  53.8 -0.401    19.98 21.72 01a59378o0193c -2.111111   False
59378.330008 20.009244      NaN   13     8 c    0   0.82 210.92213 54.30499  5048.08  2001.16 2.17 2.12  32.3 -0.400    19.93 21.73 01a59378o0200c  1.500000   False
59378.335546 20.137125      NaN    9     8 c    0   1.31 210.92213 54.30499  4992.08  1922.88 2.21 2.11  20.0 -0.398    19.97 21.75 01a59378o0212c  1.000000   False
59378.348438 20.362567      NaN    6     7 c    0   1.50 210.92213 54.30499  4977.47  2038.10 2.23 2.16  11.2 -0.391    19.97 21.87 01a59378o0240c  0.714286   False
59404.284177 19.922338      NaN    7    11 c    0   0.83 210.92213 54.30499  1739.34  8895.14 2.62 1.98 -48.8 -0.449    19.74 21.54 02a59404o0088c  0.545455   False
59404.287411 19.950541      NaN   12     9 c    0   1.57 210.92213 54.30499  1719.44  8856.34 2.67 2.01 -50.2 -0.440    19.73 21.54 02a59404o0095c  1.222222   False
59404.292910 19.719755      NaN   18    10 c    0   1.49 210.92213 54.30499  1773.86  8929.02 2.61 2.07 -51.0 -0.431    19.70 21.51 02a59404o0107c  1.700000    True
59404.302990 19.816329      NaN    5    13 c    0   1.11 210.92213 54.30499  1793.96  8809.93 2.67 2.07 -50.0 -0.437    19.66 21.51 02a59404o0129c  0.307692   False
59408.274563 20.009244      NaN   -3    12 c    0   1.29 210.92213 54.30499  1741.88  8894.32 2.59 2.03 -48.8 -0.439    19.66 21.40 02a59408o0068c -0.333333   False
59408.277767 20.103715      NaN   -1    11 c    0   1.05 210.92213 54.30499  1720.55  8855.16 2.61 2.15 -52.0 -0.422    19.64 21.42 02a59408o0075c -0.181818   False
59408.283262 20.207197      NaN  -17    10 c    0   1.28 210.92213 54.30499  1775.55  8930.10 2.58 2.16 -51.2 -0.430    19.62 21.42 02a59408o0087c -1.800000   False
59408.295675 20.071303      NaN    5    10 c    0   1.37 210.92213 54.30499  1797.29  8809.33 2.52 2.08 -47.9 -0.435    19.67 21.47 02a59408o0114c  0.400000   False
59426.249901 20.103715      NaN   -9    11 c    0   1.27 210.92213 54.30499  6891.70  1804.32 2.36 2.16 -72.9 -0.407    19.54 20.73 01a59426o0032c -0.909091   False
59426.253177 20.207197      NaN  -19    10 c    0   0.98 210.92213 54.30499  6910.73  1844.30 2.40 2.20 -74.6 -0.404    19.71 21.20 01a59426o0039c -2.000000   False
59426.258716 20.449472      NaN   -6     8 c    0   1.00 210.92213 54.30499  6856.45  1769.23 2.29 2.16 -72.8 -0.405    19.86 21.60 01a59426o0051c -0.875000   False
59426.272762 20.449472      NaN   -7     8 c    0   1.20 210.92213 54.30499  6840.31  1886.81 2.31 2.17 -75.0 -0.407    19.88 21.67 01a59426o0081c -1.000000   False
59430.242183 19.454622      NaN    4    19 c    0   1.74 210.92213 54.30499  6891.86  1808.97 2.31 2.17 -36.4 -0.389    18.64 19.07 01a59430o0020c  0.157895   False
59430.244954 19.696897      NaN   -3    16 c    0   1.19 210.92213 54.30499  6912.03  1845.48 2.30 2.14 -75.5 -0.400    19.10 19.81 01a59430o0026c -0.250000   False
59430.250541 20.207197      NaN   -2    10 c    0   1.34 210.92213 54.30499  6860.63  1771.50 2.31 2.15 -75.2 -0.398    19.66 20.96 01a59430o0038c -0.300000   False
59430.260749 20.405150      NaN    2     8 c    0   1.23 210.92213 54.30499  6842.31  1886.51 2.36 2.19 -80.2 -0.402    19.86 21.60 01a59430o0060c  0.125000    True
59434.246925 19.609992      NaN   14    13 c    0   1.35 210.92213 54.30499  9438.36  5363.45 2.85 2.42 -84.3 -0.365    19.33 20.53 01a59434o0034c  1.000000   False
59434.250609 20.103715      NaN    0    11 c    0   1.02 210.92213 54.30499  9458.67  5398.57 2.84 2.40 -87.2 -0.376    19.54 21.12 01a59434o0042c -0.090909   False
59434.256155 20.207197      NaN  -13    10 c    0   1.22 210.92213 54.30499  9400.11  5328.46 2.78 2.39 -81.9 -0.380    19.71 21.52 01a59434o0054c -1.400000   False
59434.267220 20.171596      NaN    2    10 c    0   1.13 210.92213 54.30499  9383.56  5447.57 2.50 2.22 -79.6 -0.399    19.85 21.64 01a59434o0078c  0.100000   False
59588.641428 20.103715      NaN  -26    11 c    0   0.95 210.92213 54.30499  3847.40  7464.06 2.64 2.40  46.7 -0.398    19.65 21.81 02a59588o0978c -2.454545 8388608
59588.646929 19.791368      NaN    9    12 c    0   1.21 210.92213 54.30499  3868.27  7502.47 2.57 2.39  44.6 -0.407    19.61 21.81 02a59588o0990c  0.666667 8388608
59588.658083 20.207197      NaN  -29    10 c    0   1.12 210.92213 54.30499  3808.41  7423.23 2.56 2.35  45.7 -0.405    19.61 21.75 02a59588o1014c -3.000000 8388608
59588.665789 19.674510      NaN   17    11 c    0   1.37 210.92213 54.30499  3784.99  7542.78 2.65 2.37  46.6 -0.397    19.46 21.22 02a59588o1030c  1.454545 8388608
59615.558656 20.321591      NaN  -14     9 c    0   1.41 210.92213 54.30499  1535.34  3720.54 2.42 2.36  61.7 -0.422    19.60 21.48 02a59615o0775c -1.666667   False
59615.561412 20.103715      NaN  -17    11 c    0   1.01 210.92213 54.30499  1555.02  3759.58 2.41 2.34  54.4 -0.424    19.61 21.49 02a59615o0781c -1.636364   False
59615.564167 19.868040      NaN    9    11 c    0   1.08 210.92213 54.30499  1496.55  3679.81 2.54 2.37  44.3 -0.418    19.59 21.49 02a59615o0787c  0.727273    True
59615.571520 20.137125      NaN    3    10 c    0   1.21 210.92213 54.30499  1479.14  3794.81 2.45 2.37  58.6 -0.420    19.60 21.51 02a59615o0803c  0.200000   False
59619.586609 19.569016      NaN   19    12 c    0   0.88 210.92213 54.30499  4034.21  9615.74 2.54 2.48  49.6 -0.406    19.67 21.67 02a59619o0807c  1.500000   False
59619.588435 20.009244      NaN   -1    12 c    0   1.05 210.92213 54.30499  4054.16  9655.28 2.57 2.47  50.3 -0.405    19.66 21.67 02a59619o0811c -0.166667   False
59619.592559 20.009244      NaN   -9    12 c    0   1.24 210.92213 54.30499  3991.81  9576.23 2.64 2.44  46.6 -0.396    19.63 21.67 02a59619o0820c -0.833333   False
59619.610269 19.922338      NaN  -25    13 c    0   1.06 210.92213 54.30499  3970.55  9693.72 2.66 2.46  42.8 -0.396    19.65 21.62 02a59619o0858c -2.000000   False
59639.510262 19.816329      NaN    8    12 c    0   0.87 210.92213 54.30499  1846.69  7518.97 2.33 2.28  62.9 -0.428    19.73 21.72 02a59639o0653c  0.583333   False
59639.513468 19.979496      NaN    5    11 c    0   1.53 210.92213 54.30499  1866.71  7559.16 2.44 2.32  41.7 -0.416    19.69 21.70 02a59639o0660c  0.363636   False
59639.516215 19.510313      NaN   25    11 c    0   1.09 210.92213 54.30499  1807.21  7478.09 2.32 2.27  61.4 -0.432    19.71 21.71 02a59639o0666c  2.181818   False
59639.522156 20.103715      NaN    1    11 c    0   1.18 210.92213 54.30499  1787.17  7594.01 2.36 2.31  71.3 -0.429    19.72 21.72 02a59639o0679c  0.000000   False
59643.579606 19.841877      NaN   -5    14 c    0   1.00 210.92213 54.30499   786.42  3003.69 2.23 2.10   6.2 -0.449    19.23 21.76 02a59643o0746c -0.428571   False
59643.582534 19.589310      NaN   18    12 c    0   1.50 210.92213 54.30499   764.77  2963.16 2.25 2.12   1.8 -0.448    19.21 21.75 02a59643o0752c  1.416667   False
59643.617736 19.766969      NaN   -7    15 c    0   0.97 210.92213 54.30499   823.21  3036.64 2.33 2.09  29.7 -0.440    19.25 21.72 02a59643o0823c -0.533333   False
59643.623182 19.287255      NaN   23    16 c    0   0.94 210.92213 54.30499   844.30  2914.79 2.25 2.12   8.2 -0.448    19.22 21.71 02a59643o0834c  1.375000    True
59647.511394 19.454622      NaN   13    16 c    0   1.74 210.92213 54.30499  9801.32  7567.58 2.70 2.33  86.8 -0.448    18.96 21.75 02a59647o0432c  0.750000    True
59647.514333 19.212347      NaN   16    20 c    0   0.82 210.92213 54.30499  9822.48  7604.88 2.73 2.33  80.1 -0.441    18.94 21.77 02a59647o0438c  0.750000   False
59647.519354 18.053859      NaN   60    53 c    0   1.31 210.92213 54.30499  9763.40  7532.23 2.66 2.37  80.1 -0.451    17.72 20.47 02a59647o0448c  1.113208   False
59647.539712 19.197966      NaN   17    20 c    0   0.85 210.92213 54.30499  9748.18  7652.34 2.89 2.56  68.0 -0.421    18.89 21.75 02a59647o0488c  0.800000   False
59671.401837 19.922338      NaN  -10    13 c    0   1.19 210.92213 54.30499  3622.77  5836.48 2.72 2.52  41.0 -0.395    19.49 21.62 02a59671o0314c -0.846154 8388609
59671.428617 20.009244      NaN  -13    12 c    0   1.48 210.92213 54.30499  3656.73  5873.81 2.79 2.53  42.6 -0.393    19.53 21.63 02a59671o0371c -1.166667 8388609
59671.431827 19.384550      NaN   23    14 c    0   1.05 210.92213 54.30499  3598.80  5799.48 2.92 2.59  44.1 -0.384    19.45 21.63 02a59671o0378c  1.571429 8388609
59671.437311 19.674510      NaN   11    13 c    0   1.27 210.92213 54.30499  3579.10  5916.27 2.95 2.56  40.6 -0.386    19.42 21.63 02a59671o0390c  0.769231 8388609
59675.445368 16.264425      NaN  483   217 c    0   1.91 210.92213 54.30499  1943.19  9641.21 2.52 2.40  40.8 -0.389    16.29 18.27 02a59675o0501c  2.221198    True
59675.451766 18.582238      NaN   18    39 c    0   0.92 210.92213 54.30499  1922.86  9757.25 2.40 2.35  28.5 -0.457    18.45 20.52 02a59675o0515c  0.435897    8192
59679.432660 19.256669      NaN   -6    24 c    0   0.88 210.92213 54.30499  1979.52  9680.98 2.53 2.39  41.5 -0.436    18.97 20.69 02a59679o0440c -0.291667   False
59679.438161 19.510313      NaN  -53    19 c    0   1.34 210.92213 54.30499  1999.99  9719.15 2.48 2.38  33.4 -0.440    18.97 20.71 02a59679o0452c -2.842105   False
59679.439989 19.302877      NaN   -1    23 c    0   1.05 210.92213 54.30499  1938.98  9639.05 2.48 2.36  33.3 -0.449    18.99 20.72 02a59679o0456c -0.086957   False
59679.445014 19.212347      NaN   13    21 c    0   0.93 210.92213 54.30499  1916.99  9756.75 2.48 2.41  31.0 -0.442    19.00 20.75 02a59679o0467c  0.571429   False
59695.447397 20.103715      NaN  -11    11 c    0   1.32 210.92213 54.30499  8856.26  5207.63 2.73 2.49  32.2 -0.400    19.49 21.38 02a59695o0478c -1.090909    8192
59695.450623 20.103715      NaN  -16    11 c    0   1.42 210.92213 54.30499  8836.79  5167.30 2.66 2.39  33.1 -0.403    19.51 21.38 02a59695o0485c -1.545455    True
59695.485942 20.103715      NaN   -4    11 c    0   1.40 210.92213 54.30499  8886.82  5246.66 2.75 2.44  30.1 -0.390    19.47 21.34 02a59695o0561c -0.454545    True
59695.514381 19.569016      NaN    1    18 c    0   1.07 210.92213 54.30499  8903.88  5131.12 2.76 2.40  28.4 -0.395    19.02 20.86 02a59695o0622c  0.000000    True
59699.416003 15.858925      NaN  294   451 c    0   1.01 210.92213 54.30499  3329.67  7087.57 2.64 2.33  24.5 -0.397    15.53 16.82 02a59699o0410c  0.649667    True
59699.419220 18.649074      NaN   31    32 c    0   1.33 210.92213 54.30499  3312.51  7052.21 2.59 2.33  26.3 -0.397    18.25 19.68 02a59699o0417c  0.937500   False
59699.424739 17.403024      NaN   89   103 c    0   1.08 210.92213 54.30499  3368.46  7126.15 2.63 2.33  24.3 -0.400    17.23 18.61 02a59699o0429c  0.854369   False
59699.459844 19.197966      NaN   17    20 c    0   1.11 210.92213 54.30499  3374.13  7007.11 2.58 2.25  27.3 -0.396    18.82 20.34 02a59699o0505c  0.800000   False
59723.379391 20.103715      NaN   -8    11 c    0   1.09 210.92213 54.30499  5009.70  4846.25 2.69 2.33  28.8 -0.399    19.57 21.29 02a59723o0312c -0.818182   False
59723.382603 20.009244      NaN  -17    12 c    0   0.96 210.92213 54.30499  4986.93  4805.06 2.96 2.46  29.7 -0.389    19.52 21.28 02a59723o0319c -1.500000   False
59723.388089 19.674510      NaN   14    12 c    0   0.99 210.92213 54.30499  5047.89  4883.33 2.69 2.30  28.5 -0.402    19.58 21.25 02a59723o0331c  1.083333   False
59723.400898 19.894850      NaN    2    13 c    0   0.68 210.92213 54.30499  5066.53  4769.19 2.75 2.37  26.9 -0.397    19.55 21.26 02a59723o0359c  0.076923   False
59727.350487 17.963129      NaN -113    79 c    0   1.02 210.92213 54.30499  5014.23  4852.38 2.68 2.28  31.1 -0.399    17.52 18.91 02a59727o0248c -1.443038   False
59727.353687 19.089302      NaN    7    26 c    0   1.34 210.92213 54.30499  4994.61  4813.01 2.65 2.25  29.9 -0.401    18.58 20.08 02a59727o0255c  0.230769   False
59727.360089 18.142010      NaN  -19    67 c    0   1.05 210.92213 54.30499  5052.53  4888.58 2.64 2.25  30.7 -0.403    17.59 18.92 02a59727o0269c -0.298507    True
59727.371522 18.711133      NaN   15    35 c    0   1.30 210.92213 54.30499  5073.30  4771.22 2.81 2.30  31.3 -0.389    18.00 19.43 02a59727o0294c  0.400000   False
59731.393020 19.631075      NaN   16    12 c    0   1.60 210.92213 54.30499  3600.75  8734.45 2.74 2.67  34.5 -0.390    19.54 21.53 02a59731o0172c  1.250000   False
59731.398541 20.009244      NaN   -4    12 c    0   1.30 210.92213 54.30499  3580.70  8695.29 2.84 2.66  42.2 -0.385    19.56 21.51 02a59731o0184c -0.416667   False
59731.401810 20.009244      NaN  -23    12 c    0   0.92 210.92213 54.30499  3637.33  8772.23 2.61 2.58  46.5 -0.392    19.59 21.52 02a59731o0191c -2.000000   False
59731.414645 20.103715      NaN  -12    11 c    0   1.25 210.92213 54.30499  3654.87  8651.50 2.70 2.54  25.1 -0.395    19.57 21.46 02a59731o0219c -1.181818   False
59751.314809 19.868040      NaN   12    10 c    0   1.04 210.92213 54.30499  4509.33  1065.57 2.41 2.29  79.5 -0.428    19.65 21.48 02a59751o0156c  1.100000   False
59751.318028 19.791368      NaN   12    11 c    0   0.88 210.92213 54.30499  4489.10  1029.17 2.38 2.26  75.1 -0.430    19.63 21.48 02a59751o0163c  1.000000   False
59751.323522 20.321591      NaN   -4     9 c    0   1.64 210.92213 54.30499  4550.40  1104.35 2.33 2.24  81.1 -0.430    19.66 21.47 02a59751o0175c -0.555556   False
59751.334507 20.103715      NaN  -13    11 c    0   1.08 210.92213 54.30499  4571.72   992.11 2.51 2.36  84.8 -0.424    19.64 21.45 02a59751o0199c -1.272727   False
59783.267980 19.631075      NaN    7    15 c    0   0.62 210.92213 54.30499  1456.84  6768.70 2.40 2.26 -40.2 -0.429    19.57 21.12 02a59783o0058c  0.400000    True
59783.271622 19.841877      NaN  -20    14 c    0   1.13 210.92213 54.30499  1437.63  6729.64 2.58 2.37 -48.9 -0.424    19.53 21.16 02a59783o0066c -1.500000   False
59783.278464 20.103715      NaN  -22    11 c    0   1.00 210.92213 54.30499  1493.94  6805.32 2.47 2.26 -47.3 -0.431    19.60 21.20 02a59783o0081c -2.090909   False
59783.292955 20.103715      NaN  -26    11 c    0   1.27 210.92213 54.30499  1512.93  6685.00 2.37 2.17 -49.2 -0.441    19.57 21.12 02a59783o0113c -2.454545   False
59787.293213 19.922338      NaN  -11    13 c    0   0.94 210.92213 54.30499  6726.79  3112.16 2.82 2.75  55.2 -0.404    19.41 21.28 02a59787o0117c -0.923077    True
59787.297291 19.841877      NaN   -4    14 c    0   0.82 210.92213 54.30499  6706.55  3069.60 2.90 2.84  55.7 -0.387    19.39 21.27 02a59787o0126c -0.357143    True
59787.303716 19.674510      NaN   11    13 c    0   1.03 210.92213 54.30499  6764.22  3145.00 2.85 2.76  41.7 -0.391    19.42 21.26 02a59787o0140c  0.769231    True
59787.318300 19.436675      NaN   17    15 c    0   0.82 210.92213 54.30499  6785.48  3026.78 2.85 2.72  38.5 -0.390    19.44 21.27 02a59787o0172c  1.066667    8192
59811.240646 18.550302      NaN   31    36 c    0   0.81 210.92213 54.30499  9027.99  6865.43 2.67 2.41  28.6 -0.410    18.72 19.75 02a59811o0025c  0.833333   False
59811.243827 19.241693      NaN   14    20 c    0   1.23 210.92213 54.30499  9007.44  6823.57 2.59 2.43  26.8 -0.415    19.14 20.36 02a59811o0032c  0.650000   False
59811.251095 20.103715      NaN  -18    11 c    0   2.13 210.92213 54.30499  9066.16  6901.63 2.65 2.49  25.0 -0.411    19.43 21.04 02a59811o0048c -1.727273   False
59811.262036 19.922338      NaN  -28    13 c    0   1.54 210.92213 54.30499  9084.45  6783.43 2.60 2.49  24.2 -0.418    19.49 21.14 02a59811o0072c -2.230769   False
59819.241262 19.589310      NaN   12    14 c    0   0.88 210.92213 54.30499  6567.12   964.23 2.35 2.22  59.8 -0.408    19.14 20.53 02a59819o0037c  0.785714   False
59819.246702 19.868040      NaN    3    13 c    0   0.92 210.92213 54.30499  6545.85   924.38 2.35 2.24  86.2 -0.416    19.34 20.93 02a59819o0049c  0.153846   False
59819.249867 19.922338      NaN  -21    13 c    0   0.99 210.92213 54.30499  6606.78  1004.52 2.52 2.40  84.5 -0.399    19.35 21.00 02a59819o0056c -1.692308    True
59819.259883 19.922338      NaN  -11    13 c    0   1.30 210.92213 54.30499  6629.56   887.11 2.40 2.23 -75.0 -0.427    19.37 21.05 02a59819o0078c -0.923077   False
59841.218401 18.417189      NaN  -66    52 c    0   1.11 210.92213 54.30499  6988.25  9584.24 3.07 2.87  66.1 -0.352    17.82 19.42 01a59841o0022c -1.288462   False
59841.222104 19.014394      NaN    4    29 c    0   0.85 210.92213 54.30499  7009.04  9625.01 3.06 2.87  69.9 -0.350    18.50 20.18 01a59841o0030c  0.103448   False
59841.232292 19.226921      NaN   15    20 c    0   0.82 210.92213 54.30499  6946.98  9553.30 3.10 2.92  73.3 -0.347    18.98 20.90 01a59841o0052c  0.700000   False
59841.238300 19.384550      NaN    8    19 c    0   0.90 210.92213 54.30499  6926.82  9670.17 3.11 2.95  72.2 -0.345    19.00 20.95 01a59841o0065c  0.368421   False
59999.634833 18.729535      NaN   31    29 c    0   0.89 210.92213 54.30499  9211.45  9004.74 2.78 2.66  58.7 -0.391    18.65 20.44 02a59999o0111c  1.034483    True
59999.637641 19.302877      NaN  -37    23 c    0   1.16 210.92213 54.30499  9192.19  8962.52 2.79 2.68  51.3 -0.386    18.85 20.68 02a59999o0117c -1.652174    True
59999.650179 18.900000      NaN   23    26 c    0   0.96 210.92213 54.30499  9246.36  9042.94 2.80 2.58  41.6 -0.389    18.66 20.40 02a59999o0142c  0.846154    True
59999.656837 19.212347      NaN    7    23 c    0   0.87 210.92213 54.30499  9263.52  8924.18 2.74 2.67  54.3 -0.388    18.85 20.61 02a59999o0155c  0.260870    8192
60048.393577 20.207197      NaN   -2    10 c    0   1.24 210.92213 54.30499  5685.87  7378.60 2.59 2.31  44.1 -0.410    19.52 21.42 02a60048o0341c -0.300000   False
60048.395386 20.103715      NaN   -2    11 c    0   1.04 210.92213 54.30499  5705.90  7417.29 2.60 2.33  43.3 -0.410    19.55 21.42 02a60048o0345c -0.272727   False
60048.401280 19.631075      NaN   22    10 c    0   1.37 210.92213 54.30499  5647.17  7340.87 2.65 2.34  41.5 -0.408    19.55 21.43 02a60048o0357c  2.100000   False
60048.436787 19.652575      NaN   21    10 c    0   2.01 210.92213 54.30499  5628.83  7460.25 2.60 2.30  36.8 -0.410    19.59 21.48 02a60048o0428c  2.000000    True
60050.476350 19.791368 0.345462   45    14 c    0   1.28 210.92213 54.30499  7490.49  9037.03 2.56 2.41  40.8 -0.420    19.44 21.13 02a60050o0512c  3.142857    True
60050.479980 19.674510      NaN    5    15 c    0   1.59 210.92213 54.30499  7470.95  8995.65 2.54 2.42  43.9 -0.415    19.18 20.81 02a60050o0520c  0.266667    8192
60050.515339 19.922338      NaN   -3    13 c    0   1.03 210.92213 54.30499  7525.69  9070.35 2.58 2.37  37.6 -0.410    19.51 21.22 02a60050o0595c -0.307692    True
60050.521155 20.009244      NaN  -30    12 c    0   1.26 210.92213 54.30499  7543.78  8950.40 2.62 2.41  36.4 -0.410    19.50 21.21 02a60050o0607c -2.583333    True
60052.473293 19.922338      NaN   -3    13 c    0   1.05 210.92213 54.30499  5203.54  4837.10 2.42 2.19  34.8 -0.405    19.31 20.97 02a60052o0517c -0.307692   False
60052.476484 19.631075      NaN  -22    17 c    0   1.07 210.92213 54.30499  5183.91  4797.52 2.52 2.21  29.4 -0.396    19.08 20.78 02a60052o0524c -1.352941   False
60052.509238 19.791368      NaN    6    13 c    0   1.10 210.92213 54.30499  5244.06  4866.84 2.54 2.21  32.3 -0.400    19.45 21.04 02a60052o0592c  0.384615   False
60052.515613 20.009244      NaN   -4    12 c    0   1.30 210.92213 54.30499  5265.09  4748.49 2.56 2.21  33.7 -0.395    19.42 20.99 02a60052o0605c -0.416667    True
60056.426687 20.009244      NaN    0    12 c    0   1.21 210.92213 54.30499  1313.27  5133.07 2.48 2.28  20.3 -0.423    19.44 21.06 02a60056o0426c -0.083333   False
60056.430308 19.766969      NaN   -1    15 c    0   0.95 210.92213 54.30499  1294.91  5092.73 2.60 2.46  11.8 -0.418    19.37 21.05 02a60056o0434c -0.133333   False
60056.465450 19.841877      NaN  -12    14 c    0   0.73 210.92213 54.30499  1347.23  5160.46 2.42 2.22  20.0 -0.426    19.49 21.06 02a60056o0509c -0.928571   False
60056.470537 19.922338      NaN    1    13 c    0   1.05 210.92213 54.30499  1369.14  5041.74 2.42 2.23  16.8 -0.423    19.47 21.04 02a60056o0520c  0.000000   False
60058.400358 19.841877      NaN  -23    14 c    0   1.14 210.92213 54.30499  5926.42  9517.52 2.76 2.42  41.3 -0.397    19.41 21.02 02a60058o0368c -1.714286    True
60058.403081 19.922338      NaN  -19    13 c    0   0.96 210.92213 54.30499  5947.57  9554.56 2.74 2.41  37.3 -0.401    19.44 21.03 02a60058o0374c -1.538462   False
60058.406260 19.766969      NaN    4    14 c    0   1.29 210.92213 54.30499  5885.50  9479.13 2.79 2.42  42.0 -0.393    19.44 21.03 02a60058o0381c  0.214286   False
60058.412604 19.743105      NaN    5    14 c    0   1.01 210.92213 54.30499  5864.71  9598.70 2.73 2.41  39.1 -0.397    19.44 21.03 02a60058o0395c  0.285714   False
60076.451715 19.674510      NaN   14    12 c    0   0.89 210.92213 54.30499  6734.90   950.64 2.33 2.17 -71.6 -0.423    19.51 21.04 02a60076o0241c  1.083333   False
60076.455118 20.009244      NaN   -8    12 c    0   0.91 210.92213 54.30499  6715.75   912.80 2.31 2.11 -75.2 -0.429    19.50 21.03 02a60076o0248c -0.750000   False
60076.458122 20.009244      NaN   -5    12 c    0   1.19 210.92213 54.30499  6777.31   992.46 2.32 2.11 -72.5 -0.428    19.54 21.05 02a60076o0254c -0.500000   False
60076.463264 20.103715      NaN  -14    11 c    0   1.16 210.92213 54.30499  6796.96   870.52 2.30 2.12 -80.1 -0.429    19.48 21.02 02a60076o0264c -1.363636   False
60078.380061 20.103715      NaN  -17    11 c    0   0.76 210.92213 54.30499  3243.14  4952.30 2.32 2.16  25.3 -0.414    19.63 21.30 02a60078o0314c -1.636364   False
60078.383226 19.719755      NaN   15    11 c    0   0.98 210.92213 54.30499  3223.84  4916.90 2.29 2.16  18.9 -0.423    19.62 21.30 02a60078o0321c  1.272727   False
60078.390093 19.743105      NaN   11    12 c    0   1.10 210.92213 54.30499  3282.60  4992.19 2.29 2.15  24.6 -0.417    19.59 21.30 02a60078o0336c  0.833333   False
60078.401655 20.207197      NaN   -4    10 c    0   1.51 210.92213 54.30499  3303.07  4873.79 2.34 2.16  23.4 -0.418    19.61 21.34 02a60078o0361c -0.500000   False