         MJD         m       dm    uJy  duJy F  err  chi/N        RA      Dec        x        y  maj  min   phi  apfit  mag5sig   Sky            Obs  __tmp_SN    Mask
57396.587948 19.384550      NaN    4.0    20 c    0   0.89 210.91688 54.30295  7757.82  2273.39 3.99 3.60   8.0 -0.427    19.59 21.57 02a57396o0607c  0.200000 8388609
57396.598947 19.631075      NaN    0.0    17 c    0   1.30 210.91688 54.30295  7471.40  1700.48 4.09 3.60   5.2 -0.444    19.60 21.58 02a57396o0625c  0.000000 8388609
57396.614233 18.748255      NaN    1.0    38 c    0   0.87 210.91688 54.30295  8285.17  2844.34 3.80 3.60  20.6 -0.418    19.60 21.56 02a57396o0650c  0.026316 8388609
57396.627717 18.702047      NaN  -22.0    40 c    0   1.01 210.91688 54.30295  8547.64  1083.10 4.32 3.66  11.2 -0.431    19.59 21.57 02a57396o0672c -0.550000 8388609
57424.598946 19.631075      NaN  -13.0    17 c    0   1.24 210.91688 54.30295  8256.44  1599.26 4.31 3.76  10.4 -0.440    19.70 21.79 02a57424o0633c -0.764706    True
57424.604067 19.569016      NaN   -2.0    18 c    0   0.95 210.91688 54.30295  8520.46  2169.27 4.24 3.83  15.3 -0.423    19.68 21.79 02a57424o0641c -0.111111    8192
57424.621336 19.401649      NaN   12.0    17 c    0   0.85 210.91688 54.30295  7364.93  2786.93 4.01 3.71  10.0 -0.415    19.70 21.79 02a57424o0667c  0.705882    True
57424.633626 19.696897      NaN   -2.0    16 c    0   1.01 210.91688 54.30295  7287.86  2880.77 3.96 3.67  11.6 -0.417    19.70 21.79 02a57424o0685c -0.125000    8192
57448.521048 19.038793      NaN   16.0    24 c    0   0.88 210.91688 54.30295  7923.01  1790.18 3.99 3.65  15.2 -0.449    19.26 20.81 02a57448o0458c  0.666667   False
57448.543577 19.351140      NaN  -11.0    22 c    0   0.87 210.91688 54.30295  8215.02  2370.42 3.93 3.73  23.5 -0.440    19.21 20.77 02a57448o0497c -0.500000    True
57448.565924 19.155932      NaN   10.0    23 c    0   0.96 210.91688 54.30295  7074.05  2992.67 4.37 3.91  -1.2 -0.388    19.09 20.75 02a57448o0536c  0.434783   False
57448.596475 19.169763      NaN   12.0    22 c    0   1.01 210.91688 54.30295  3354.05  7805.42 3.87 3.61 -70.3 -0.421    19.20 20.80 02a57448o0592c  0.545455   False
57449.515332 19.454622      NaN   -6.0    20 c    0   1.19 210.91688 54.30295  8159.78  1740.79 4.04 3.63  15.6 -0.462    19.45 21.19 02a57449o0610c -0.300000   False
57449.538360 19.569016      NaN   -2.0    18 c    0   0.95 210.91688 54.30295  8458.21  2318.57 3.82 3.59  31.0 -0.456    19.42 21.11 02a57449o0650c -0.111111   False
57449.558557 19.454622      NaN    6.0    18 c    0   1.10 210.91688 54.30295  7317.49  2946.23 3.77 3.62  15.4 -0.427    19.39 21.07 02a57449o0688c  0.333333   False
57449.570520 19.569016      NaN   -3.0    18 c    0   1.20 210.91688 54.30295  7299.35  2885.58 3.75 3.57  18.6 -0.439    19.39 21.06 02a57449o0709c -0.166667   False
57458.509881 19.510313      NaN    0.0    19 c    0   0.72 210.91688 54.30295  8242.32  1593.34 4.31 3.77  15.5 -0.446    19.65 21.70 02a57458o0606c  0.000000    True
57458.513259 19.183773      NaN   17.0    20 c    0   0.68 210.91688 54.30295  8528.22  2162.02 4.20 3.90  24.0 -0.426    19.61 21.68 02a57458o0613c  0.850000    8192
57458.536888 19.384550      NaN   16.0    16 c    0   1.19 210.91688 54.30295  7401.00  2787.69 4.11 3.83   2.1 -0.402    19.60 21.68 02a57458o0653c  1.000000    True
57458.567769 19.549093      NaN   10.0    15 c    0   1.46 210.91688 54.30295  3350.36  7803.33 3.85 3.61 -72.8 -0.421    19.64 21.68 02a57458o0708c  0.666667    True
57488.426551 19.367717      NaN   11.0    18 c    0   1.12 210.91688 54.30295  8374.70  1665.62 4.31 3.81  20.3 -0.477    19.60 21.59 02a57488o0373c  0.611111   False
57488.444090 19.183773      NaN   17.0    20 c    0   0.92 210.91688 54.30295  8662.13  2221.99 4.17 3.80  29.9 -0.460    19.60 21.61 02a57488o0405c  0.850000   False
57488.465855 19.183773      NaN   26.0    17 c    0   1.25 210.91688 54.30295  7539.96  2868.95 4.05 3.72  15.8 -0.447    19.57 21.56 02a57488o0444c  1.529412    True
57488.475297 19.549093      NaN    4.0    17 c    0   1.27 210.91688 54.30295  3336.39  7795.00 3.99 3.61 -64.9 -0.439    19.55 21.54 02a57488o0460c  0.235294   False
57512.362600 19.510313      NaN  -13.0    19 c    0   0.94 210.91688 54.30295  9562.62  2732.21 4.66 4.15  38.7 -0.436    19.51 21.58 02a57512o0305c -0.684211   False
57512.371077 19.256669      NaN   12.0    20 c    0   1.12 210.91688 54.30295  9585.52  2768.50 4.57 4.07  40.0 -0.440    19.53 21.60 02a57512o0322c  0.600000    True
57512.373986 19.510313      NaN   -6.0    19 c    0   1.02 210.91688 54.30295   376.12  2656.60 5.06 3.82 -34.3 -0.412    19.58 21.60 02a57512o0328c -0.315789    True
57512.383392 19.287255      NaN   13.0    19 c    0   1.13 210.91688 54.30295   395.97  2693.76 5.10 3.92 -34.1 -0.413    19.54 21.60 02a57512o0347c  0.684211   False
57512.386899 19.226921      NaN   23.0    17 c    0   1.20 210.91688 54.30295   978.02  7876.20 4.45 3.81 -58.3 -0.428    19.55 21.63 02a57512o0354c  1.352941    True
57512.388945 19.367717      NaN    5.0    20 c    0   0.80 210.91688 54.30295   330.10  2617.31 5.15 3.88 -31.6 -0.404    19.57 21.61 02a57512o0358c  0.250000    True
57512.397027 19.569016      NaN  -23.0    18 c    0   1.13 210.91688 54.30295  1008.51  7756.97 4.38 3.76 -57.8 -0.428    19.55 21.60 02a57512o0374c -1.277778    True
57512.407432 19.401649      NaN    6.0    19 c    0   0.80 210.91688 54.30295 10201.95  7821.83 4.60 3.71  81.1 -0.426    19.54 21.62 02a57512o0395c  0.315789   False
57512.416849 19.529530      NaN    2.0    18 c    0   0.99 210.91688 54.30295  3610.71  8629.54 4.14 3.80 -61.9 -0.410    19.52 21.58 02a57512o0414c  0.111111   False
57515.371866 19.401649      NaN  -21.0    21 c    0   1.08 210.91688 54.30295  1952.26   481.71 5.37 3.74 -16.1 -0.483    19.58 21.68 02a57515o0321c -1.000000   False
57515.372987 19.256669      NaN   -7.0    24 c    0   1.12 210.91688 54.30295  7391.90   285.36 5.28 3.91  10.3 -0.491    19.61 21.70 02a57515o0323c -0.291667    True
57515.374441 19.454622      NaN    6.0    18 c    0   1.14 210.91688 54.30295  8562.62 10118.68 4.30 3.86  75.3 -0.414    19.60 21.66 02a57515o0326c  0.333333    True
57515.383262 19.026525      NaN   35.0    18 c    0   1.01 210.91688 54.30295  3099.00 10242.42 4.24 3.94 -48.7 -0.400    19.61 21.73 02a57515o0344c  1.944444   False
57515.385734 19.510313      NaN   -6.0    19 c    0   1.15 210.91688 54.30295  8491.01 10039.14 4.17 3.76  74.3 -0.422    19.61 21.65 02a57515o0348c -0.315789   False
57515.386824 19.089302      NaN   27.0    19 c    0   1.03 210.91688 54.30295  3151.09 10326.88 4.28 3.96 -54.4 -0.402    19.61 21.70 02a57515o0350c  1.421053   False
57515.400161 18.889197      NaN   41.0    20 c    0   1.00 210.91688 54.30295  3185.59 10206.67 4.17 3.91 -48.7 -0.391    19.61 21.69 02a57515o0376c  2.050000    True
57515.402098 19.401649      NaN  -20.0    21 c    0   1.05 210.91688 54.30295  2033.99   407.48 5.18 3.65 -15.9 -0.484    19.58 21.64 02a57515o0380c -0.952381    True
57515.409082 19.115465      NaN   19.0    21 c    0   1.20 210.91688 54.30295  1985.25   470.15 5.25 3.65 -15.0 -0.477    19.58 21.61 02a57515o0393c  0.904762   False
57515.410533 19.212347      NaN   21.0    18 c    0   1.08 210.91688 54.30295  3144.65 10270.35 4.12 3.91 -43.0 -0.393    19.61 21.65 02a57515o0396c  1.166667   False
57545.329395 19.419021      NaN    5.0    19 c    0   0.91 210.91688 54.30295  1113.12  8134.69 4.40 3.94 -56.1 -0.415    19.59 21.73 02a57545o0190c  0.263158   False
57545.338129 19.401649      NaN   -5.0    21 c    0   0.84 210.91688 54.30295  1100.23  8097.35 4.40 3.93 -61.1 -0.432    19.58 21.75 02a57545o0208c -0.238095    True
57545.345896 19.569016      NaN  -13.0    18 c    0   0.98 210.91688 54.30295 10314.33  8215.77 4.55 3.63  80.2 -0.431    19.64 21.77 02a57545o0224c -0.722222   False
57545.355107 19.569016      NaN    6.0    16 c    0   1.23 210.91688 54.30295  1158.69  8173.14 4.15 3.77 -57.0 -0.430    19.62 21.73 02a57545o0243c  0.375000    True
57545.356559 19.510313      NaN  -20.0    19 c    0   0.95 210.91688 54.30295 10302.45  8178.10 4.65 3.61  82.6 -0.426    19.64 21.79 02a57545o0246c -1.052632   False
57545.358980 19.589310      NaN    2.0    17 c    0   1.11 210.91688 54.30295 10359.51  8260.10 4.63 3.65  81.3 -0.435    19.64 21.79 02a57545o0251c  0.117647    True
57545.361400 19.569016      NaN  -26.0    18 c    0   1.85 210.91688 54.30295  1171.61  8055.86 4.39 3.92 -58.1 -0.425    19.56 21.74 02a57545o0256c -1.444444   False
57545.371093 19.271854      NaN   14.0    19 c    0   1.17 210.91688 54.30295  1138.96  8116.54 4.36 3.89 -56.8 -0.427    19.46 21.59 02a57545o0276c  0.736842    True
57545.380784 19.351140      NaN  -46.0    22 c    0   0.96 210.91688 54.30295 10372.19  8147.45 4.68 3.68  80.3 -0.421    19.41 21.51 02a57545o0296c -2.090909   False
57545.390661 19.401649      NaN    9.0    18 c    0   1.09 210.91688 54.30295 10334.63  8207.27 4.89 3.82  79.3 -0.420    19.52 21.66 02a57545o0315c  0.500000   False
57549.332077 19.351140      NaN    3.0    21 c    0   0.87 210.91688 54.30295  2401.52  9659.84 4.08 3.84 -55.3 -0.425    19.44 21.31 02a57549o0078c  0.142857   False
57549.342782 19.401649      NaN  -34.0    21 c    0   1.02 210.91688 54.30295  2391.35  9620.06 4.17 3.87 -53.9 -0.417    19.44 21.33 02a57549o0100c -1.619048   False
57549.359807 19.367717      NaN    8.0    19 c    0   1.13 210.91688 54.30295  2447.72  9695.45 4.11 3.83 -48.6 -0.420    19.46 21.36 02a57549o0135c  0.421053    True
57549.367069 19.212347      NaN  -26.0    25 c    0   0.76 210.91688 54.30295  2460.38  9578.66 4.12 3.84 -53.9 -0.424    19.47 21.39 02a57549o0150c -1.040000    True
57549.375839 19.510313      NaN   -2.0    19 c    0   0.97 210.91688 54.30295  2428.92  9642.37 4.25 3.89 -49.4 -0.416    19.49 21.47 02a57549o0168c -0.105263   False
57581.293250 18.990530      NaN   17.0    25 c    0   1.05 210.91688 54.30295  3732.08  6896.83 4.16 3.83 -76.9 -0.443    19.01 20.64 02a57581o0088c  0.680000    True
57581.304631 19.183773      NaN    5.0    24 c    0   1.07 210.91688 54.30295  3719.48  6855.48 4.12 3.85 -61.9 -0.443    19.01 20.65 02a57581o0111c  0.208333   False
57581.321240 19.155932      NaN    7.0    24 c    0   0.95 210.91688 54.30295  3774.92  6929.96 3.97 3.69 -62.6 -0.452    19.00 20.58 02a57581o0145c  0.291667   False
57581.328019 18.878500      NaN   27.0    25 c    0   0.99 210.91688 54.30295  3787.29  6812.58 3.92 3.63 -72.0 -0.454    19.00 20.57 02a57581o0159c  1.080000   False
57581.338880 19.212347      NaN  -15.0    25 c    0   1.18 210.91688 54.30295  3754.53  6871.56 3.99 3.68 -65.8 -0.453    18.93 20.48 02a57581o0181c -0.600000   False
57605.257770 18.786693      NaN  -28.0    37 c    0   0.96 210.91688 54.30295  3995.47  6971.54 4.25 3.91  41.6 -0.371    18.85 21.71 02a57605o0052c -0.756757 8388609
57605.266058 18.214605      NaN   71.0    39 c    0   0.95 210.91688 54.30295  3972.53  6930.97 4.44 4.23  42.0 -0.398    18.84 21.70 02a57605o0066c  1.820513 8388609
57605.277177 18.542463      NaN    7.0    44 c    0   0.88 210.91688 54.30295  4028.76  7004.43 5.25 5.14  64.9 -0.324    18.70 21.72 02a57605o0085c  0.159091 8388609
57605.290850 18.967180      NaN   22.0    24 c    0   0.73 210.91688 54.30295  4052.44  6888.35 4.91 4.71 -64.4 -0.355    19.19 21.41 02a57605o0109c  0.916667 8388609
57605.303123 19.510313      NaN    0.0    19 c    0   0.98 210.91688 54.30295  4007.11  6944.18 4.12 3.93 -59.9 -0.388    19.35 21.41 02a57605o0133c  0.000000 8388609
57609.251150 19.128787      NaN  -11.0    27 c    0   1.01 210.91688 54.30295  1289.15 10105.11 4.18 3.78 -54.7 -0.425    19.04 20.57 02a57609o0045c -0.407407   False
57609.257024 16.798167      NaN  -30.0   231 c    0   0.03 210.91688 54.30295 10515.43 10226.92 4.94 3.90  81.8 -0.425    19.23 20.92 02a57609o0055c -0.129870    True
57609.260345 19.212347      NaN   -3.0    25 c    0   1.07 210.91688 54.30295  1265.35 10063.58 4.24 3.88 -54.3 -0.430    19.15 20.84 02a57609o0061c -0.120000   False
57609.274446 19.256669      NaN  -42.0    24 c    0   0.99 210.91688 54.30295  1320.51 10139.36 4.23 3.99 -55.4 -0.429    19.15 20.86 02a57609o0086c -1.750000   False
57609.275582 18.757738      NaN  -65.0    38 c    0   0.96 210.91688 54.30295 10501.34 10184.38 5.07 4.03  81.4 -0.385    19.23 20.97 02a57609o0088c -1.710526    True
57609.283416 19.212347      NaN  -16.0    25 c    0   1.32 210.91688 54.30295  1332.40 10016.51 4.35 3.86 -54.9 -0.414    19.11 20.83 02a57609o0102c -0.640000   False
57609.293767 19.089302      NaN  -27.0    28 c    0   0.91 210.91688 54.30295  1296.15 10080.77 4.49 3.94 -54.1 -0.405    19.06 20.79 02a57609o0120c -0.964286   False
57746.613969 19.419021      NaN    8.0    18 c    0   1.06 210.91688 54.30295  9623.60  2395.19 4.06 3.81  81.9 -0.423    19.61 21.65 02a57746o0819c  0.444444   False
57746.625461 19.454622      NaN   -6.0    20 c    0   0.92 210.91688 54.30295  9633.97  2434.81 4.08 3.83  80.9 -0.421    19.61 21.63 02a57746o0841c -0.300000   False
57746.627011 19.631075      NaN  -24.0    17 c    0   1.06 210.91688 54.30295   424.66  2326.77 4.23 4.16 -88.6 -0.369    19.54 21.57 02a57746o0844c -1.411765    True
57746.636855 19.510313      NaN   -6.0    19 c    0   0.93 210.91688 54.30295  9578.43  2361.93 4.24 4.02  81.1 -0.403    19.60 21.66 02a57746o0863c -0.315789    True
57746.638445 19.631075      NaN  -14.0    17 c    0   0.97 210.91688 54.30295   437.28  2366.96 4.28 4.20  86.0 -0.365    19.56 21.60 02a57746o0866c -0.823529    True
57746.648259 19.454622      NaN    9.0    17 c    0   1.01 210.91688 54.30295  9564.41  2480.09 4.17 3.92  78.9 -0.407    19.60 21.66 02a57746o0885c  0.529412    True
57746.650355 19.696897      NaN   -1.0    16 c    0   1.12 210.91688 54.30295   378.50  2284.60 4.15 4.02  85.8 -0.380    19.60 21.59 02a57746o0889c -0.062500    True
57746.659628 19.569016      NaN  -49.0    18 c    0   1.22 210.91688 54.30295  9600.56  2421.82 4.06 3.79  79.7 -0.417    19.52 21.38 02a57746o0907c -2.722222   False
57746.661195 19.454622      NaN  -10.0    20 c    0   0.89 210.91688 54.30295   367.49  2421.11 4.09 3.95  84.3 -0.381    19.40 21.16 02a57746o0910c -0.500000    True
57746.669931 18.623526      NaN  -17.0    43 c    0   0.87 210.91688 54.30295   400.80  2345.52 4.32 4.15  80.1 -0.358    18.45 19.40 02a57746o0927c -0.395349   False
57778.570698 19.212347      NaN   18.0    19 c    0   1.15 210.91688 54.30295  9114.77 10219.64 4.12 3.71 -88.1 -0.431    19.77 21.82 02a57778o0568c  0.947368   False
57778.576629 19.401649      NaN  -17.0    21 c    0   0.83 210.91688 54.30295  7889.43   418.43 4.00 3.78  15.5 -0.454    19.75 21.80 02a57778o0578c -0.809524    True
57778.584061 19.351140      NaN   12.0    18 c    0   1.26 210.91688 54.30295  9128.14 10261.12 4.09 3.68 -88.1 -0.432    19.77 21.81 02a57778o0592c  0.666667   False
57778.589437 19.631075      NaN  -23.0    17 c    0   1.31 210.91688 54.30295  7901.70   459.32 3.93 3.77  18.6 -0.451    19.77 21.82 02a57778o0602c -1.352941    True
57778.596885 19.631075      NaN   -7.0    17 c    0   1.08 210.91688 54.30295  9070.75 10187.08 4.09 3.74  89.5 -0.433    19.78 21.83 02a57778o0616c -0.411765   False
57778.602290 19.510313      NaN  -12.0    19 c    0   1.15 210.91688 54.30295  7859.17   383.98 3.95 3.73  15.4 -0.452    19.79 21.85 02a57778o0626c -0.631579    True
57778.609876 19.384550      NaN   10.0    18 c    0   1.03 210.91688 54.30295  9048.62 10308.28 4.05 3.68 -88.4 -0.432    19.80 21.86 02a57778o0640c  0.555556    True
57778.615190 19.631075      NaN  -13.0    17 c    0   1.29 210.91688 54.30295  7838.59   507.65 3.84 3.67  18.1 -0.452    19.81 21.88 02a57778o0650c -0.764706   False
57778.622705 19.419021      NaN    8.0    18 c    0   0.91 210.91688 54.30295  9094.11 10248.76 3.99 3.63 -88.9 -0.435    19.82 21.89 02a57778o0664c  0.444444   False
57778.628048 19.510313      NaN  -37.0    19 c    0   0.89 210.91688 54.30295  7872.70   448.56 3.99 3.81  15.7 -0.446    19.77 21.86 02a57778o0674c -1.947368    True
57782.565439 19.454622      NaN   12.0    16 c    0   0.95 210.91688 54.30295  8325.43  1418.14 3.86 3.75  84.3 -0.416    19.82 21.96 02a57782o0717c  0.750000   False
57782.579866 19.569016      NaN    6.0    16 c    0   0.99 210.91688 54.30295  8347.37  1458.05 3.89 3.75 -88.6 -0.409    19.84 21.99 02a57782o0743c  0.375000   False
57782.593858 19.351140      NaN   18.0    16 c    0   1.03 210.91688 54.30295  8291.04  1385.02 3.81 3.67  86.7 -0.414    19.88 22.03 02a57782o0769c  1.125000   False
57782.607900 19.631075      NaN  -26.0    17 c    0   1.14 210.91688 54.30295  8268.08  1508.60 3.93 3.77  83.5 -0.404    19.81 21.96 02a57782o0795c -1.529412    True
57782.621826 19.384550      NaN   16.0    16 c    0   0.94 210.91688 54.30295  8316.60  1450.48 3.86 3.71  85.6 -0.415    19.84 21.99 02a57782o0821c  1.000000   False
57786.563706 18.990530      NaN   44.0    16 c    0   1.22 210.91688 54.30295  9341.98  9939.26 3.91 3.51 -86.0 -0.426    19.80 21.89 02a57786o0507c  2.750000    True
57786.566299 19.038793      NaN   25.0    21 c    0   0.90 210.91688 54.30295  8098.38   139.38 3.89 3.68  13.0 -0.447    19.82 21.92 02a57786o0512c  1.190476   False
57786.576403 19.696897      NaN  -12.0    16 c    0   1.08 210.91688 54.30295  9353.16  9979.57 3.98 3.59 -88.6 -0.417    19.82 21.94 02a57786o0531c -0.750000    True
57786.579012 19.510313      NaN  -20.0    19 c    0   1.17 210.91688 54.30295  8110.65   179.93 3.87 3.68  17.5 -0.448    19.85 21.96 02a57786o0536c -1.052632   False
57786.589214 19.631075      NaN   -2.0    17 c    0   0.97 210.91688 54.30295  9294.96  9904.12 3.94 3.57 -89.9 -0.428    19.83 21.94 02a57786o0555c -0.117647    True
57786.591848 19.569016      NaN  -12.0    18 c    0   1.18 210.91688 54.30295  8054.91   104.24 3.90 3.71  15.8 -0.449    19.68 21.79 02a57786o0560c -0.666667    True
57786.602149 19.302877      NaN   -8.0    23 c    0   1.24 210.91688 54.30295  9272.21 10025.84 3.98 3.64  85.5 -0.433    19.48 21.55 02a57786o0579c -0.347826    True
57786.604786 19.014394      NaN   30.0    20 c    0   1.09 210.91688 54.30295  8043.56   225.39 3.88 3.76  19.4 -0.441    19.84 21.98 02a57786o0584c  1.500000    True
57786.615038 19.696897      NaN   -8.0    16 c    0   1.12 210.91688 54.30295  9317.18  9967.11 3.95 3.59  86.2 -0.425    19.78 21.88 02a57786o0603c -0.500000    True
57786.617646 19.287255      NaN   10.0    20 c    0   1.07 210.91688 54.30295  8077.95   168.82 3.90 3.74  25.1 -0.448    19.84 21.99 02a57786o0608c  0.500000   False
57806.543426 19.472870      NaN   11.0    16 c    0   1.10 210.91688 54.30295  9201.32  1321.50 3.85 3.70  60.6 -0.446    19.76 21.82 02a57806o0606c  0.687500   False
57806.546470 19.609992      NaN    1.0    17 c    0   1.18 210.91688 54.30295  9227.59  1358.65 3.98 3.84  55.8 -0.429    19.74 21.83 02a57806o0612c  0.058824    True
57806.563479 19.696897      NaN  -10.0    16 c    0   1.13 210.91688 54.30295  9170.11  1285.94 4.05 3.88  52.8 -0.427    19.76 21.89 02a57806o0643c -0.625000   False
57806.577726 19.472870      NaN    2.0    19 c    0   0.95 210.91688 54.30295  9149.73  1405.09 3.91 3.72  65.4 -0.440    19.76 21.84 02a57806o0669c  0.105263    True
57806.591596 19.419021      NaN   14.0    16 c    0   1.01 210.91688 54.30295  9199.82  1344.38 3.91 3.70  61.2 -0.439    19.72 21.75 02a57806o0695c  0.875000   False
57834.492888 19.241693      NaN   22.0    17 c    0   1.25 210.91688 54.30295  8101.63  3389.81 3.99 3.71  87.7 -0.381    19.07 21.15 02a57834o0443c  1.294118   False
57834.503330 19.197966      NaN   16.0    20 c    0   1.04 210.91688 54.30295  2380.88  7021.46 3.82 3.69  45.1 -0.427    19.11 21.19 02a57834o0463c  0.800000   False
57834.527024 19.401649      NaN  -14.0    21 c    0   1.20 210.91688 54.30295  2428.22  7097.44 3.82 3.67  46.6 -0.423    19.04 21.02 02a57834o0506c -0.666667    True
57834.542612 19.351140      NaN  -12.0    22 c    0   0.93 210.91688 54.30295  2447.42  6982.30 4.01 3.88  52.0 -0.407    18.92 20.83 02a57834o0535c -0.545455   False
57834.554663 19.102305      NaN   17.0    22 c    0   1.17 210.91688 54.30295  2402.32  7043.70 4.05 3.88  49.7 -0.393    18.86 20.73 02a57834o0557c  0.772727   False
57838.492206 19.212347      NaN   12.0    21 c    0   0.87 210.91688 54.30295   120.43   571.26 4.44 4.39 -73.0 -0.376    19.01 21.19 02a57838o0454c  0.571429    True
57838.492735 18.944322      NaN   33.0    21 c    0   1.27 210.91688 54.30295  1483.54 10380.18 4.33 4.18  26.2 -0.384    19.04 21.20 02a57838o0455c  1.571429    True
57838.494486 19.076453      NaN   25.0    20 c    0   1.06 210.91688 54.30295  9027.62   108.64 4.02 3.88  40.0 -0.447    19.06 21.21 02a57838o0458c  1.250000    True
57838.495005 19.302877      NaN    6.0    21 c    0   1.13 210.91688 54.30295 10392.58  9920.93 4.46 4.09  80.9 -0.414    19.01 21.18 02a57838o0459c  0.285714    True
57838.505700 19.318728      NaN    2.0    22 c    0   0.91 210.91688 54.30295 10321.07  9845.73 4.42 4.10  82.0 -0.403    19.02 21.17 02a57838o0479c  0.090909    True
57838.524714 19.569016      NaN  -10.0    18 c    0   1.08 210.91688 54.30295   179.02   488.04 4.25 4.18 -14.6 -0.373    19.03 21.14 02a57838o0515c -0.555556    8192
57838.528687 19.302877      NaN   -7.0    23 c    0   1.00 210.91688 54.30295  1532.49 10295.18 4.13 3.95  18.7 -0.402    19.04 21.15 02a57838o0522c -0.304348    True
57838.541835 19.002397      NaN   25.0    22 c    0   1.08 210.91688 54.30295  1504.69 10357.69 4.23 3.75   9.2 -0.386    19.03 21.12 02a57838o0547c  1.136364    8192
57838.542881 19.401649 0.361912   63.0    21 c    0   1.06 210.91688 54.30295   145.56   543.60 4.10 3.99 -87.8 -0.398    19.06 21.09 02a57838o0549c  3.000000    True
57842.515338 19.351140      NaN  -18.0    22 c    0   1.00 210.91688 54.30295  3828.40  6708.53 4.04 3.91  55.4 -0.397    18.98 21.04 02a57842o0427c -0.818182   False
57842.526432 19.212347      NaN    9.0    22 c    0   0.99 210.91688 54.30295  3871.57  6784.19 4.26 4.09  67.2 -0.387    18.93 21.04 02a57842o0448c  0.409091   False
57842.544005 19.318728      NaN    5.0    21 c    0   1.01 210.91688 54.30295  3892.66  6663.96 4.12 3.95  75.6 -0.378    18.94 20.97 02a57842o0481c  0.238095   False
57862.478560 19.454622      NaN  -28.0    20 c    0   1.11 210.91688 54.30295  3520.65  6940.30 3.82 3.70  86.1 -0.396    18.84 20.47 02a57862o0525c -1.400000   False
57862.500554 19.401649      NaN  -32.0    21 c    0   1.11 210.91688 54.30295  3497.75  6900.35 3.78 3.66  86.7 -0.402    18.76 20.25 02a57862o0570c -1.523810    True
57862.510937 19.169763      NaN   18.0    20 c    0   1.13 210.91688 54.30295  3554.63  6976.03 3.72 3.61  84.9 -0.412    18.74 20.17 02a57862o0591c  0.900000   False
57862.522570 19.401649      NaN  -10.0    21 c    0   1.30 210.91688 54.30295  3578.60  6857.58 3.74 3.65  72.1 -0.401    18.68 20.07 02a57862o0615c -0.476190    True
57862.530436 19.401649      NaN   -6.0    21 c    0   1.26 210.91688 54.30295  3545.49  6916.49 3.69 3.59  76.3 -0.414    18.67 20.02 02a57862o0631c -0.285714   False
57870.492158 19.631075      NaN   15.0    12 c    0   0.98 210.91688 54.30295  1892.51  8584.30 2.42 2.27   7.5 -0.466    19.53 20.68 02a57870o0440c  1.250000   False
57870.509600 19.868040      NaN    8.0    11 c    0   1.24 210.91688 54.30295  1869.33  8546.36 2.44 2.28   5.7 -0.462    19.48 20.63 02a57870o0473c  0.727273   False
57870.517991 19.816329      NaN   10.0    11 c    0   1.52 210.91688 54.30295  1924.61  8618.33 2.45 2.31   7.0 -0.469    19.46 20.60 02a57870o0489c  0.909091    True
57870.530201 19.529530      NaN   20.0    12 c    0   1.07 210.91688 54.30295  1950.30  8500.82 2.48 2.35   1.2 -0.461    19.42 20.58 02a57870o0512c  1.666667   False
57870.541671 19.922338      NaN   -8.0    13 c    0   0.95 210.91688 54.30295  1917.54  8558.50 2.47 2.35   0.5 -0.466    19.42 20.55 02a57870o0534c -0.615385   False
57894.386745 20.039830      NaN    5.0    10 c    0   1.60 210.91688 54.30295  1315.42  9758.69 2.54 2.32 -11.5 -0.464    19.65 21.54 02a57894o0292c  0.500000    True
57894.416893 20.449472      NaN   -9.0     8 c    0   2.06 210.91688 54.30295  1292.34  9717.94 2.59 2.35 -14.0 -0.469    19.81 21.74 02a57894o0349c -1.125000    8192
57894.419529 20.039830      NaN    5.0    10 c    0   1.07 210.91688 54.30295  1349.82  9790.20 2.58 2.37  -6.4 -0.467    19.78 21.70 02a57894o0354c  0.500000    True
57894.441778 20.009244      NaN   -5.0    12 c    0   0.89 210.91688 54.30295  1364.31  9670.35 2.53 2.29  -7.5 -0.474    19.68 21.53 02a57894o0396c -0.416667    True
57894.453543 19.841877      NaN   -8.0    14 c    0   0.78 210.91688 54.30295  1329.24  9729.50 2.53 2.30  -4.4 -0.474    19.49 21.27 02a57894o0418c -0.571429    8192
57898.389114 20.207197      NaN   -4.0    10 c    0   1.08 210.91688 54.30295  1850.70  8709.06 2.66 2.37  -5.2 -0.481    19.73 21.69 02a57898o0138c -0.400000   False
57898.398663 20.103715      NaN  -17.0    11 c    0   1.19 210.91688 54.30295  1827.05  8669.07 2.48 2.29  -0.8 -0.503    19.78 21.72 02a57898o0156c -1.545455   False
57898.417223 20.103715      NaN  -14.0    11 c    0   1.48 210.91688 54.30295  1882.58  8742.90 2.59 2.34 -11.9 -0.486    19.75 21.68 02a57898o0191c -1.272727   False
57898.437402 20.207197      NaN  -15.0    10 c    0   1.17 210.91688 54.30295  1908.51  8622.17 2.46 2.24   2.0 -0.504    19.75 21.62 02a57898o0229c -1.500000   False
57898.446924 19.549093      NaN   22.0    11 c    0   1.17 210.91688 54.30295  1874.49  8679.64 2.67 2.48   1.6 -0.486    19.69 21.60 02a57898o0247c  2.000000    4096
57902.386132 20.321591      NaN   -6.0     9 c    0   1.82 210.91688 54.30295  4374.60  7519.49 2.52 2.42  -3.7 -0.451    19.81 21.63 02a57902o0297c -0.666667    8192
57902.397408 20.207197      NaN   -5.0    10 c    0   1.12 210.91688 54.30295  4364.08  7479.59 2.57 2.47  -9.2 -0.461    19.77 21.60 02a57902o0319c -0.500000    True
57902.399963 20.207197      NaN  -10.0    10 c    0   1.41 210.91688 54.30295  4410.99  7557.56 2.59 2.45  -2.7 -0.449    19.78 21.58 02a57902o0324c -1.000000    8192
57902.422768 20.103715      NaN   -2.0    11 c    0   0.98 210.91688 54.30295  4435.26  7438.50 2.56 2.44  -0.2 -0.463    19.79 21.63 02a57902o0368c -0.181818    True
57902.433611 19.696897      NaN   12.0    12 c    0   1.03 210.91688 54.30295  4400.12  7495.29 2.61 2.52  -1.9 -0.455    19.67 21.49 02a57902o0389c  1.000000    True
58020.235926 19.922338      NaN  -14.0    13 c    0   1.19 210.91688 54.30295  3539.93  3756.36 2.42 2.31 -78.5 -0.409    19.28 20.64 02a58020o0006c -1.076923 8388609
58194.569176 20.103715      NaN   -5.0    11 c    0   0.93 210.91688 54.30295  2260.15  8873.03 2.55 2.35  22.2 -0.453    19.73 21.58 02a58194o0731c -0.454545   False
58194.580281 20.207197      NaN   -4.0    10 c    0   1.11 210.91688 54.30295  2235.91  8834.69 2.56 2.31  25.0 -0.452    19.75 21.58 02a58194o0749c -0.400000   False
58194.590959 20.039830      NaN    2.0    11 c    0   1.10 210.91688 54.30295  2285.78  8906.88 2.63 2.46  14.7 -0.444    19.72 21.58 02a58194o0768c  0.181818   False
58194.602403 19.950541      NaN    8.0    10 c    0   1.43 210.91688 54.30295  2295.63  8787.94 2.41 2.21  17.2 -0.466    19.75 21.57 02a58194o0786c  0.800000    True
58196.529228 18.438271      NaN  -15.0    51 c    0   0.89 210.91688 54.30295  4956.96  3689.77 2.58 2.44  19.6 -0.397    17.79 19.73 02a58196o0652c -0.294118   False
58196.535461 19.979496      NaN   10.0     9 c    0   1.15 210.91688 54.30295  4925.63  3653.78 2.45 2.31  46.0 -0.411    19.80 21.89 02a58196o0663c  1.111111   False
58196.543979 17.685696      NaN   15.0    97 c    0   1.28 210.91688 54.30295  4981.54  3728.99 2.45 2.34  37.9 -0.438    16.95 18.82 02a58196o0680c  0.154639   False
58251.578978 19.589310      NaN   17.0    12 c    0   1.10 210.91688 54.30295  4125.17  3768.42 2.73 2.54 -53.0 -0.388    19.50 21.34 02a58251o0733c  1.416667    8192
58251.587115 19.719755      NaN   11.0    12 c    0   0.90 210.91688 54.30295  4124.45  3772.41 2.83 2.62 -51.3 -0.378    19.45 21.26 02a58251o0749c  0.916667    True
58251.594640 19.922338      NaN    3.0    12 c    0   0.96 210.91688 54.30295  4112.89  3776.00 2.68 2.55 -50.4 -0.388    19.43 21.20 02a58251o0764c  0.250000    True
58251.602316 19.318728      NaN   29.0    13 c    0   1.27 210.91688 54.30295  4122.90  3778.74 3.00 2.79 -53.4 -0.380    19.28 21.09 02a58251o0779c  2.230769    True
58252.572007 19.696897      NaN   12.0    12 c    0   1.42 210.91688 54.30295  4124.65  3764.53 2.58 2.45 -49.9 -0.394    19.44 21.13 02a58252o0684c  1.000000    True
58252.582264 19.816329      NaN    7.0    12 c    0   1.10 210.91688 54.30295  4123.67  3769.78 2.51 2.40 -48.7 -0.402    19.46 21.08 02a58252o0703c  0.583333   False
58252.589663 19.922338      NaN    0.0    13 c    0   1.04 210.91688 54.30295  4111.92  3773.08 2.54 2.45 -46.9 -0.398    19.40 21.05 02a58252o0718c  0.000000   False
58252.598499 20.009244      NaN   -9.0    12 c    0   1.08 210.91688 54.30295  4123.04  3776.13 2.49 2.40 -53.1 -0.398    19.37 20.99 02a58252o0735c -0.750000   False
58256.417856 19.367717      NaN    8.0    19 c    0   0.41 210.91688 54.30295  3194.15  5361.72 2.37 2.34 -15.4 -0.425    19.82 21.77 02a58256o0256c  0.421053   False
58256.432475 20.449472      NaN   -6.0     8 c    0   0.96 210.91688 54.30295  3172.13  5321.25 2.41 2.41  22.4 -0.424    19.76 21.79 02a58256o0287c -0.750000   False
58256.449876 20.321591      NaN    0.0     9 c    0   1.21 210.91688 54.30295  3228.23  5397.35 2.34 2.31  11.5 -0.431    19.80 21.75 02a58256o0324c  0.000000    True
58256.458792 20.449472      NaN  -13.0     8 c    0   1.40 210.91688 54.30295  3252.14  5278.21 2.38 2.30  39.7 -0.426    19.79 21.74 02a58256o0343c -1.625000   False
58280.393689 20.171596      NaN    4.0     9 c    0   1.33 210.91688 54.30295  5358.54  4881.98 2.45 2.41 -69.2 -0.419    19.75 21.71 02a58280o0323c  0.444444   False
58280.407270 20.103715      NaN   -9.0    11 c    0   1.13 210.91688 54.30295  5348.24  4845.86 2.53 2.51  54.5 -0.412    19.67 21.62 02a58280o0352c -0.818182   False
58280.414598 19.922338      NaN    0.0    13 c    0   0.95 210.91688 54.30295  5403.59  4919.65 2.44 2.41  54.1 -0.422    19.45 21.31 02a58280o0368c  0.000000   False
58280.424534 20.207197      NaN   -1.0    10 c    0   1.28 210.91688 54.30295  5414.76  4807.31 2.42 2.38  53.5 -0.418    19.72 21.59 02a58280o0389c -0.100000   False
58284.387122 20.009244      NaN   -3.0    12 c    0   0.82 210.91688 54.30295  2831.14  5633.05 2.36 2.30   0.7 -0.420    19.59 21.41 02a58284o0307c -0.250000   False
58284.391741 20.207197      NaN    0.0    10 c    0   1.36 210.91688 54.30295  2805.58  5594.50 2.35 2.29   4.0 -0.423    19.62 21.46 02a58284o0317c  0.000000   False
58284.403480 19.922338      NaN    9.0    10 c    0   1.11 210.91688 54.30295  2864.12  5672.02 2.40 2.34  20.7 -0.428    19.67 21.53 02a58284o0342c  0.900000   False
58284.411716 20.207197      NaN   -2.0    10 c    0   1.18 210.91688 54.30295  2885.44  5551.42 2.44 2.38  21.9 -0.430    19.70 21.54 02a58284o0360c -0.200000   False
58308.365311 20.207197      NaN   -3.0    10 c    0   0.79 210.91688 54.30295  5570.26  3902.13 2.75 2.47 -51.2 -0.410    19.67 21.59 02a58308o0015c -0.300000    8192
58308.374538 20.321591      NaN   -4.0     9 c    0   1.59 210.91688 54.30295  5591.69  3783.63 2.67 2.48 -52.0 -0.409    19.64 21.54 02a58308o0035c -0.444444    8192
58312.333401 20.207197      NaN   -7.0    10 c    0   1.28 210.91688 54.30295  5121.10  3940.96 2.52 2.35 -53.8 -0.416    19.75 21.63 02a58312o0193c -0.700000   False
58312.339561 19.922338      NaN   12.0     9 c    0   1.83 210.91688 54.30295  5095.89  3900.62 2.69 2.42 -54.7 -0.407    19.71 21.63 02a58312o0206c  1.333333   False
58312.349040 19.950541      NaN    5.0    11 c    0   0.84 210.91688 54.30295  5153.28  3977.28 2.58 2.48 -50.9 -0.410    19.67 21.61 02a58312o0226c  0.454545   False
58312.361108 20.103715      NaN  -11.0    11 c    0   0.85 210.91688 54.30295  5175.50  3859.86 2.53 2.47 -50.1 -0.408    19.68 21.58 02a58312o0252c -1.000000    True
58316.328042 20.009244      NaN   -2.0    12 c    0   1.57 210.91688 54.30295  3259.87  3421.29 3.09 2.96 -62.1 -0.381    19.36 21.19 02a58316o0183c -0.166667    True
58316.337992 19.609992      NaN   13.0    13 c    0   1.01 210.91688 54.30295  3248.86  3380.24 3.05 3.00  68.2 -0.366    19.34 21.27 02a58316o0204c  1.000000    8192
58316.346903 20.103715      NaN  -19.0    11 c    0   1.30 210.91688 54.30295  3304.44  3455.66 2.82 2.80  35.7 -0.378    19.44 21.34 02a58316o0223c -1.727273    True
58316.359453 19.791368      NaN    2.0    14 c    0   0.87 210.91688 54.30295  3326.47  3338.23 3.39 3.33 -52.8 -0.357    19.31 21.41 02a58316o0250c  0.142857    8192
58344.281357 19.589310      NaN   14.0    13 c    0   1.04 210.91688 54.30295  3979.53  2665.56 2.61 2.40 -55.2 -0.387    19.46 21.13 02a58344o0108c  1.076923    True
58344.290487 20.207197      NaN    0.0    10 c    0   1.86 210.91688 54.30295  3968.41  2626.29 2.74 2.55 -63.2 -0.394    19.41 21.10 02a58344o0127c  0.000000    8192
58344.299671 19.766969      NaN  -16.0    15 c    0   0.83 210.91688 54.30295  4024.76  2702.23 2.67 2.48 -55.6 -0.384    19.08 20.79 02a58344o0146c -1.066667    8192
58344.308612 19.841877      NaN    6.0    12 c    0   1.11 210.91688 54.30295  4046.44  2580.01 2.62 2.50 -52.1 -0.392    19.43 21.14 02a58344o0165c  0.500000    True
58376.224249 19.302877      NaN  -24.0    23 c    0   0.92 210.91688 54.30295  5663.19  2154.77 2.62 2.39 -58.7 -0.397    18.75 19.69 02a58376o0028c -1.043478   False
58376.230043 19.183773      NaN   29.0    16 c    0   1.52 210.91688 54.30295  5651.53  2114.92 2.56 2.41 -64.1 -0.391    18.99 20.12 02a58376o0040c  1.812500    True
58376.238331 19.510313      NaN  -33.0    19 c    0   0.85 210.91688 54.30295  5706.44  2217.33 2.68 2.50 -61.2 -0.388    19.11 20.35 02a58376o0057c -1.736842   False
58376.247461 19.510313      NaN  -29.0    19 c    0   1.05 210.91688 54.30295  5729.78  2090.84 2.89 2.78 -68.0 -0.379    19.00 20.36 02a58376o0076c -1.526316   False
58520.663770 19.816329      NaN    2.5    13 c    0   0.81 210.91688 54.30295  4396.83  7821.62 2.59 2.36  19.3 -0.464    19.68 21.60 02a58520o0274c  0.307692    8192
58520.673685 18.910912      NaN    1.5    32 c    0   1.41 210.91688 54.30295  4371.24  7781.82 2.64 2.45  19.8 -0.473    18.45 19.41 02a58520o0295c  0.093750    True
58576.556729 20.103715      NaN  -16.5    11 c    0   1.23 210.91688 54.30295  7703.98    85.11 2.48 2.09 -59.9 -0.405    19.78 21.80 02a58576o0718c -1.363636   False
58576.558102 19.743105      NaN   14.5    10 c    0   1.42 210.91688 54.30295  7970.72  9822.34 2.66 2.50 -64.8 -0.402    19.80 21.82 02a58576o0721c  1.600000   False
58576.570795 20.103715      NaN   -9.5    11 c    0   0.98 210.91688 54.30295  7946.35  9781.27 2.75 2.52 -54.5 -0.415    19.76 21.80 02a58576o0748c -0.727273   False
58576.571708 18.197417      NaN   57.5    44 c    0   0.23 210.91688 54.30295  7680.70    43.43 2.55 2.17 -54.5 -0.394    19.74 21.77 02a58576o0750c  1.340909   False
58576.577207 19.510313      NaN   13.5    14 c    0   0.96 210.91688 54.30295  7746.22   123.27 2.57 2.18 -55.4 -0.421    19.76 21.75 02a58576o0762c  1.071429   False
58576.578589 19.950541      NaN    6.5    10 c    0   1.47 210.91688 54.30295  8001.47  9862.00 2.82 2.48 -54.2 -0.409    19.73 21.78 02a58576o0765c  0.800000   False
58576.591620 19.652575      NaN   12.5    12 c    0   1.02 210.91688 54.30295  8022.06  9744.80 2.90 2.51 -53.5 -0.401    19.67 21.74 02a58576o0792c  1.166667    True
58580.533459 20.207197      NaN  -17.5    10 c    0   1.18 210.91688 54.30295  7582.79  7859.40 2.64 2.49  44.9 -0.407    19.60 21.43 02a58580o0667c -1.600000   False
58580.553444 20.009244      NaN   -1.5    12 c    0   0.75 210.91688 54.30295  7615.74  7897.60 2.56 2.54  80.2 -0.405    19.66 21.40 02a58580o0709c  0.000000   False
58580.565220 19.419021      NaN   24.5    12 c    0   0.88 210.91688 54.30295  7636.85  7779.82 2.60 2.52  67.3 -0.409    19.59 21.37 02a58580o0734c  2.166667   False
58604.470220 20.207197      NaN   -9.5    10 c    0   0.82 210.91688 54.30295  7309.02  3979.11 2.37 2.30  44.8 -0.399    19.60 21.61 02a58604o0438c -0.800000   False
58604.485174 19.719755      NaN   18.5     9 c    0   1.99 210.91688 54.30295  7285.91  3939.84 2.37 2.30 -64.6 -0.409    19.59 21.62 02a58604o0470c  2.222222   False
58604.494705 19.743105      NaN    5.5    13 c    0   0.89 210.91688 54.30295  7339.63  4014.86 2.41 2.38  49.4 -0.404    19.60 21.58 02a58604o0490c  0.538462   False
58604.501777 20.207197      NaN   -6.5    10 c    0   1.52 210.91688 54.30295  7362.12  3901.23 2.48 2.38 -61.4 -0.399    19.53 21.55 02a58604o0505c -0.500000   False
58612.399959 20.137125      NaN    0.5    10 c    0   1.07 210.91688 54.30295  9078.86  6874.77 2.56 2.46  58.4 -0.421    19.76 21.60 02a58612o0365c  0.200000   False
58612.401822 20.071303      NaN   -0.5    11 c    0   1.21 210.91688 54.30295  9059.16  6835.05 2.56 2.45  57.3 -0.406    19.79 21.60 02a58612o0369c  0.090909   False
58612.407474 20.171596      NaN   -0.5    10 c    0   0.98 210.91688 54.30295  9115.36  6914.75 2.57 2.48  79.2 -0.419    19.76 21.61 02a58612o0381c  0.100000   False
58612.432540 19.743105      NaN    2.5    14 c    0   0.74 210.91688 54.30295  9125.00  6797.25 2.59 2.47  47.7 -0.460    19.78 21.63 02a58612o0433c  0.285714   False
58636.335628 19.491430      NaN   20.5    12 c    0   1.04 210.91688 54.30295  1830.38  7497.84 2.48 2.37 -15.9 -0.429    19.71 21.76 02a58636o0227c  1.833333   False
58636.341238 19.922338      NaN    7.5    10 c    0   1.25 210.91688 54.30295  8748.90  3034.13 2.37 2.26 -63.7 -0.422    19.80 21.76 02a58636o0239c  0.900000   False
58636.347261 19.674510      NaN   17.5    10 c    0   0.95 210.91688 54.30295  8813.04  3123.55 2.44 2.24 -62.2 -0.411    19.80 21.77 02a58636o0252c  1.900000   False
58636.365477 20.071303      NaN    8.5     8 c    0   1.58 210.91688 54.30295  8827.46  3004.03 2.46 2.24 -63.5 -0.413    19.75 21.70 02a58636o0291c  1.250000    True
58664.300439 20.207197      NaN   -8.5    10 c    0   1.11 210.91688 54.30295  2488.30  1192.90 2.38 2.29 -65.3 -0.433    19.78 21.60 02a58664o0137c -0.700000   False
58664.303183 20.103715      NaN   -7.5    11 c    0   0.94 210.91688 54.30295  2467.27  1153.99 2.42 2.27 -59.8 -0.419    19.81 21.61 02a58664o0143c -0.545455   False
58664.308728 20.449472      NaN   -2.5     8 c    0   1.76 210.91688 54.30295  2524.96  1227.71 2.35 2.27 -77.6 -0.405    19.80 21.64 02a58664o0155c -0.125000    True
58664.318819 20.244005      NaN    0.5     9 c    0   1.15 210.91688 54.30295  2545.54  1109.70 2.35 2.23 -74.9 -0.431    19.82 21.68 02a58664o0177c  0.222222   False
58668.360430 20.103715      NaN   -5.5    11 c    0   1.23 210.91688 54.30295  6967.81  4762.78 2.58 2.30  40.7 -0.393    19.70 21.53 02a58668o0259c -0.363636   False
58668.363476 19.922338      NaN  -17.5    13 c    0   1.22 210.91688 54.30295  6948.19  4722.56 2.60 2.25  40.7 -0.571    19.74 21.50 02a58668o0265c -1.230769   False
58668.370013 20.009244      NaN   -6.5    12 c    0   1.07 210.91688 54.30295  7003.60  4798.85 2.68 2.25  39.4 -0.390    19.70 21.46 02a58668o0279c -0.416667   False
58668.381748 20.103715      NaN   -4.5    11 c    0   0.98 210.91688 54.30295  7022.85  4680.63 2.56 2.27  38.1 -0.387    19.72 21.46 02a58668o0304c -0.272727   False
58692.299708 20.207197      NaN   -9.5    10 c    0   1.02 210.91688 54.30295  8873.77  5206.96 2.65 2.49  41.5 -0.392    19.68 21.66 02a58692o0140c -0.800000   False
58692.302589 20.207197      NaN   -9.5    10 c    0   1.18 210.91688 54.30295  8853.55  5166.90 2.64 2.45  38.1 -0.389    19.70 21.66 02a58692o0146c -0.800000   False
58692.308687 19.696897      NaN   16.5    10 c    0   1.07 210.91688 54.30295  8909.18  5246.43 2.53 2.46  53.5 -0.394    19.67 21.63 02a58692o0157c  1.800000   False
58692.318540 20.207197      NaN   -3.5    10 c    0   1.01 210.91688 54.30295  8927.73  5130.00 2.56 2.44  41.4 -0.392    19.70 21.60 02a58692o0178c -0.200000   False
58696.259275 20.207197      NaN   -1.5    10 c    0   1.35 210.91688 54.30295  8880.21  5210.11 2.77 2.47 -64.4 -0.398    19.61 21.39 02a58696o0060c  0.000000   False
58696.263160 19.868040      NaN    9.5    10 c    0   1.30 210.91688 54.30295  8859.35  5169.69 2.89 2.48 -64.6 -0.396    19.64 21.51 02a58696o0068c  1.100000   False
58696.268990 20.321591      NaN   -2.5     9 c    0   1.56 210.91688 54.30295  8916.19  5249.73 2.87 2.52 -64.1 -0.401    19.66 21.57 02a58696o0080c -0.111111   False
58696.279054 20.071303      NaN   -0.5    11 c    0   1.29 210.91688 54.30295  8932.14  5140.09 2.99 2.55 -63.8 -0.397    19.61 21.57 02a58696o0101c  0.090909   False
58700.300639 20.009244      NaN   -2.5    12 c    0   0.92 210.91688 54.30295  3336.44  7082.16 2.45 2.42   6.9 -0.386    19.55 21.20 02a58700o0151c -0.083333    True
58700.303953 20.071303      NaN   -0.5    11 c    0   1.07 210.91688 54.30295  3317.73  7042.14 2.38 2.34  -1.0 -0.391    19.59 21.19 02a58700o0158c  0.090909    8192
58700.310446 19.472870      NaN   24.5    11 c    0   1.43 210.91688 54.30295  3373.80  7120.14 2.47 2.37  26.4 -0.380    19.54 21.19 02a58700o0172c  2.363636    8192
58700.320640 19.979496      NaN    2.5    11 c    0   1.78 210.91688 54.30295  3393.53  7001.20 2.44 2.40  -0.3 -0.389    19.55 21.17 02a58700o0194c  0.363636    True
58708.299948 18.816441      NaN  -45.5    36 c    0   1.29 210.91688 54.30295  4759.65  3191.95 2.87 2.31  41.7 -0.386    18.22 19.07 02a58708o0161c -1.222222   False
58708.302750 18.232071      NaN   48.5    45 c    0   1.25 210.91688 54.30295  4738.59  3153.30 2.82 2.29  42.5 -0.399    18.06 18.90 02a58708o0167c  1.111111   False
58708.309789 18.657725      NaN    0.5    41 c    0   0.94 210.91688 54.30295  4798.47  3232.31 2.94 2.35  42.2 -0.375    17.75 18.71 02a58708o0182c  0.048780   False
58708.319771 18.847027      NaN  -17.5    35 c    0   1.26 210.91688 54.30295  4819.86  3113.74 2.71 2.33  39.5 -0.399    18.16 18.98 02a58708o0203c -0.457143    True
58724.254212 19.589310      NaN   12.5    13 c    0   1.28 210.91688 54.30295  5031.29  4834.54 2.75 2.32  34.3 -0.404    19.58 21.32 02a58724o0081c  1.076923   False
58724.257423 19.766969      NaN   10.5    11 c    0   1.53 210.91688 54.30295  5012.79  4796.30 2.64 2.29  38.5 -0.401    19.54 21.31 02a58724o0088c  1.090909   False
58724.263511 19.719755      NaN    9.5    12 c    0   1.50 210.91688 54.30295  5067.94  4872.15 2.76 2.32  36.7 -0.393    19.50 21.30 02a58724o0101c  0.916667   False
58724.275107 19.609992      NaN   20.5    10 c    0   1.95 210.91688 54.30295  5088.77  4758.47 2.72 2.32  36.3 -0.394    19.49 21.25 02a58724o0126c  2.200000   False
58872.552407 20.207197      NaN  -10.5    10 c    0   1.32 210.91688 54.30295  3601.68  5811.34 2.53 2.32  43.9 -0.392    19.85 22.00 02a58872o0760c -0.900000   False
58872.555279 19.791368      NaN   12.5    10 c    0   0.96 210.91688 54.30295  3623.75  5849.16 2.36 2.33 -56.2 -0.411    19.81 21.99 02a58872o0766c  1.400000   False
58872.561131 20.321591      NaN   -4.5     9 c    0   1.25 210.91688 54.30295  3566.23  5769.99 2.35 2.31 -48.9 -0.410    19.84 21.99 02a58872o0778c -0.333333   False
58872.571799 20.207197      NaN   -9.5    10 c    0   1.36 210.91688 54.30295  3535.65  5890.50 2.52 2.31  40.8 -0.393    19.84 22.02 02a58872o0799c -0.800000   False
58876.651589 20.207197      NaN   -2.5    10 c    0   1.57 210.91688 54.30295  1961.82  9658.27 2.41 2.33 -38.2 -0.426    19.70 21.82 02a58876o0927c -0.100000    True
58876.655266 19.696897      NaN   -5.5    16 c    0   1.09 210.91688 54.30295  1980.99  9697.12 2.50 2.37 -43.3 -0.418    19.31 21.31 02a58876o0935c -0.250000    True
58876.662978 19.454622      NaN   10.5    16 c    0   0.99 210.91688 54.30295  1923.32  9618.08 2.45 2.31 -39.5 -0.420    19.30 21.14 02a58876o0951c  0.750000    True
58876.669196 18.847027      NaN   13.5    30 c    0   1.30 210.91688 54.30295  1902.26  9734.59 2.47 2.31 -35.2 -0.427    18.50 19.82 02a58876o0963c  0.500000    8192
58884.593779 19.719755      NaN   16.0     9 c    0   0.84 210.91688 54.30295  5090.49  1963.09 2.50 2.27  50.2 -0.395    19.82 21.99 02a58884o0827c  2.222222    True
58884.596741 20.103715      NaN   -1.0    10 c    0   0.86 210.91688 54.30295  5115.23  1998.54 2.43 2.20 -61.5 -0.403    19.85 21.98 02a58884o0833c  0.300000   False
58884.605408 20.321591      NaN  -11.0     9 c    0   1.37 210.91688 54.30295  5060.04  1922.16 2.47 2.26 -62.9 -0.401    19.81 21.98 02a58884o0851c -0.777778   False
58884.615927 20.137125      NaN    1.0     9 c    0   1.12 210.91688 54.30295  5038.41  2040.95 2.43 2.26  52.2 -0.399    19.81 21.99 02a58884o0873c  0.555556   False
58900.591861 20.103715      NaN   -9.0    11 c    0   1.25 210.91688 54.30295  7252.37  3501.52 2.54 2.48  70.4 -0.387    19.55 21.59 02a58900o0772c -0.454545   False
58900.593725 19.652575      NaN   10.0    12 c    0   1.17 210.91688 54.30295  7274.37  3533.31 2.56 2.43 -67.9 -0.391    19.32 21.32 02a58900o0776c  1.166667   False
58900.597390 19.351140      NaN   17.0    15 c    0   0.96 210.91688 54.30295  7216.36  3461.72 2.87 2.78 -67.6 -0.394    19.29 21.41 02a58900o0783c  1.400000   False
58900.608099 20.009244      NaN  -20.0    12 c    0   0.92 210.91688 54.30295  3388.44  7002.80 2.76 2.65 -56.3 -0.386    19.52 21.66 02a58900o0803c -1.333333    True
58932.513609 19.922338      NaN    2.0    11 c    0   1.57 210.91688 54.30295  3617.76  8736.90 2.66 2.33 -51.9 -0.412    19.73 21.71 02a58932o0633c  0.545455   False
58932.516828 20.103715      NaN   -4.0    11 c    0   0.97 210.91688 54.30295  3598.93  8697.51 2.70 2.37 -52.4 -0.412    19.70 21.70 02a58932o0640c  0.000000   False
58932.522331 20.207197      NaN  -16.0    10 c    0   1.30 210.91688 54.30295  3653.72  8773.23 2.65 2.29 -51.8 -0.416    19.71 21.69 02a58932o0652c -1.200000   False
58932.532128 19.652575      NaN   13.0    11 c    0   1.16 210.91688 54.30295  3672.29  8656.04 2.64 2.33 -52.4 -0.413    19.72 21.67 02a58932o0673c  1.545455   False
58956.480280 19.979496      NaN    6.0     9 c    0   1.49 210.91688 54.30295   386.94  1388.59 2.72 2.33 -57.7 -0.410    19.70 21.69 02a58956o0530c  1.111111   False
58956.483493 20.207197      NaN   -6.0    10 c    0   1.16 210.91688 54.30295   366.38  1349.73 2.74 2.36 -59.2 -0.412    19.68 21.70 02a58956o0537c -0.200000   False
58956.489223 20.103715      NaN   -4.0    11 c    0   1.01 210.91688 54.30295   426.21  1419.35 2.74 2.35 -57.8 -0.413    19.70 21.68 02a58956o0549c  0.000000   False
58956.499532 20.207197      NaN  -18.0    10 c    0   1.42 210.91688 54.30295   446.17  1298.12 2.77 2.39 -59.4 -0.415    19.66 21.63 02a58956o0570c -1.400000   False
58960.425104 19.922338      NaN   -9.0    13 c    0   0.79 210.91688 54.30295 10200.87  9188.96 2.96 2.81  45.4 -0.374    19.66 21.55 02a58960o0416c -0.384615   False
58960.428590 19.791368      NaN    7.0    11 c    0   1.01 210.91688 54.30295   358.31  1353.42 2.56 2.33 -59.1 -0.412    19.70 21.56 02a58960o0423c  1.000000   False
58960.434799 20.009244      NaN   -4.0    12 c    0   0.72 210.91688 54.30295   418.99  1424.00 2.49 2.33 -57.6 -0.416    19.72 21.56 02a58960o0436c  0.000000   False
58960.471580 20.321591      NaN  -11.0     9 c    0   1.14 210.91688 54.30295   444.49  1300.53 2.37 2.29  77.1 -0.421    19.72 21.63 02a58960o0459c -0.777778   False
58964.430982 18.693037      NaN   45.0    24 c    0   1.22 210.91688 54.30295  7123.55  6895.51 2.52 2.46 -82.4 -0.404    18.74 20.40 02a58964o0427c  2.041667   False
58964.434180 18.317510      NaN   38.0    43 c    0   0.90 210.91688 54.30295  7104.85  6855.95 2.54 2.51  84.8 -0.397    18.18 19.79 02a58964o0434c  0.976744    True
58964.440185 19.491430      NaN    0.0    18 c    0   1.28 210.91688 54.30295  7161.07  6935.40 2.64 2.58 -70.4 -0.392    19.01 20.86 02a58964o0447c  0.222222   False
58964.475522 19.868040      NaN    7.0    10 c    0   1.12 210.91688 54.30295  7176.73  6820.05 2.63 2.56  42.0 -0.395    19.59 21.44 02a58964o0523c  1.100000   False
58984.385056 19.979496      NaN    3.0    10 c    0   0.95 210.91688 54.30295  1454.81  6772.64 2.37 2.24  11.1 -0.404    19.75 21.72 02a58984o0250c  0.700000   False
58984.388259 20.207197      NaN  -25.0    10 c    0   0.97 210.91688 54.30295  1436.46  6731.91 2.37 2.20 -51.0 -0.415    19.79 21.70 02a58984o0257c -2.100000   False
58984.393747 20.321591      NaN  -16.0     9 c    0   1.38 210.91688 54.30295  1494.25  6808.73 2.38 2.21 -48.3 -0.421    19.78 21.71 02a58984o0269c -1.333333   False
58984.404468 20.321591      NaN   -7.0     9 c    0   1.01 210.91688 54.30295  1519.59  6691.06 2.37 2.20 -45.9 -0.416    19.79 21.73 02a58984o0290c -0.333333   False
58988.407142 19.743105      NaN   12.0    10 c    0   1.09 210.91688 54.30295  6722.54  3107.39 2.59 2.29  35.5 -0.390    19.71 21.63 02a58988o0375c  1.600000   False
58988.410344 19.766969      NaN    8.0    11 c    0   0.84 210.91688 54.30295  6705.27  3068.76 2.44 2.34  35.0 -0.395    19.73 21.61 02a58988o0382c  1.090909   False
58988.415874 20.207197      NaN  -21.0    10 c    0   1.11 210.91688 54.30295  6762.96  3145.38 2.44 2.31  38.5 -0.393    19.70 21.59 02a58988o0394c -1.700000   False
58988.427368 20.071303      NaN    0.0    10 c    0   1.05 210.91688 54.30295  6787.53  3032.40 2.36 2.34  82.4 -0.396    19.72 21.59 02a58988o0419c  0.400000   False
58992.358373 20.207197      NaN  -10.0    10 c    0   1.26 210.91688 54.30295  6728.91  3114.75 2.63 2.41  33.3 -0.389    19.73 21.75 02a58992o0269c -0.600000   False
58992.361575 19.766969      NaN    8.0    11 c    0   0.83 210.91688 54.30295  6708.99  3074.88 2.55 2.36  32.6 -0.393    19.72 21.74 02a58992o0276c  1.090909   False
58992.367526 20.039830      NaN    1.0    10 c    0   1.10 210.91688 54.30295  6767.46  3152.49 2.59 2.40  31.5 -0.387    19.74 21.75 02a58992o0289c  0.500000   False
58992.401785 20.207197      NaN  -14.0    10 c    0   0.91 210.91688 54.30295  6784.19  3033.42 2.63 2.38  29.0 -0.384    19.70 21.75 02a58992o0362c -1.000000   False
59011.354173 19.841877      NaN    8.0    10 c    0   1.34 210.91688 54.30295  9030.97  6870.13 3.00 2.95  56.6 -0.382    19.64 21.96 02a59011o0241c  1.200000 8388609
59011.357398 20.103715      NaN  -20.0    11 c    0   0.81 210.91688 54.30295  9009.45  6824.51 2.93 2.86  55.4 -0.384    19.67 21.95 02a59011o0248c -1.454545 8388609
59011.363858 20.103715      NaN  -13.0    11 c    0   0.99 210.91688 54.30295  9066.10  6905.63 2.94 2.90  48.4 -0.384    19.68 21.95 02a59011o0262c -0.818182 8388609
59011.384568 19.384550      NaN   21.0    13 c    0   1.08 210.91688 54.30295  9077.95  6787.04 3.90 3.56  31.1 -0.330    19.44 21.95 02a59011o0306c  1.923077 8388609
59015.333919 20.171596      NaN    0.0     9 c    0   1.40 210.91688 54.30295  9030.12  6864.65 2.65 2.57  57.7 -0.399    19.78 21.91 02a59015o0200c  0.444444    True
59015.337583 19.719755      NaN    7.0    12 c    0   0.74 210.91688 54.30295  9011.32  6823.77 2.63 2.55  63.6 -0.398    19.79 21.90 02a59015o0208c  0.916667   False
59015.343104 19.894850      NaN    6.0    10 c    0   1.20 210.91688 54.30295  9065.09  6904.65 2.76 2.45  36.0 -0.390    19.78 21.90 02a59015o0220c  1.000000   False
59015.354141 19.841877      NaN    8.0    10 c    0   1.25 210.91688 54.30295  9084.19  6790.06 2.69 2.59  67.7 -0.396    19.76 21.87 02a59015o0244c  1.200000   False
59020.330908 20.071303      NaN   -3.0    11 c    0   1.00 210.91688 54.30295  6558.53   965.19 2.45 2.32 -69.3 -0.404    19.50 21.38 02a59020o0132c  0.090909   False
59020.334109 19.766969      NaN   17.0     8 c    0   1.27 210.91688 54.30295  6537.96   924.96 2.44 2.30 -64.1 -0.401    19.75 21.74 02a59020o0139c  2.625000   False
59020.341236 20.103715      NaN  -23.0    11 c    0   1.03 210.91688 54.30295  6597.70  1005.84 2.54 2.42  88.1 -0.392    19.60 21.65 02a59020o0154c -1.727273   False
59020.352367 19.569016      NaN    8.0    14 c    0   1.37 210.91688 54.30295  6616.72   882.57 2.36 2.31 -83.1 -0.405    19.43 21.35 02a59020o0178c  0.857143   False
59040.285251 19.510313      NaN   17.0    12 c    0   0.82 210.91688 54.30295  8731.83  3078.30 2.87 2.73 -61.9 -0.377    19.58 21.62 02a59040o0091c  1.750000   False
59040.288469 19.743105      NaN    6.0    12 c    0   1.17 210.91688 54.30295  8712.11  3038.20 2.82 2.70 -57.7 -0.372    19.58 21.62 02a59040o0098c  0.833333    True
59040.295427 19.589310      NaN   13.0    12 c    0   0.75 210.91688 54.30295  8771.55  3115.81 2.74 2.65 -59.9 -0.378    19.70 21.65 02a59040o0113c  1.416667   False
59040.306084 20.071303      NaN   -3.0    11 c    0   0.83 210.91688 54.30295  8792.92  2998.05 2.80 2.70  41.2 -0.380    19.65 21.66 02a59040o0136c  0.090909   False
59044.317072 20.321591      NaN   -1.0     8 c    0   1.70 210.91688 54.30295   781.52  3009.99 2.48 2.27 -55.6 -0.400    19.71 21.76 02a59044o0158c  0.375000    True
59044.320832 20.207197      NaN  -14.0    10 c    0   1.30 210.91688 54.30295   759.86  2969.94 2.53 2.34 -61.3 -0.402    19.68 21.77 02a59044o0166c -1.000000   False
59044.327714 19.868040      NaN    4.0    11 c    0   0.93 210.91688 54.30295   822.46  3048.07 2.61 2.46 -60.5 -0.404    19.62 21.76 02a59044o0181c  0.727273   False
59044.337475 20.321591      NaN   -7.0     9 c    0   1.48 210.91688 54.30295   845.59  2927.67 2.75 2.44 -57.4 -0.396    19.60 21.71 02a59044o0202c -0.333333   False
59048.285981 20.039830      NaN    1.0    10 c    0   0.90 210.91688 54.30295   787.75  3014.36 2.55 2.35  33.9 -0.395    19.64 21.53 02a59048o0095c  0.500000   False
59048.290126 19.922338      NaN    2.0    11 c    0   1.32 210.91688 54.30295   766.97  2975.68 2.65 2.36  36.5 -0.389    19.44 21.30 02a59048o0104c  0.545455   False
59048.296595 19.816329      NaN    9.0    10 c    0   1.17 210.91688 54.30295   825.98  3049.10 2.56 2.32  35.7 -0.393    19.57 21.51 02a59048o0118c  1.300000    True
59048.308077 20.009244      NaN    2.0    10 c    0   0.96 210.91688 54.30295   849.81  2929.55 2.36 2.33  14.8 -0.405    19.68 21.65 02a59048o0143c  0.600000   False
59108.240914 19.841877      NaN  -32.0    14 c    0   1.03 210.91688 54.30295  4748.58  3183.55 2.37 2.34  62.3 -0.401    19.32 20.86 02a59108o0046c -2.000000   False
59108.246004 19.142275      NaN   28.0    16 c    0   0.98 210.91688 54.30295  4728.27  3156.64 2.56 2.40  37.6 -0.391    19.27 20.84 02a59108o0057c  2.000000   False
59108.250126 19.766969      NaN  -10.0    15 c    0   0.88 210.91688 54.30295  4787.86  3227.91 2.42 2.39  52.4 -0.395    19.30 20.84 02a59108o0066c -0.400000   False
59108.260706 19.491430      NaN    6.0    16 c    0   1.20 210.91688 54.30295  4807.33  3117.78 2.62 2.44 -52.2 -0.395    19.22 20.80 02a59108o0089c  0.625000   False
59206.608827 19.791368      NaN   10.0    10 c    0   1.27 210.91688 54.30295  4759.88  3171.13 2.53 2.47 -30.5 -0.370    19.71 21.84 01a59206o0880c  1.400000   False
59206.612058 20.039830      NaN    1.0    10 c    0   1.01 210.91688 54.30295  4737.93  3136.25 2.57 2.51 -32.1 -0.368    19.69 21.85 01a59206o0887c  0.500000   False
59206.617585 20.009244      NaN    2.0    10 c    0   0.97 210.91688 54.30295  4799.09  3212.66 2.73 2.64  -7.8 -0.359    19.62 21.85 01a59206o0899c  0.600000   False
59206.631405 20.207197      NaN   -9.0    10 c    0   1.32 210.91688 54.30295  4817.47  3100.82 2.77 2.58  21.5 -0.358    19.63 21.85 01a59206o0929c -0.500000   False
59208.639885 19.922338      NaN    8.0     9 c    0   1.75 210.91688 54.30295  8805.54  1673.57 2.61 2.33 -54.2 -0.407    19.68 21.64 02a59208o0962c  1.333333   False
59208.650450 20.171596      NaN    0.0     9 c    0   1.41 210.91688 54.30295  8825.91  1712.54 2.61 2.34 -53.8 -0.404    19.70 21.65 02a59208o0985c  0.444444   False
59208.655955 20.207197      NaN   -4.0    10 c    0   1.05 210.91688 54.30295  8771.33  1639.26 2.58 2.31 -55.3 -0.401    19.67 21.61 02a59208o0997c  0.000000   False
59208.664725 19.589310      NaN   10.0    13 c    0   0.98 210.91688 54.30295  8753.03  1759.95 2.57 2.34 -56.5 -0.404    19.41 20.84 02a59208o1016c  1.076923   False
59228.630646 20.207197      NaN   -4.0    10 c    0   1.28 210.91688 54.30295  7503.50  5611.75 2.68 2.51  50.2 -0.390    19.74 21.88 02a59228o0867c  0.000000   False
59228.633851 19.631075      NaN   17.0    10 c    0   0.92 210.91688 54.30295  7523.71  5650.07 2.71 2.51  48.6 -0.388    19.72 21.88 02a59228o0874c  2.100000   False
59228.650265 19.743105      NaN    9.0    11 c    0   1.04 210.91688 54.30295  7471.56  5576.33 2.70 2.49  48.0 -0.390    19.76 21.90 02a59228o0909c  1.181818   False
59228.658974 20.207197      NaN  -12.0    10 c    0   1.35 210.91688 54.30295  7452.34  5693.52 2.69 2.45  45.7 -0.392    19.80 21.83 02a59228o0928c -0.800000   False
59230.596813 19.674510      NaN   15.0    10 c    0   1.14 210.91688 54.30295  3639.09  8708.96 2.94 2.60 -76.7 -0.397    19.72 22.31 01a59230o0856c  1.900000   False
59230.600047 20.207197      NaN   -7.0    10 c    0   0.92 210.91688 54.30295  3619.75  8671.33 2.90 2.59 -77.3 -0.395    19.77 22.33 01a59230o0863c -0.300000   False
59230.605590 20.321591      NaN   -7.0     9 c    0   1.22 210.91688 54.30295  3678.01  8744.69 2.80 2.62 -83.6 -0.389    19.76 22.34 01a59230o0875c -0.333333   False
59230.615358 20.103715      NaN    2.0     9 c    0   1.13 210.91688 54.30295  3696.45  8628.88 2.75 2.58 -81.0 -0.393    19.78 22.39 01a59230o0896c  0.666667    True
59238.585766 20.071303      NaN    3.0     9 c    0   1.14 210.91688 54.30295  1126.39  5127.27 2.29 2.19 -63.9 -0.397    19.95 22.17 01a59238o0765c  0.777778   False
59238.588065 20.449472      NaN  -11.0     8 c    0   1.07 210.91688 54.30295  1106.29  5090.12 2.37 2.29 -67.2 -0.389    19.94 22.16 01a59238o0770c -0.875000   False
59238.590826 19.950541      NaN    7.0     9 c    0   1.01 210.91688 54.30295  1165.21  5167.12 2.39 2.33 -75.7 -0.384    19.95 22.18 01a59238o0776c  1.222222   False
59238.595897 20.282105      NaN   -3.0     9 c    0   0.93 210.91688 54.30295  1184.25  5049.11 2.46 2.42 -79.3 -0.383    19.88 22.19 01a59238o0787c  0.111111   False
59254.582395 19.791368      NaN    4.0    12 c    0   0.92 210.91688 54.30295   370.68  1393.61 2.77 2.47  45.0 -0.394    19.64 22.07 01a59254o0809c  0.666667   False
59254.584237 19.674510      NaN   12.0    11 c    0   1.59 210.91688 54.30295   342.80  1359.10 2.60 2.34  66.9 -0.430    19.62 22.01 01a59254o0813c  1.454545   False
59254.587068 19.014394      NaN   38.0    16 c    0   1.23 210.91688 54.30295   409.78  1431.69 2.52 2.31  65.7 -0.426    19.24 21.52 01a59254o0819c  2.625000   False
59254.593104 20.207197      NaN  -14.0    10 c    0   1.12 210.91688 54.30295   426.95  1313.98 2.50 2.28  67.3 -0.426    19.76 22.16 01a59254o0832c -1.000000   False
59256.529166 19.979496      NaN    6.0     9 c    0   0.90 210.91688 54.30295  5340.88  3606.13 2.50 2.34  47.2 -0.402    19.79 21.98 02a59256o0695c  1.111111    True
59256.532384 20.449472      NaN  -13.0     8 c    0   1.30 210.91688 54.30295  5360.18  3645.59 2.64 2.39  45.6 -0.397    19.76 21.98 02a59256o0702c -1.125000   False
59256.537897 20.321591      NaN   -8.0     9 c    0   1.13 210.91688 54.30295  5303.73  3568.60 2.56 2.33  43.1 -0.401    19.81 21.97 02a59256o0714c -0.444444   False
59256.543014 20.137125      NaN    1.0     9 c    0   1.22 210.91688 54.30295  5285.39  3684.20 2.62 2.40  46.1 -0.397    19.76 21.98 02a59256o0725c  0.555556   False
59258.571978 20.207197      NaN   -1.0     9 c    0   1.15 210.91688 54.30295  7137.54  6864.96 2.55 2.52  66.5 -0.368    19.75 22.04 01a59258o0790c  0.333333   False
59258.573832 20.321591      NaN  -14.0     9 c    0   0.87 210.91688 54.30295  7122.20  6822.75 2.73 2.59  43.8 -0.356    19.73 22.03 01a59258o0794c -1.111111   False
59258.576596 20.282105      NaN   -3.0     9 c    0   1.15 210.91688 54.30295  7177.75  6902.71 2.70 2.64  62.7 -0.366    19.74 22.04 01a59258o0800c  0.111111   False
59258.582589 20.449472      NaN  -13.0     8 c    0   1.69 210.91688 54.30295  7194.99  6788.23 2.52 2.48  79.2 -0.375    19.80 22.04 01a59258o0813c -1.125000   False
59262.501830 20.009244      NaN    8.0     8 c    0   1.34 210.91688 54.30295  7135.12  6865.21 2.40 2.25 -88.4 -0.394    19.77 21.77 01a59262o0623c  1.500000   False
59262.504607 20.171596      NaN    3.0     8 c    0   2.01 210.91688 54.30295  7116.35  6825.50 2.40 2.28 -87.4 -0.390    19.78 21.82 01a59262o0629c  0.875000   False
59262.508306 20.321591      NaN   -6.0     9 c    0   0.86 210.91688 54.30295  7174.74  6902.75 2.46 2.36  83.4 -0.379    19.75 21.86 01a59262o0637c -0.222222   False
59262.514297 19.816329      NaN    9.0    10 c    0   0.91 210.91688 54.30295  7193.02  6786.63 2.49 2.41  86.1 -0.374    19.77 21.85 01a59262o0650c  1.300000   False
59288.544037 20.207197      NaN   -4.0    10 c    0   1.04 210.91688 54.30295  5475.20  8612.96 2.43 2.34  52.1 -0.408    19.81 21.80 02a59288o0704c  0.000000   False
59288.579411 20.207197      NaN  -14.0    10 c    0   0.82 210.91688 54.30295  5452.69  8572.32 2.56 2.31  34.1 -0.395    19.77 21.76 02a59288o0780c -1.000000    True
59288.607793 19.128787      NaN   20.0    19 c    0   0.99 210.91688 54.30295  5503.79  8646.11 2.61 2.36  33.3 -0.390    18.70 20.56 02a59288o0841c  1.263158   False
59288.632589 20.282105      NaN   -3.0     9 c    0   1.73 210.91688 54.30295  5518.75  8526.23 2.78 2.35  41.1 -0.386    19.67 21.69 02a59288o0894c  0.111111   False
59292.459472 20.071303      NaN    0.0    10 c    0   0.83 210.91688 54.30295  1716.74  5365.58 2.49 2.30  55.8 -0.413    19.75 21.80 02a59292o0510c  0.400000   False
59292.462673 19.609992      NaN   15.0    11 c    0   0.98 210.91688 54.30295  1739.91  5405.20 2.46 2.31  60.6 -0.408    19.74 21.78 02a59292o0517c  1.727273   False
59292.466844 19.841877      NaN    8.0    10 c    0   1.28 210.91688 54.30295  1679.30  5325.89 2.59 2.36  48.1 -0.401    19.72 21.79 02a59292o0526c  1.200000   False
59292.473270 19.841877      NaN   11.0     9 c    0   1.41 210.91688 54.30295  1661.00  5441.11 2.52 2.31  48.3 -0.404    19.74 21.81 02a59292o0540c  1.666667   False
59292.649611 19.256669      NaN   14.0    18 c    0   0.98 210.91688 54.30295  8879.25  5179.37 2.51 2.32  36.5 -0.395    19.18 20.41 02a59292o0918c  1.000000   False
59310.449546 20.321591      NaN   -8.0     9 c    0   1.00 210.91688 54.30295  9038.48  6834.71 2.61 2.41  87.6 -0.400    20.01 21.98 01a59310o0425c -0.444444   False
59310.451851 20.207197      NaN   -4.0    10 c    0   0.74 210.91688 54.30295  9019.04  6795.20 2.58 2.43 -85.0 -0.393    20.03 21.99 01a59310o0430c  0.000000    True
59310.455624 20.449472      NaN  -15.0     8 c    0   1.29 210.91688 54.30295  9080.99  6872.14 2.54 2.41  87.5 -0.394    20.01 21.99 01a59310o0438c -1.375000   False
59310.464868 20.207197      NaN  -12.0    10 c    0   0.77 210.91688 54.30295  9097.24  6756.26 2.61 2.55 -83.1 -0.385    19.96 22.08 01a59310o0457c -0.800000   False
59314.443833 20.594452      NaN   -8.0     7 c    0   1.42 210.91688 54.30295  6530.78   950.30 2.46 2.29   5.8 -0.392    19.96 21.85 01a59314o0481c -0.571429   False
59314.445680 20.449472      NaN   -4.0     8 c    0   1.49 210.91688 54.30295  6511.56   911.10 2.67 2.39  -6.2 -0.369    19.94 21.88 01a59314o0485c  0.000000   False
59314.448467 20.103715      NaN    5.0     8 c    0   1.10 210.91688 54.30295  6573.27   990.04 2.62 2.37  -2.3 -0.372    19.95 21.87 01a59314o0491c  1.125000   False
59314.453560 20.405150      NaN   -3.0     8 c    0   1.24 210.91688 54.30295  6588.24   876.89 2.40 2.20 -18.7 -0.396    19.97 21.86 01a59314o0502c  0.125000   False
59318.482085 19.922338      NaN   11.0     8 c    0   1.20 210.91688 54.30295  4048.92  9634.57 2.42 2.28 -41.1 -0.387    19.76 21.52 01a59318o0559c  1.875000   False
59318.517343 20.594452      NaN   -6.0     7 c    0   1.59 210.91688 54.30295  4076.10  9668.33 2.29 2.10 -51.4 -0.388    19.89 21.56 01a59318o0635c -0.285714   False
59318.520566 20.321591      NaN   -6.0     9 c    0   0.79 210.91688 54.30295  4016.59  9590.55 2.28 2.07 -45.1 -0.388    19.89 21.57 01a59318o0642c -0.222222   False
59318.543605 20.137125      NaN    4.0     8 c    0   1.21 210.91688 54.30295  4002.41  9704.37 2.28 2.10 -53.4 -0.387    19.86 21.46 01a59318o0691c  1.000000    True
59322.408613 20.449472      NaN  -12.0     8 c    0   0.98 210.91688 54.30295  3064.63  4966.35 2.30 2.21 -82.2 -0.395    19.96 21.79 01a59322o0383c -1.000000   False
59322.410910 20.647425      NaN   -2.0     6 c    0   1.79 210.91688 54.30295  3044.79  4928.10 2.29 2.17 -84.2 -0.398    19.97 21.80 01a59322o0388c  0.333333   False
59322.414135 20.449472      NaN  -20.0     8 c    0   1.17 210.91688 54.30295  3102.43  5003.67 2.24 2.12 -74.8 -0.401    19.99 21.81 01a59322o0395c -2.000000   False
59322.419674 20.009244      NaN   11.0     7 c    0   1.71 210.91688 54.30295  3120.88  4888.51 2.33 2.19 -67.1 -0.399    19.92 21.79 01a59322o0407c  2.142857   False
59344.419514 20.039830      NaN    4.0     9 c    0   1.35 210.91688 54.30295  1115.46  5142.65 2.37 2.24 -41.3 -0.421    19.73 21.69 02a59344o0385c  0.888889   False
59344.423635 20.449472      NaN  -14.0     8 c    0   1.42 210.91688 54.30295  1095.90  5103.94 2.39 2.26 -41.4 -0.418    19.71 21.70 02a59344o0394c -1.250000   False
59344.429702 19.743105      NaN   12.0    10 c    0   0.97 210.91688 54.30295  1156.40  5177.47 2.40 2.26 -46.5 -0.423    19.71 21.72 02a59344o0407c  1.600000   False
59344.462022 19.766969      NaN    8.0    11 c    0   1.18 210.91688 54.30295  1174.57  5054.73 2.33 2.28 -18.6 -0.419    19.69 21.62 02a59344o0474c  1.090909   False
59370.364702 19.719755      NaN   19.0     8 c    0   1.01 210.91688 54.30295  1994.64  9698.91 2.28 2.04 -62.8 -0.403    19.99 22.07 01a59370o0279c  2.875000   False
59370.367930 20.244005      NaN   -2.0     9 c    0   0.78 210.91688 54.30295  2016.06  9738.08 2.32 2.08 -64.4 -0.403    20.00 22.06 01a59370o0286c  0.222222    True
59370.374378 20.594452      NaN   -4.0     7 c    0   0.98 210.91688 54.30295  1953.89  9657.98 2.25 1.99 -64.9 -0.406    20.01 22.04 01a59370o0300c  0.000000   False
59370.408119 20.137125      NaN    1.0     9 c    0   0.99 210.91688 54.30295  1938.43  9771.38 2.37 2.12 -61.6 -0.408    19.96 22.00 01a59370o0367c  0.555556   False
59374.345057 20.321591      NaN   -7.0     9 c    0   0.78 210.91688 54.30295  1995.87  9701.80 2.45 2.21 -61.2 -0.393    19.98 22.03 01a59374o0234c -0.333333   False
59374.348286 20.449472      NaN   -6.0     8 c    0   0.81 210.91688 54.30295  2017.23  9740.01 2.30 2.10 -65.1 -0.402    19.98 22.02 01a59374o0241c -0.250000   False
59374.353832 20.244005      NaN    4.0     7 c    0   0.98 210.91688 54.30295  1958.69  9661.73 2.31 2.10 -53.8 -0.390    19.99 22.02 01a59374o0253c  1.142857   False
59374.364434 20.321591      NaN   -6.0     9 c    0   1.18 210.91688 54.30295  1938.22  9776.84 2.38 2.11 -62.0 -0.403    19.97 22.04 01a59374o0276c -0.222222   False
59378.326788 20.321591      NaN   -7.0     9 c    0   0.99 210.91688 54.30295  5021.30  1964.72 2.15 2.08  53.9 -0.401    19.98 21.72 01a59378o0193c -0.333333   False
59378.330008 20.594452      NaN   -5.0     7 c    0   1.57 210.91688 54.30295  5042.19  2005.19 2.17 2.12  32.4 -0.400    19.93 21.73 01a59378o0200c -0.142857   False
59378.335546 20.321591      NaN   -4.0     9 c    0   1.21 210.91688 54.30295  4986.20  1926.91 2.21 2.11  20.1 -0.398    19.97 21.75 01a59378o0212c  0.000000   False
59378.348438 20.282105      NaN    0.0     8 c    0   1.32 210.91688 54.30295  4971.58  2042.13 2.23 2.16  11.3 -0.391    19.97 21.87 01a59378o0240c  0.500000   False
59404.284177 19.743105      NaN    6.0    12 c    0   1.03 210.91688 54.30295  1745.18  8890.87 2.62 1.98 -48.8 -0.448    19.74 21.54 02a59404o0088c  0.833333   False
59404.287411 19.719755      NaN   13.0    10 c    0   1.22 210.91688 54.30295  1725.27  8852.07 2.67 2.01 -50.2 -0.439    19.73 21.54 02a59404o0095c  1.700000   False
59404.292910 20.009244      NaN   -1.0    11 c    0   0.96 210.91688 54.30295  1779.70  8924.75 2.61 2.07 -50.9 -0.431    19.70 21.51 02a59404o0107c  0.272727    True
59404.302990 19.696897      NaN    8.0    12 c    0   1.11 210.91688 54.30295  1799.80  8805.66 2.67 2.07 -50.0 -0.436    19.66 21.51 02a59404o0129c  1.000000   False
59408.274563 19.766969      NaN  -28.0    15 c    0   0.64 210.91688 54.30295  1747.71  8890.05 2.59 2.03 -48.8 -0.439    19.66 21.40 02a59408o0068c -1.600000   False
59408.277767 19.950541      NaN    1.0    11 c    0   1.20 210.91688 54.30295  1726.38  8850.89 2.61 2.16 -52.0 -0.422    19.64 21.42 02a59408o0075c  0.454545   False
59408.283262 19.766969      NaN    8.0    11 c    0   1.02 210.91688 54.30295  1781.38  8925.84 2.58 2.16 -51.2 -0.430    19.62 21.42 02a59408o0087c  1.090909   False
59408.295675 19.766969      NaN   14.0     9 c    0   2.08 210.91688 54.30295  1803.12  8805.07 2.52 2.08 -47.9 -0.435    19.67 21.47 02a59408o0114c  2.000000   False
59426.249901 20.009244      NaN   -8.0    12 c    0   1.01 210.91688 54.30295  6885.89  1808.50 2.36 2.16 -72.9 -0.407    19.54 20.73 01a59426o0032c -0.333333   False
59426.253177 20.103715      NaN   -9.0    11 c    0   0.91 210.91688 54.30295  6904.92  1848.49 2.40 2.20 -74.6 -0.404    19.71 21.20 01a59426o0039c -0.454545   False
59426.258716 20.171596      NaN    3.0     8 c    0   1.40 210.91688 54.30295  6850.63  1773.41 2.29 2.16 -72.9 -0.405    19.86 21.60 01a59426o0051c  0.875000   False
59426.272762 20.207197      NaN    2.0     8 c    0   1.70 210.91688 54.30295  6834.49  1890.99 2.31 2.17 -75.1 -0.407    19.88 21.67 01a59426o0081c  0.750000   False
59430.242183 19.302877      NaN    2.0    21 c    0   1.10 210.91688 54.30295  6886.05  1813.16 2.31 2.17 -36.4 -0.389    18.64 19.07 01a59430o0020c  0.285714   False
59430.244954 19.841877      NaN  -12.0    14 c    0   1.87 210.91688 54.30295  6906.22  1849.66 2.30 2.14 -75.5 -0.400    19.10 19.81 01a59430o0026c -0.571429   False
59430.250541 20.009244      NaN   -6.0    12 c    0   1.13 210.91688 54.30295  6854.81  1775.68 2.31 2.15 -75.2 -0.398    19.66 20.96 01a59430o0038c -0.166667   False
59430.260749 20.321591      NaN  -15.0     9 c    0   1.40 210.91688 54.30295  6836.49  1890.68 2.36 2.19 -80.2 -0.402    19.86 21.60 01a59430o0060c -1.222222    True
59434.246925 19.791368      NaN   -2.0    14 c    0   1.48 210.91688 54.30295  9432.65  5367.78 2.85 2.42 -84.3 -0.365    19.33 20.53 01a59434o0034c  0.142857   False
59434.250609 20.103715      NaN   -5.0    11 c    0   1.01 210.91688 54.30295  9452.96  5402.91 2.84 2.40 -87.2 -0.376    19.54 21.12 01a59434o0042c -0.090909   False
59434.256155 19.766969      NaN    8.0    11 c    0   0.93 210.91688 54.30295  9394.40  5332.79 2.78 2.39 -81.9 -0.380    19.71 21.52 01a59434o0054c  1.090909   False
59434.267220 20.103715      NaN  -15.0    11 c    0   0.71 210.91688 54.30295  9377.85  5451.89 2.50 2.22 -79.6 -0.399    19.85 21.64 01a59434o0078c -1.000000   False
59588.641428 19.529530      NaN   16.0    12 c    0   1.23 210.91688 54.30295  3841.40  7467.92 2.64 2.40  46.7 -0.398    19.65 21.81 02a59588o0978c  1.666667   False
59588.646929 19.816329      NaN    3.0    12 c    0   1.12 210.91688 54.30295  3862.26  7506.33 2.57 2.39  44.6 -0.407    19.61 21.81 02a59588o0990c  0.583333   False
59588.658083 19.766969      NaN   11.0    10 c    0   1.22 210.91688 54.30295  3802.40  7427.09 2.56 2.35  45.7 -0.405    19.61 21.75 02a59588o1014c  1.500000   False
59588.665789 20.009244      NaN  -11.0    12 c    0   1.25 210.91688 54.30295  3778.98  7546.64 2.65 2.37  46.6 -0.397    19.46 21.22 02a59588o1030c -0.583333   False
59615.558656 19.894850      NaN    0.0    12 c    0   0.90 210.91688 54.30295  1529.20  3724.21 2.42 2.36  61.7 -0.422    19.60 21.48 02a59615o0775c  0.333333   False
59615.561412 19.979496      NaN    0.0    11 c    0   0.92 210.91688 54.30295  1548.88  3763.25 2.41 2.34  54.4 -0.424    19.61 21.49 02a59615o0781c  0.363636   False
59615.564167 20.103715      NaN   -1.0    10 c    0   1.12 210.91688 54.30295  1490.40  3683.48 2.54 2.37  44.2 -0.418    19.59 21.49 02a59615o0787c  0.300000    True
59615.571520 19.674510      NaN    6.0    13 c    0   0.91 210.91688 54.30295  1472.99  3798.47 2.45 2.37  58.6 -0.420    19.60 21.51 02a59615o0803c  0.769231   False
59619.586609 19.766969      NaN    8.0    11 c    0   1.62 210.91688 54.30295  4028.19  9619.65 2.54 2.48  49.7 -0.406    19.67 21.67 02a59619o0807c  1.090909   False
59619.588435 19.549093      NaN   15.0    12 c    0   1.34 210.91688 54.30295  4048.14  9659.19 2.57 2.47  50.4 -0.405    19.66 21.67 02a59619o0811c  1.583333   False
59619.592559 19.472870      NaN   16.0    13 c    0   0.89 210.91688 54.30295  3985.78  9580.14 2.64 2.44  46.6 -0.396    19.63 21.67 02a59619o0820c  1.538462   False
59619.610269 19.589310      NaN   13.0    12 c    0   1.24 210.91688 54.30295  3964.52  9697.63 2.65 2.46  42.8 -0.396    19.65 21.62 02a59619o0858c  1.416667   False
59639.510262 19.950541      NaN   -2.0    12 c    0   1.10 210.91688 54.30295  1840.55  7522.70 2.33 2.28  63.2 -0.428    19.73 21.72 02a59639o0653c  0.166667   False
59639.513468 19.868040      NaN    1.0    12 c    0   0.90 210.91688 54.30295  1860.56  7562.89 2.44 2.32  41.7 -0.416    19.69 21.70 02a59639o0660c  0.416667   False
59639.516215 20.103715      NaN   -9.0    11 c    0   1.22 210.91688 54.30295  1801.06  7481.81 2.32 2.27  61.6 -0.433    19.71 21.71 02a59639o0666c -0.454545   False
59639.522156 20.207197      NaN  -13.0    10 c    0   1.02 210.91688 54.30295  1781.02  7597.74 2.35 2.31  71.6 -0.429    19.72 21.72 02a59639o0679c -0.900000   False
59643.579606 19.766969      NaN  -22.0    15 c    0   0.82 210.91688 54.30295   792.17  2999.41 2.23 2.10   6.2 -0.449    19.23 21.76 02a59643o0746c -1.200000   False
59643.582534 19.454622      NaN   20.0    12 c    0   1.71 210.91688 54.30295   770.52  2958.88 2.25 2.12   1.8 -0.448    19.21 21.75 02a59643o0752c  2.000000    4096
59643.617736 20.103715      NaN  -17.0    11 c    0   1.80 210.91688 54.30295   828.96  3032.37 2.33 2.09  29.7 -0.440    19.25 21.72 02a59643o0823c -1.181818   False
59643.623182 19.454622      NaN   17.0    13 c    0   1.18 210.91688 54.30295   850.06  2910.52 2.25 2.12   8.2 -0.448    19.22 21.71 02a59643o0834c  1.615385    True
59647.511394 19.351140      NaN  -19.0    22 c    0   0.85 210.91688 54.30295  9795.57  7571.86 2.70 2.33  86.8 -0.448    18.96 21.75 02a59647o0432c -0.681818    True
59647.514333 19.401649      NaN   -5.0    21 c    0   1.04 210.91688 54.30295  9816.72  7609.17 2.74 2.33  80.0 -0.441    18.94 21.77 02a59647o0438c -0.047619   False
59647.519354 18.280067      NaN  -39.0    59 c    0   1.07 210.91688 54.30295  9757.64  7536.51 2.66 2.37  80.0 -0.450    17.72 20.47 02a59647o0448c -0.593220   False
59647.539712 19.510313      NaN   -8.0    19 c    0   1.17 210.91688 54.30295  9742.42  7656.62 2.89 2.56  68.1 -0.421    18.89 21.75 02a59647o0488c -0.210526   False
59671.401837 19.436675      NaN   15.0    14 c    0   0.90 210.91688 54.30295  3616.76  5840.31 2.72 2.52  41.0 -0.395    19.49 21.62 02a59671o0314c  1.357143 8388609
59671.428617 19.271854      NaN   22.0    15 c    0   1.11 210.91688 54.30295  3650.72  5877.63 2.79 2.53  42.6 -0.393    19.53 21.63 02a59671o0371c  1.733333 8388609
59671.431827 19.419021      NaN   16.0    14 c    0   0.95 210.91688 54.30295  3592.78  5803.31 2.92 2.59  44.1 -0.384    19.45 21.63 02a59671o0378c  1.428571 8388609
59671.437311 19.549093      NaN    9.0    14 c    0   1.37 210.91688 54.30295  3573.08  5920.09 2.95 2.56  40.6 -0.386    19.42 21.63 02a59671o0390c  0.928571 8388609
59675.445368 16.793477      NaN  -46.0   232 c    0   1.50 210.91688 54.30295  1937.01  9645.00 2.52 2.40  40.8 -0.389    16.29 18.27 02a59675o0501c -0.181034    True
59675.451766 18.675237      NaN  -52.0    41 c    0   1.00 210.91688 54.30295  1916.68  9761.04 2.40 2.35  28.4 -0.458    18.45 20.52 02a59675o0515c -1.170732    8192
59679.432660 19.334813      NaN    0.0    21 c    0   1.49 210.91688 54.30295  1973.35  9684.77 2.53 2.39  41.5 -0.436    18.97 20.69 02a59679o0440c  0.190476   False
59679.438161 19.454622      NaN  -22.0    20 c    0   1.17 210.91688 54.30295  1993.82  9722.94 2.48 2.38  33.3 -0.441    18.97 20.71 02a59679o0452c -0.900000   False
59679.439989 19.351140      NaN  -15.0    22 c    0   1.15 210.91688 54.30295  1932.80  9642.83 2.48 2.36  33.2 -0.450    18.99 20.72 02a59679o0456c -0.500000   False
59679.445014 19.063754      NaN   19.0    21 c    0   1.22 210.91688 54.30295  1910.81  9760.53 2.48 2.41  30.8 -0.442    19.00 20.75 02a59679o0467c  1.095238   False
59695.447397 19.922338      NaN  -15.0    13 c    0   1.09 210.91688 54.30295  8862.40  5203.94 2.73 2.49  32.2 -0.400    19.49 21.38 02a59695o0478c -0.846154    8192
59695.450623 20.103715      NaN  -16.0    11 c    0   1.53 210.91688 54.30295  8842.94  5163.62 2.66 2.39  33.1 -0.403    19.51 21.38 02a59695o0485c -1.090909    True
59695.485942 19.922338      NaN   -1.0    12 c    0   0.95 210.91688 54.30295  8892.97  5242.98 2.75 2.44  30.0 -0.390    19.47 21.34 02a59695o0561c  0.250000    True
59695.514381 19.384550      NaN   12.0    16 c    0   1.58 210.91688 54.30295  8910.03  5127.44 2.76 2.40  28.4 -0.395    19.02 20.86 02a59695o0622c  1.000000    True
59699.416003 16.093641      NaN -864.0   442 c    0   1.17 210.91688 54.30295  3335.52  7083.47 2.65 2.33  24.6 -0.397    15.53 16.82 02a59699o0410c -1.945701    True
59699.419220 18.796518      NaN    7.0    33 c    0   1.39 210.91688 54.30295  3318.35  7048.11 2.59 2.33  26.3 -0.397    18.25 19.68 02a59699o0417c  0.333333   False
59699.424739 17.613631      NaN  -20.0   109 c    0   0.77 210.91688 54.30295  3374.31  7122.05 2.63 2.33  24.3 -0.400    17.23 18.61 02a59699o0429c -0.146789   False
59699.459844 19.454622      NaN  -46.0    20 c    0   1.07 210.91688 54.30295  3379.98  7003.01 2.58 2.25  27.3 -0.396    18.82 20.34 02a59699o0505c -2.100000   False
59723.379391 19.569016      NaN   20.0    10 c    0   1.37 210.91688 54.30295  5015.61  4842.28 2.69 2.33  28.8 -0.399    19.57 21.29 02a59723o0312c  2.400000   False
59723.382603 19.922338      NaN   -1.0    12 c    0   1.21 210.91688 54.30295  4992.84  4801.10 2.96 2.46  29.7 -0.389    19.52 21.28 02a59723o0319c  0.250000   False
59723.388089 20.009244      NaN   -1.0    11 c    0   1.22 210.91688 54.30295  5053.80  4879.37 2.69 2.30  28.5 -0.402    19.58 21.25 02a59723o0331c  0.272727   False
59723.400898 20.009244      NaN  -29.0    12 c    0   1.08 210.91688 54.30295  5072.44  4765.24 2.75 2.37  26.9 -0.397    19.55 21.26 02a59723o0359c -2.083333   False
59727.350487 17.935984      NaN   29.0    70 c    0   1.32 210.91688 54.30295  5020.14  4848.42 2.68 2.28  31.1 -0.398    17.52 18.91 02a59727o0248c  0.471429   False
59727.353687 19.128787      NaN    8.0    23 c    0   1.45 210.91688 54.30295  5000.52  4809.05 2.65 2.25  29.9 -0.401    18.58 20.08 02a59727o0255c  0.521739   False
59727.360089 18.053859      NaN   25.0    63 c    0   0.84 210.91688 54.30295  5058.44  4884.62 2.64 2.25  30.7 -0.403    17.59 18.92 02a59727o0269c  0.460317    True
59727.371522 18.558199      NaN   10.0    41 c    0   1.28 210.91688 54.30295  5079.21  4767.27 2.81 2.30  31.3 -0.389    18.00 19.43 02a59727o0294c  0.341463   False
59731.393020 19.419021      NaN   19.0    13 c    0   0.93 210.91688 54.30295  3606.63  8730.35 2.74 2.67  34.6 -0.390    19.54 21.53 02a59731o0172c  1.769231   False
59731.398541 19.868040      NaN    1.0    12 c    0   1.19 210.91688 54.30295  3586.58  8691.19 2.84 2.66  42.1 -0.385    19.56 21.51 02a59731o0184c  0.416667   False
59731.401810 20.207197      NaN  -14.0    10 c    0   1.60 210.91688 54.30295  3643.21  8768.13 2.61 2.58  46.1 -0.392    19.59 21.52 02a59731o0191c -1.000000   False
59731.414645 20.009244      NaN   -4.0    12 c    0   1.03 210.91688 54.30295  3660.75  8647.40 2.70 2.54  25.1 -0.395    19.57 21.46 02a59731o0219c  0.000000   False
59751.314809 20.009244      NaN    2.0    10 c    0   1.14 210.91688 54.30295  4515.24  1061.53 2.41 2.29  79.6 -0.428    19.65 21.48 02a59751o0156c  0.600000   False
59751.318028 20.321591      NaN   -9.0     9 c    0   1.05 210.91688 54.30295  4495.01  1025.13 2.38 2.26  75.2 -0.430    19.63 21.48 02a59751o0163c -0.555556   False
59751.323522 19.950541      NaN    1.0    11 c    0   0.85 210.91688 54.30295  4556.31  1100.32 2.33 2.24  81.3 -0.430    19.66 21.47 02a59751o0175c  0.454545   False
59751.334507 20.207197      NaN  -12.0    10 c    0   1.27 210.91688 54.30295  4577.63   988.08 2.51 2.36  84.9 -0.424    19.64 21.45 02a59751o0199c -0.800000   False
59783.267980 19.569016      NaN   14.0    12 c    0   1.07 210.91688 54.30295  1462.64  6764.45 2.40 2.26 -40.1 -0.429    19.57 21.12 02a59783o0058c  1.500000    True
59783.271622 19.922338      NaN  -10.0    13 c    0   1.15 210.91688 54.30295  1443.43  6725.39 2.58 2.37 -48.9 -0.423    19.53 21.16 02a59783o0066c -0.461538   False
59783.278464 19.868040      NaN    1.0    12 c    0   1.01 210.91688 54.30295  1499.74  6801.07 2.47 2.26 -47.2 -0.430    19.60 21.20 02a59783o0081c  0.416667   False
59783.292955 19.609992      NaN   12.0    12 c    0   1.04 210.91688 54.30295  1518.73  6680.76 2.37 2.17 -49.1 -0.441    19.57 21.12 02a59783o0113c  1.333333   False
59787.293213 19.766969      NaN    2.0    13 c    0   0.96 210.91688 54.30295  6732.81  3108.31 2.82 2.75  55.3 -0.404    19.41 21.28 02a59787o0117c  0.461538    True
59787.297291 19.334813      NaN   18.0    15 c    0   0.82 210.91688 54.30295  6712.57  3065.75 2.89 2.84  55.9 -0.387    19.39 21.27 02a59787o0126c  1.466667    True
59787.303716 19.922338      NaN   -9.0    13 c    0   1.20 210.91688 54.30295  6770.24  3141.16 2.85 2.76  41.8 -0.391    19.42 21.26 02a59787o0140c -0.384615    True
59787.318300 19.529530      NaN    4.0    16 c    0   0.75 210.91688 54.30295  6791.51  3022.94 2.85 2.72  38.6 -0.390    19.44 21.27 02a59787o0172c  0.500000    8192
59811.240646 18.978793      NaN  -16.0    31 c    0   1.19 210.91688 54.30295  9034.15  6861.78 2.67 2.41  28.6 -0.410    18.72 19.75 02a59811o0025c -0.387097   False
59811.243827 18.836735      NaN   33.0    23 c    0   0.84 210.91688 54.30295  9013.60  6819.91 2.59 2.43  26.8 -0.415    19.14 20.36 02a59811o0032c  1.608696   False
59811.251095 20.009244      NaN   -7.0    12 c    0   1.57 210.91688 54.30295  9072.32  6897.97 2.65 2.49  25.0 -0.411    19.43 21.04 02a59811o0048c -0.250000   False
59811.262036 19.922338      NaN  -12.0    13 c    0   1.19 210.91688 54.30295  9090.61  6779.78 2.60 2.49  24.2 -0.418    19.49 21.14 02a59811o0072c -0.615385   False
59819.241262 19.419021      NaN   16.0    14 c    0   1.10 210.91688 54.30295  6573.15   960.33 2.35 2.22  60.0 -0.408    19.14 20.53 02a59819o0037c  1.428571   False
59819.246702 19.652575      NaN   10.0    12 c    0   1.00 210.91688 54.30295  6551.88   920.48 2.35 2.24  86.4 -0.416    19.34 20.93 02a59819o0049c  1.166667   False
59819.249867 20.039830      NaN   -2.0    11 c    0   1.38 210.91688 54.30295  6612.81  1000.63 2.52 2.40  84.7 -0.399    19.35 21.00 02a59819o0056c  0.181818    True
59819.259883 19.791368      NaN    1.0    13 c    0   0.92 210.91688 54.30295  6635.60   883.21 2.40 2.23 -74.9 -0.427    19.37 21.05 02a59819o0078c  0.384615   False
59841.218401 18.292405      NaN   21.0    50 c    0   1.04 210.91688 54.30295  6982.43  9588.38 3.07 2.87  66.1 -0.351    17.82 19.42 01a59841o0022c  0.500000   False
59841.222104 19.128787      NaN  -11.0    27 c    0   0.94 210.91688 54.30295  7003.22  9629.15 3.06 2.87  70.0 -0.350    18.50 20.18 01a59841o0030c -0.259259   False
59841.232292 19.569016      NaN  -10.0    18 c    0   0.99 210.91688 54.30295  6941.16  9557.43 3.10 2.92  73.3 -0.347    18.98 20.90 01a59841o0052c -0.333333   False
59841.238300 19.491430      NaN   -3.0    19 c    0   0.86 210.91688 54.30295  6920.99  9674.30 3.11 2.95  72.3 -0.344    19.00 20.95 01a59841o0065c  0.052632   False
59999.634833 19.014394      NaN   -8.0    30 c    0   0.84 210.91688 54.30295  9217.61  9001.08 2.78 2.66  58.7 -0.391    18.65 20.44 02a59999o0111c -0.133333    True
59999.637641 19.002397      NaN   12.0    25 c    0   0.91 210.91688 54.30295  9198.36  8958.86 2.79 2.68  51.2 -0.385    18.85 20.68 02a59999o0117c  0.640000    True
59999.650179 19.038793      NaN    3.0    27 c    0   0.76 210.91688 54.30295  9252.53  9039.29 2.80 2.58  41.6 -0.388    18.66 20.40 02a59999o0142c  0.259259    True
59999.656837 19.351140      NaN  -25.0    22 c    0   1.06 210.91688 54.30295  9269.69  8920.53 2.74 2.67  54.3 -0.387    18.85 20.61 02a59999o0155c -0.954545    8192
60048.393577 19.979496      NaN    3.0    10 c    0   1.58 210.91688 54.30295  5679.97  7382.58 2.59 2.31  44.1 -0.410    19.52 21.42 02a60048o0341c  0.700000   False
60048.395386 19.816329      NaN    9.0    10 c    0   1.39 210.91688 54.30295  5700.00  7421.28 2.60 2.33  43.3 -0.410    19.55 21.42 02a60048o0345c  1.300000   False
60048.401280 20.207197      NaN   -6.0    10 c    0   1.33 210.91688 54.30295  5641.26  7344.85 2.65 2.34  41.5 -0.408    19.55 21.43 02a60048o0357c -0.200000   False
60048.436787 19.529530      NaN   19.0    11 c    0   1.29 210.91688 54.30295  5622.92  7464.23 2.60 2.30  36.8 -0.410    19.59 21.48 02a60048o0428c  2.090909    True
60050.476350 19.841877      NaN   -8.0    14 c    0   0.88 210.91688 54.30295  7496.54  9033.24 2.56 2.41  40.8 -0.420    19.44 21.13 02a60050o0512c -0.285714    True
60050.479980 19.401649      NaN    5.0    18 c    0   0.86 210.91688 54.30295  7477.00  8991.85 2.54 2.42  43.9 -0.415    19.18 20.81 02a60050o0520c  0.500000    8192
60050.515339 19.922338      NaN   -8.0    13 c    0   1.23 210.91688 54.30295  7531.75  9066.56 2.58 2.37  37.6 -0.410    19.51 21.22 02a60050o0595c -0.307692    True
60050.521155 19.569016      NaN   11.0    13 c    0   1.18 210.91688 54.30295  7549.84  8946.61 2.62 2.41  36.4 -0.410    19.50 21.21 02a60050o0607c  1.153846    True
60052.473293 19.791368      NaN    4.0    12 c    0   1.08 210.91688 54.30295  5209.46  4833.16 2.41 2.19  34.8 -0.405    19.31 20.97 02a60052o0517c  0.666667   False
60052.476484 19.631075      NaN   -6.0    17 c    0   1.08 210.91688 54.30295  5189.83  4793.58 2.52 2.21  29.4 -0.396    19.08 20.78 02a60052o0524c -0.117647   False
60052.509238 19.841877      NaN  -12.0    14 c    0   1.05 210.91688 54.30295  5249.98  4862.90 2.54 2.21  32.3 -0.401    19.45 21.04 02a60052o0592c -0.571429   False
60052.515613 19.922338      NaN  -22.0    13 c    0   1.01 210.91688 54.30295  5271.01  4744.55 2.56 2.21  33.7 -0.395    19.42 20.99 02a60052o0605c -1.384615    True
60056.426687 20.009244      NaN  -17.0    12 c    0   1.42 210.91688 54.30295  1319.04  5128.82 2.48 2.28  20.3 -0.422    19.44 21.06 02a60056o0426c -1.083333   False
60056.430308 19.631075      NaN  -18.0    17 c    0   0.78 210.91688 54.30295  1300.68  5088.49 2.60 2.46  11.9 -0.418    19.37 21.05 02a60056o0434c -0.823529   False
60056.465450 19.922338      NaN  -10.0    13 c    0   0.82 210.91688 54.30295  1353.01  5156.22 2.42 2.22  20.1 -0.426    19.49 21.06 02a60056o0509c -0.461538   False
60056.470537 19.791368      NaN   10.0    10 c    0   1.46 210.91688 54.30295  1374.91  5037.51 2.42 2.23  16.9 -0.423    19.47 21.04 02a60056o0520c  1.400000   False
60058.400358 19.569016      NaN    5.0    15 c    0   1.10 210.91688 54.30295  5920.51  9521.55 2.76 2.42  41.3 -0.397    19.41 21.02 02a60058o0368c  0.600000    True
60058.403081 19.766969      NaN   -7.0    15 c    0   1.07 210.91688 54.30295  5941.66  9558.59 2.73 2.41  37.3 -0.401    19.44 21.03 02a60058o0374c -0.200000   False
60058.406260 19.569016      NaN    5.0    15 c    0   1.13 210.91688 54.30295  5879.59  9483.16 2.79 2.42  42.0 -0.393    19.44 21.03 02a60058o0381c  0.600000   False
60058.412604 19.212347      NaN   32.0    13 c    0   0.85 210.91688 54.30295  5858.79  9602.72 2.73 2.41  39.1 -0.397    19.44 21.03 02a60058o0395c  2.769231   False
60076.451715 19.922338      NaN   -1.0    12 c    0   1.21 210.91688 54.30295  6740.94   946.75 2.33 2.17 -71.6 -0.423    19.51 21.04 02a60076o0241c  0.250000   False
60076.455118 19.922338      NaN   -9.0    13 c    0   0.83 210.91688 54.30295  6721.79   908.91 2.31 2.11 -75.1 -0.430    19.50 21.03 02a60076o0248c -0.384615   False
60076.458122 19.436675      NaN   15.0    14 c    0   0.67 210.91688 54.30295  6783.35   988.58 2.32 2.11 -72.5 -0.428    19.54 21.05 02a60076o0254c  1.357143   False
60076.463264 20.207197      NaN  -11.0    10 c    0   1.36 210.91688 54.30295  6803.00   866.63 2.30 2.12 -80.1 -0.429    19.48 21.02 02a60076o0264c -0.700000   False
60078.380061 19.510313      NaN   17.0    12 c    0   1.01 210.91688 54.30295  3248.97  4948.21 2.32 2.16  25.3 -0.414    19.63 21.30 02a60078o0314c  1.750000   False
60078.383226 19.454622      NaN   23.0    11 c    0   0.85 210.91688 54.30295  3229.67  4912.81 2.29 2.16  18.9 -0.423    19.62 21.30 02a60078o0321c  2.454545   False
60078.390093 20.103715      NaN   -4.0    11 c    0   1.46 210.91688 54.30295  3288.44  4988.10 2.29 2.15  24.6 -0.417    19.59 21.30 02a60078o0336c  0.000000   False
60078.401655 19.674510      NaN   12.0    11 c    0   1.19 210.91688 54.30295  3308.91  4869.70 2.34 2.16  23.5 -0.418    19.61 21.34 02a60078o0361c  1.454545   False