         MJD         m  dm    uJy  duJy   F  err  chi/N        RA      Dec        x        y  maj  min   phi  apfit  mag5sig   Sky            Obs  __tmp_SN     Mask
57396.587948 19.510313 NaN  -19.0  19.0   c  0.0   0.86 210.89924 54.31835  7737.04  2244.08 4.00 3.60   7.7 -0.428    19.59 21.57 02a57396o0607c -1.000000   524288
57396.598947 19.318728 NaN   17.0  17.0   c  0.0   1.25 210.89924 54.31835  7450.74  1671.03 4.10 3.60   5.0 -0.444    19.60 21.58 02a57396o0625c  1.000000   524288
57396.614233 18.878500 NaN  -61.0  34.0   c  0.0   1.15 210.89924 54.31835  8264.18  2815.19 3.80 3.60  19.8 -0.419    19.60 21.56 02a57396o0650c -1.794118   524288
57396.627717 18.550302 NaN  -20.0  46.0   c  0.0   0.82 210.89924 54.31835  8526.57  1053.84 4.33 3.66  11.0 -0.431    19.59 21.57 02a57396o0672c -0.434783   524288
57424.598946 19.318728 NaN   14.0  18.0   c  0.0   1.22 210.89924 54.31835  8235.49  1569.98 4.32 3.76  10.1 -0.440    19.70 21.79 02a57424o0633c  0.777778        0
57424.604067 19.183773 NaN   23.0  18.0   c  0.0   1.14 210.89924 54.31835  8499.40  2140.12 4.25 3.83  15.0 -0.423    19.68 21.79 02a57424o0641c  1.277778        0
57424.621336 19.696897 NaN  -27.0  16.0   c  0.0   1.02 210.89924 54.31835  7344.33  2757.54 4.02 3.71   9.6 -0.415    19.70 21.79 02a57424o0667c -1.687500   524288
57424.633626 19.589310 NaN    2.0  17.0   c  0.0   0.99 210.89924 54.31835  7267.30  2851.37 3.97 3.67  11.2 -0.418    19.70 21.79 02a57424o0685c  0.117647        0
57448.521048 19.197966 NaN   10.0  22.0   c  0.0   1.40 210.89924 54.31835  7902.18  1760.85 4.00 3.65  14.7 -0.450    19.26 20.81 02a57448o0458c  0.454545        0
57448.543577 19.002397 NaN   25.0  22.0   c  0.0   1.06 210.89924 54.31835  8194.08  2341.21 3.94 3.73  22.5 -0.440    19.21 20.77 02a57448o0497c  1.136364   524288
57448.565924 19.183773 NaN   11.0  22.0   c  0.0   0.98 210.89924 54.31835  7053.55  2963.23 4.38 3.91  -1.2 -0.388    19.09 20.75 02a57448o0536c  0.500000        0
57448.596475 19.401649 NaN  -29.0  21.0   c  0.0   1.25 210.89924 54.31835  3374.65  7834.83 3.87 3.61 -70.5 -0.422    19.20 20.80 02a57448o0592c -1.380952        0
57449.515332 19.351140 NaN  -18.0  22.0   c  0.0   0.87 210.89924 54.31835  8138.86  1711.52 4.05 3.63  15.2 -0.462    19.45 21.19 02a57449o0610c -0.818182        0
57449.538360 19.063754 NaN   23.0  21.0   c  0.0   0.91 210.89924 54.31835  8437.17  2289.42 3.82 3.59  29.9 -0.456    19.42 21.11 02a57449o0650c  1.095238        0
57449.558557 19.569016 NaN  -18.0  18.0   c  0.0   0.89 210.89924 54.31835  7296.90  2916.85 3.78 3.62  14.3 -0.427    19.39 21.07 02a57449o0688c -1.000000        0
57449.570520 19.510313 NaN   -6.0  19.0   c  0.0   1.14 210.89924 54.31835  7278.77  2856.18 3.76 3.57  17.5 -0.439    19.39 21.06 02a57449o0709c -0.315789        0
57458.509881 19.454622 NaN  -17.0  20.0   c  0.0   0.89 210.89924 54.31835  8221.37  1564.06 4.32 3.77  15.2 -0.446    19.65 21.70 02a57458o0606c -0.850000   524288
57458.513259 18.738855 NaN   53.0  21.0   c  0.0   0.86 210.89924 54.31835  8507.15  2132.87 4.21 3.90  23.3 -0.426    19.61 21.68 02a57458o0613c  2.523810     4096
57458.536888 19.631075 NaN  -33.0  17.0   c  0.0   1.02 210.89924 54.31835  7380.38  2758.31 4.12 3.83   1.9 -0.403    19.60 21.68 02a57458o0653c -1.941176  4195328
57458.567769 19.569016 NaN  -12.0  18.0   c  0.0   1.07 210.89924 54.31835  3370.95  7832.73 3.85 3.61 -73.1 -0.421    19.64 21.68 02a57458o0708c -0.666667   524288
57488.426551 19.334813 NaN    4.0  21.0   c  0.0   0.85 210.89924 54.31835  8353.69  1636.39 4.32 3.81  19.8 -0.478    19.60 21.59 02a57488o0373c  0.190476   524288
57488.444090 19.115465 NaN   28.0  18.0   c  0.0   1.07 210.89924 54.31835  8641.00  2192.88 4.18 3.80  29.1 -0.461    19.60 21.61 02a57488o0405c  1.555556        0
57488.465855 19.436675 NaN    4.0  19.0   c  0.0   1.06 210.89924 54.31835  7519.28  2839.61 4.06 3.72  15.3 -0.447    19.57 21.56 02a57488o0444c  0.210526   524288
57488.475297 19.631075 NaN  -40.0  17.0   c  0.0   1.18 210.89924 54.31835  3356.99  7824.40 3.99 3.61 -65.1 -0.439    19.55 21.54 02a57488o0460c -2.352941        0
57512.362600 19.510313 NaN  -29.0  19.0   c  0.0   1.25 210.89924 54.31835  9541.07  2703.36 4.66 4.15  38.0 -0.435    19.51 21.58 02a57512o0305c -1.526316        0
57512.371077 19.183773 NaN   11.0  22.0   c  0.0   0.97 210.89924 54.31835  9563.97  2739.66 4.57 4.08  39.3 -0.440    19.53 21.60 02a57512o0322c  0.500000   524288
57512.373986 19.454622 NaN  -28.0  20.0   c  0.0   0.92 210.89924 54.31835   357.65  2625.25 5.07 3.82 -34.2 -0.412    19.58 21.60 02a57512o0328c -1.400000   524288
57512.383392 19.318728 NaN   11.0  19.0   c  0.0   1.00 210.89924 54.31835   377.50  2662.42 5.11 3.92 -34.0 -0.413    19.54 21.60 02a57512o0347c  0.578947        0
57512.386899 19.510313 NaN   -8.0  19.0   c  0.0   1.03 210.89924 54.31835   999.60  7905.03 4.45 3.82 -58.4 -0.429    19.55 21.63 02a57512o0354c -0.421053   524288
57512.388945 19.454622 NaN  -28.0  20.0   c  0.0   1.05 210.89924 54.31835   311.63  2585.95 5.17 3.88 -31.5 -0.404    19.57 21.61 02a57512o0358c -1.400000   524288
57512.397027 19.510313 NaN  -14.0  19.0   c  0.0   1.01 210.89924 54.31835  1030.07  7785.80 4.38 3.76 -57.8 -0.429    19.55 21.60 02a57512o0374c -0.736842   524288
57512.407432 19.569016 NaN  -16.0  18.0   c  0.0   0.93 210.89924 54.31835 10220.47  7853.18 4.61 3.71  81.1 -0.426    19.54 21.62 02a57512o0395c -0.888889        0
57512.416849 19.454622 NaN  -28.0  20.0   c  0.0   0.84 210.89924 54.31835  3631.20  8659.10 4.14 3.80 -61.9 -0.410    19.52 21.58 02a57512o0414c -1.400000        0
57515.371866 19.256669 NaN    0.0  24.0   c  0.0   0.78 210.89924 54.31835  1973.83   511.26 5.35 3.74 -16.1 -0.483    19.58 21.68 02a57515o0321c  0.000000        0
57515.372987 19.089302 NaN    3.0  27.0   c  0.0   0.95 210.89924 54.31835  7371.27   255.67 5.30 3.91  10.2 -0.491    19.61 21.70 02a57515o0323c  0.111111   524288
57515.374441 18.990530 NaN   32.0  20.0   c  0.0   1.05 210.89924 54.31835  8541.09 10089.02 4.30 3.86  75.5 -0.415    19.60 21.66 02a57515o0326c  1.600000   524288
57515.383262 19.510313 NaN   -4.0  19.0   c  0.0   0.94 210.89924 54.31835  3119.70 10272.09 4.24 3.95 -48.3 -0.399    19.61 21.73 02a57515o0344c -0.210526        0
57515.385734 19.510313 NaN   -2.0  19.0   c  0.0   1.03 210.89924 54.31835  8469.53 10009.49 4.16 3.76  74.6 -0.422    19.61 21.65 02a57515o0348c -0.105263        0
57515.386824 19.212347 NaN   18.0  19.0   c  0.0   0.95 210.89924 54.31835  3171.77 10356.58 4.28 3.97 -54.2 -0.401    19.61 21.70 02a57515o0350c  0.947368        0
57515.400161 19.510313 NaN  -14.0  19.0   c  0.0   1.02 210.89924 54.31835  3206.26 10236.36 4.17 3.92 -48.3 -0.390    19.61 21.69 02a57515o0376c -0.736842   524288
57515.402098 19.302877 NaN  -15.0  23.0   c  0.0   0.96 210.89924 54.31835  2055.52   437.07 5.16 3.65 -15.9 -0.485    19.58 21.64 02a57515o0380c -0.652174   524288
57515.409082 19.256669 NaN   -9.0  24.0   c  0.0   0.79 210.89924 54.31835  2006.79   499.72 5.24 3.65 -14.9 -0.479    19.58 21.61 02a57515o0393c -0.375000        0
57515.410533 19.226921 NaN   20.0  18.0   c  0.0   1.09 210.89924 54.31835  3165.33 10300.04 4.12 3.91 -42.4 -0.391    19.61 21.65 02a57515o0396c  1.111111        0
57545.329395 19.026525 NaN   32.0  19.0   c  0.0   1.08 210.89924 54.31835  1134.61  8163.58 4.40 3.94 -56.1 -0.415    19.59 21.73 02a57545o0190c  1.684211        0
57545.338129 18.757738 NaN   51.0  21.0   c  0.0   1.00 210.89924 54.31835  1121.72  8126.24 4.40 3.93 -61.1 -0.432    19.58 21.75 02a57545o0208c  2.428571   524288
57545.345896 19.510313 NaN  -13.0  19.0   c  0.0   0.97 210.89924 54.31835 10332.86  8247.23 4.55 3.64  80.2 -0.430    19.64 21.77 02a57545o0224c -0.684211        0
57545.355107 19.367717 NaN   17.0  16.0   c  0.0   1.38 210.89924 54.31835  1180.15  8202.05 4.15 3.77 -57.0 -0.430    19.62 21.73 02a57545o0243c  1.062500  4194560
57545.356559 19.367717 NaN    5.0  20.0   c  0.0   0.88 210.89924 54.31835 10320.97  8209.55 4.65 3.62  82.6 -0.426    19.64 21.79 02a57545o0246c  0.250000        0
57545.358980 19.183773 NaN   20.0  19.0   c  0.0   0.89 210.89924 54.31835 10378.03  8291.59 4.64 3.65  81.3 -0.434    19.64 21.79 02a57545o0251c  1.052632   524288
57545.361400 18.878500 NaN   42.0  20.0   c  0.0   0.94 210.89924 54.31835  1193.07  8084.77 4.39 3.92 -58.1 -0.425    19.56 21.74 02a57545o0256c  2.100000        0
57545.371093 19.419021 NaN    2.0  20.0   c  0.0   1.08 210.89924 54.31835  1160.42  8145.44 4.36 3.89 -56.8 -0.427    19.46 21.59 02a57545o0276c  0.100000   524288
57545.380784 18.729535 NaN   57.0  20.0   c  0.0   1.19 210.89924 54.31835 10390.68  8178.92 4.68 3.68  80.3 -0.420    19.41 21.51 02a57545o0296c  2.850000        0
57545.390661 19.454622 NaN   -7.0  20.0   c  0.0   1.12 210.89924 54.31835 10353.13  8238.75 4.89 3.82  79.3 -0.420    19.52 21.66 02a57545o0315c -0.350000        0
57549.332077 19.510313 NaN   -7.0  19.0   c  0.0   1.25 210.89924 54.31835  2422.45  9689.23 4.08 3.84 -55.0 -0.424    19.44 21.31 02a57549o0078c -0.368421        0
57549.342782 19.226921 NaN   14.0  20.0   c  0.0   1.26 210.89924 54.31835  2412.29  9649.45 4.17 3.87 -53.7 -0.416    19.44 21.33 02a57549o0100c  0.700000        0
57549.359807 18.978793 NaN   30.0  21.0   c  0.0   0.86 210.89924 54.31835  2468.63  9724.87 4.12 3.83 -48.3 -0.419    19.46 21.36 02a57549o0135c  1.428571   524288
57549.367069 19.256669 NaN   -5.0  24.0   c  0.0   0.84 210.89924 54.31835  2481.28  9608.06 4.12 3.84 -53.6 -0.423    19.47 21.39 02a57549o0150c -0.208333  4194560
57549.375839 18.878500 NaN   42.0  20.0   c  0.0   1.13 210.89924 54.31835  2449.83  9671.78 4.25 3.90 -49.2 -0.416    19.49 21.47 02a57549o0168c  2.100000        0
57581.293250 19.302877 NaN  -25.0  23.0   c  0.0   1.28 210.89924 54.31835  3752.50  6926.29 4.17 3.83 -77.1 -0.443    19.01 20.64 02a57581o0088c -1.086957   524288
57581.304631 18.889197 NaN   17.0  28.0   c  0.0   0.91 210.89924 54.31835  3739.91  6884.93 4.12 3.85 -62.2 -0.443    19.01 20.65 02a57581o0111c  0.607143        0
57581.321240 18.816441 NaN   33.0  25.0   c  0.0   1.05 210.89924 54.31835  3795.31  6959.44 3.97 3.69 -62.9 -0.451    19.00 20.58 02a57581o0145c  1.320000        0
57581.328019 18.847027 NaN   24.0  27.0   c  0.0   0.99 210.89924 54.31835  3807.68  6842.06 3.92 3.63 -72.2 -0.454    19.00 20.57 02a57581o0159c  0.888889        0
57581.338880 18.738855 NaN   38.0  26.0   c  0.0   0.97 210.89924 54.31835  3774.93  6901.04 3.99 3.68 -66.0 -0.453    18.93 20.48 02a57581o0181c  1.461538        0
57605.257770 18.847027 NaN  -72.0  35.0   c  0.0   1.23 210.89924 54.31835  4015.78  7001.07 4.26 3.91  41.4 -0.371    18.85 21.71 02a57605o0052c -2.057143  4194560
57605.266058 18.757738 NaN  -55.0  38.0   c  0.0   0.90 210.89924 54.31835  3992.85  6960.50 4.44 4.23  41.7 -0.399    18.84 21.70 02a57605o0066c -1.447368   532480
57605.277177 18.343209 NaN   26.0  47.0   c  0.0   0.77 210.89924 54.31835  4049.05  7033.98 5.25 5.14  64.4 -0.324    18.70 21.72 02a57605o0085c  0.553191  4194560
57605.290850 19.256669 NaN  -45.0  24.0   c  0.0   1.04 210.89924 54.31835  4072.71  6917.90 4.92 4.71 -64.7 -0.356    19.19 21.41 02a57605o0109c -1.875000  4194560
57605.303123 19.384550 NaN    7.0  19.0   c  0.0   1.00 210.89924 54.31835  4027.41  6973.72 4.12 3.93 -60.2 -0.388    19.35 21.41 02a57605o0133c  0.368421   532480
57609.251150 18.990530 NaN   11.0  27.0   c  0.0   1.05 210.89924 54.31835  1310.49 10134.30 4.18 3.79 -54.7 -0.424    19.04 20.57 02a57609o0045c  0.407407        0
57609.257024       NaN NaN    NaN   NaN NaN  NaN    NaN       NaN      NaN      NaN      NaN  NaN  NaN   NaN    NaN      NaN   NaN            NaN       NaN  4196352
57609.260345 19.169763 NaN  -19.0  26.0   c  0.0   1.09 210.89924 54.31835  1286.70 10092.77 4.25 3.89 -54.0 -0.430    19.15 20.84 02a57609o0061c -0.730769        0
57609.274446 19.302877 NaN   -5.0  23.0   c  0.0   1.22 210.89924 54.31835  1341.83 10168.58 4.24 4.00 -55.0 -0.431    19.15 20.86 02a57609o0086c -0.217391        0
57609.275582 15.836727 NaN -119.0 560.0   c  0.0   0.01 210.89924 54.31835 10520.06 10216.35 5.08 4.04  81.4 -0.382    19.23 20.97 02a57609o0088c -0.212500  4194562
57609.283416 18.693037 NaN   40.0  27.0   c  0.0   1.28 210.89924 54.31835  1353.72 10045.70 4.35 3.86 -54.8 -0.413    19.11 20.83 02a57609o0102c  1.481481        0
57609.293767 19.038793 NaN    7.0  27.0   c  0.0   1.12 210.89924 54.31835  1317.48 10109.98 4.49 3.95 -54.0 -0.404    19.06 20.79 02a57609o0120c  0.259259        0
57746.613969 19.334813 NaN   13.0  18.0   c  0.0   0.85 210.89924 54.31835  9601.98  2366.38 4.06 3.82  81.9 -0.422    19.61 21.65 02a57746o0819c  0.722222        0
57746.625461 19.183773 NaN   26.0  17.0   c  0.0   1.33 210.89924 54.31835  9612.36  2406.00 4.08 3.83  80.8 -0.420    19.61 21.63 02a57746o0841c  1.529412        0
57746.627011 19.631075 NaN   -1.0  17.0   c  0.0   1.03 210.89924 54.31835   406.08  2295.43 4.23 4.16 -88.3 -0.368    19.54 21.57 02a57746o0844c -0.058824   524288
57746.636855 19.510313 NaN   -2.0  19.0   c  0.0   0.88 210.89924 54.31835  9556.84  2333.10 4.24 4.02  81.0 -0.403    19.60 21.66 02a57746o0863c -0.105263   524288
57746.638445 19.510313 NaN    6.0  17.0   c  0.0   1.13 210.89924 54.31835   418.70  2335.62 4.28 4.21  86.1 -0.364    19.56 21.60 02a57746o0866c  0.352941   524288
57746.648259 19.652575 NaN    2.0  16.0   c  0.0   1.29 210.89924 54.31835  9542.83  2451.26 4.17 3.92  78.8 -0.407    19.60 21.66 02a57746o0885c  0.125000   524288
57746.650355 19.472870 NaN    5.0  18.0   c  0.0   1.00 210.89924 54.31835   359.94  2253.24 4.15 4.02  85.8 -0.380    19.60 21.59 02a57746o0889c  0.277778   524288
57746.659628 19.241693 NaN   16.0  19.0   c  0.0   1.16 210.89924 54.31835  9578.97  2393.00 4.06 3.80  79.6 -0.417    19.52 21.38 02a57746o0907c  0.842105        0
57746.661195 19.569016 NaN    0.0  18.0   c  0.0   1.25 210.89924 54.31835   348.94  2389.76 4.09 3.96  84.3 -0.381    19.40 21.16 02a57746o0910c  0.000000   524288
57746.669931 18.438271 NaN   27.0  42.0   c  0.0   1.05 210.89924 54.31835   382.24  2314.16 4.32 4.15  80.2 -0.358    18.45 19.40 02a57746o0927c  0.642857        0
57778.570698 19.569016 NaN  -26.0  18.0   c  0.0   0.90 210.89924 54.31835  9092.88 10190.10 4.12 3.71 -88.1 -0.431    19.77 21.82 02a57778o0568c -1.444444   524288
57778.576629 19.241693 NaN    7.0  22.0   c  0.0   0.90 210.89924 54.31835  7868.57   388.93 4.00 3.78  15.0 -0.455    19.75 21.80 02a57778o0578c  0.318182   524288
57778.584061 19.569016 NaN   -4.0  18.0   c  0.0   1.04 210.89924 54.31835  9106.24 10231.56 4.08 3.68 -88.1 -0.432    19.77 21.81 02a57778o0592c -0.222222        0
57778.589437 19.454622 NaN  -21.0  20.0   c  0.0   0.83 210.89924 54.31835  7880.84   429.83 3.94 3.77  17.9 -0.452    19.77 21.82 02a57778o0602c -1.050000   524288
57778.596885 19.401649 NaN   -9.0  21.0   c  0.0   0.79 210.89924 54.31835  9048.89 10157.53 4.09 3.73  89.5 -0.433    19.78 21.83 02a57778o0616c -0.428571        0
57778.602290 19.401649 NaN    3.0  20.0   c  0.0   1.01 210.89924 54.31835  7838.33   354.46 3.95 3.73  14.9 -0.453    19.79 21.85 02a57778o0626c  0.150000   524288
57778.609876 19.569016 NaN    3.0  17.0   c  0.0   1.23 210.89924 54.31835  9026.77 10278.69 4.04 3.68 -88.5 -0.432    19.80 21.86 02a57778o0640c  0.176471   524288
57778.615190 19.212347 NaN   21.0  18.0   c  0.0   0.97 210.89924 54.31835  7817.76   478.14 3.84 3.67  17.4 -0.453    19.81 21.88 02a57778o0650c  1.166667        0
57778.622705 19.318728 NaN   17.0  17.0   c  0.0   0.83 210.89924 54.31835  9072.25 10219.19 3.98 3.63 -89.0 -0.436    19.82 21.89 02a57778o0664c  1.000000        0
57778.628048 19.454622 NaN  -21.0  20.0   c  0.0   1.09 210.89924 54.31835  7851.87   419.05 3.99 3.81  15.1 -0.447    19.77 21.86 02a57778o0674c -1.050000   524288
57782.565439 19.696897 NaN   -2.0  16.0   c  0.0   1.08 210.89924 54.31835  8304.39  1388.90 3.86 3.76  84.2 -0.417    19.82 21.96 02a57782o0717c -0.125000        0
57782.579866 19.510313 NaN  -16.0  19.0   c  0.0   0.73 210.89924 54.31835  8326.34  1428.82 3.89 3.75 -88.4 -0.409    19.84 21.99 02a57782o0743c -0.842105        0
57782.593858 19.696897 NaN  -34.0  16.0   c  0.0   0.92 210.89924 54.31835  8270.03  1355.76 3.81 3.67  86.8 -0.414    19.88 22.03 02a57782o0769c -2.125000        0
57782.607900 19.401649 NaN   12.0  17.0   c  0.0   1.10 210.89924 54.31835  8247.08  1479.35 3.93 3.77  83.5 -0.405    19.81 21.96 02a57782o0795c  0.705882  4194560
57782.621826 19.631075 NaN   -8.0  17.0   c  0.0   0.97 210.89924 54.31835  8295.59  1421.23 3.86 3.71  85.7 -0.415    19.84 21.99 02a57782o0821c -0.470588        0
57786.563706 19.569016 NaN  -19.0  18.0   c  0.0   0.94 210.89924 54.31835  9320.00  9909.82 3.91 3.51 -86.1 -0.427    19.80 21.89 02a57786o0507c -1.055556   524288
57786.566299 19.002397 NaN   28.0  21.0   c  0.0   0.83 210.89924 54.31835  8077.44   109.89 3.90 3.68  12.5 -0.447    19.82 21.92 02a57786o0512c  1.333333        0
57786.576403 19.241693 NaN   22.0  17.0   c  0.0   0.98 210.89924 54.31835  9331.17  9950.11 3.97 3.59 -88.6 -0.419    19.82 21.94 02a57786o0531c  1.294118   524288
57786.579012 19.401649 NaN  -25.0  21.0   c  0.0   1.00 210.89924 54.31835  8089.71   150.44 3.88 3.68  16.9 -0.448    19.85 21.96 02a57786o0536c -1.190476        0
57786.589214 19.631075 NaN  -26.0  17.0   c  0.0   1.10 210.89924 54.31835  9273.02  9874.66 3.94 3.57 -90.0 -0.430    19.83 21.94 02a57786o0555c -1.529412   524288
57786.591848 19.256669 NaN   12.0  20.0   c  0.0   1.15 210.89924 54.31835  8034.00    74.72 3.91 3.71  15.2 -0.450    19.68 21.79 02a57786o0560c  0.600000   524288
57786.602149 18.978793 NaN   15.0  26.0   c  0.0   0.94 210.89924 54.31835  9250.28  9996.35 3.98 3.64  85.5 -0.433    19.48 21.55 02a57786o0579c  0.576923        0
57786.604786 19.302877 NaN   -8.0  23.0   c  0.0   0.92 210.89924 54.31835  8022.66   195.89 3.88 3.76  18.5 -0.442    19.84 21.98 02a57786o0584c -0.347826   524288
57786.615038 19.212347 NaN   21.0  18.0   c  0.0   0.98 210.89924 54.31835  9295.23  9937.64 3.95 3.59  86.1 -0.426    19.78 21.88 02a57786o0603c  1.166667   524288
57786.617646 19.197966 NaN   19.0  19.0   c  0.0   0.99 210.89924 54.31835  8057.04   139.32 3.90 3.74  24.3 -0.449    19.84 21.99 02a57786o0608c  1.000000        0
57806.543426 19.569016 NaN  -15.0  18.0   c  0.0   1.02 210.89924 54.31835  9179.94  1292.47 3.85 3.71  59.6 -0.446    19.76 21.82 02a57806o0606c -0.833333        0
57806.546470 19.510313 NaN   -3.0  19.0   c  0.0   0.95 210.89924 54.31835  9206.21  1329.62 3.98 3.84  54.9 -0.429    19.74 21.83 02a57806o0612c -0.157895   524288
57806.563479 19.569016 NaN  -18.0  18.0   c  0.0   0.99 210.89924 54.31835  9148.76  1256.88 4.05 3.88  52.0 -0.427    19.76 21.89 02a57806o0643c -1.000000        0
57806.577726 19.063754 NaN   32.0  18.0   c  0.0   1.23 210.89924 54.31835  9128.39  1376.04 3.91 3.72  64.9 -0.441    19.76 21.84 02a57806o0669c  1.777778   524288
57806.591596 19.454622 NaN   -1.0  20.0   c  0.0   0.93 210.89924 54.31835  9178.46  1315.33 3.91 3.71  60.6 -0.439    19.72 21.75 02a57806o0695c -0.050000        0
57834.492888 19.766969 NaN   -6.0  15.0   c  0.0   1.30 210.89924 54.31835  8080.69  3360.66 3.99 3.71  87.7 -0.381    19.07 21.15 02a57834o0443c -0.400000        0
57834.503330 19.183773 NaN   14.0  21.0   c  0.0   1.03 210.89924 54.31835  2401.86  7050.58 3.82 3.69  44.5 -0.427    19.11 21.19 02a57834o0463c  0.666667        0
57834.527024 19.302877 NaN  -16.0  23.0   c  0.0   0.85 210.89924 54.31835  2449.17  7126.59 3.81 3.67  46.1 -0.424    19.04 21.02 02a57834o0506c -0.695652   524288
57834.542612 19.302877 NaN  -21.0  23.0   c  0.0   0.89 210.89924 54.31835  2468.36  7011.45 4.01 3.88  51.7 -0.408    18.92 20.83 02a57834o0535c -0.913043        0
57834.554663 19.302877 NaN   -6.0  23.0   c  0.0   0.89 210.89924 54.31835  2423.27  7072.84 4.05 3.88  49.5 -0.393    18.86 20.73 02a57834o0557c -0.260870        0
57838.492206 19.401649 NaN  -16.0  21.0   c  0.0   1.06 210.89924 54.31835   143.00   600.51 4.43 4.38 -73.3 -0.377    19.01 21.19 02a57838o0454c -0.761905   524288
57838.492735 19.351140 NaN  -22.0  22.0   c  0.0   1.06 210.89924 54.31835  1504.84 10409.44 4.33 4.18  26.0 -0.383    19.04 21.20 02a57838o0455c -1.000000   524288
57838.494486 18.847027 NaN   30.0  25.0   c  0.0   0.77 210.89924 54.31835  9006.35    79.36 4.02 3.88  39.1 -0.447    19.06 21.21 02a57838o0458c  1.200000   524288
57838.495005 19.454622 NaN  -12.0  20.0   c  0.0   1.07 210.89924 54.31835 10370.03  9891.62 4.46 4.08  80.9 -0.413    19.01 21.18 02a57838o0459c -0.600000  4194560
57838.505700 19.076453 NaN   22.0  21.0   c  0.0   0.97 210.89924 54.31835 10298.57  9816.42 4.42 4.10  82.0 -0.402    19.02 21.17 02a57838o0479c  1.047619   524288
57838.524714 19.454622 NaN   -8.0  20.0   c  0.0   0.97 210.89924 54.31835   201.56   517.33 4.25 4.18 -14.6 -0.374    19.03 21.14 02a57838o0515c -0.400000   524288
57838.528687 18.889197 NaN   35.0  22.0   c  0.0   1.29 210.89924 54.31835  1553.76 10324.45 4.13 3.95  18.5 -0.401    19.04 21.15 02a57838o0522c  1.590909  4194560
57838.541835 19.102305 NaN   14.0  23.0   c  0.0   0.89 210.89924 54.31835  1525.96 10386.98 4.23 3.75   9.1 -0.384    19.03 21.12 02a57838o0547c  0.608696   524288
57838.542881 19.454622 NaN  -14.0  20.0   c  0.0   0.93 210.89924 54.31835   168.10   572.88 4.09 3.98 -87.9 -0.398    19.06 21.09 02a57838o0549c -0.700000        0
57842.515338 19.256669 NaN  -11.0  24.0   c  0.0   0.82 210.89924 54.31835  3848.79  6738.00 4.04 3.91  55.2 -0.397    18.98 21.04 02a57842o0427c -0.458333   524288
57842.526432 19.212347 NaN    6.0  23.0   c  0.0   0.88 210.89924 54.31835  3891.95  6813.68 4.26 4.09  67.1 -0.387    18.93 21.04 02a57842o0448c  0.260870        0
57842.544005 19.226921 NaN   11.0  21.0   c  0.0   1.02 210.89924 54.31835  3913.03  6693.45 4.12 3.96  75.6 -0.378    18.94 20.97 02a57842o0481c  0.523810        0
57862.478560 19.454622 NaN   -9.0  20.0   c  0.0   1.04 210.89924 54.31835  3541.16  6969.71 3.82 3.70  86.0 -0.396    18.84 20.47 02a57862o0525c -0.450000        0
57862.500554 19.351140 NaN   -8.0  22.0   c  0.0   1.12 210.89924 54.31835  3518.25  6929.75 3.78 3.66  86.7 -0.403    18.76 20.25 02a57862o0570c -0.363636        0
57862.510937 19.089302 NaN   12.0  24.0   c  0.0   0.79 210.89924 54.31835  3575.10  7005.45 3.72 3.61  84.9 -0.412    18.74 20.17 02a57862o0591c  0.500000   524288
57862.522570 19.115465 NaN   13.0  23.0   c  0.0   1.05 210.89924 54.31835  3599.06  6887.01 3.74 3.65  72.1 -0.402    18.68 20.07 02a57862o0615c  0.565217        0
57862.530436 19.115465 NaN   16.0  22.0   c  0.0   1.08 210.89924 54.31835  3565.97  6945.91 3.69 3.59  76.2 -0.414    18.67 20.02 02a57862o0631c  0.727273   524288
57870.492158 19.719755 NaN   11.0  12.0   c  0.0   1.26 210.89924 54.31835  1913.62  8613.43 2.43 2.28   7.6 -0.466    19.53 20.68 02a57870o0440c  0.916667        0
57870.509600 19.950541 NaN    8.0  10.0   c  0.0   1.49 210.89924 54.31835  1890.45  8575.48 2.45 2.28   5.7 -0.462    19.48 20.63 02a57870o0473c  0.800000        0
57870.517991 19.696897 NaN   12.0  12.0   c  0.0   1.36 210.89924 54.31835  1945.70  8647.48 2.46 2.31   7.0 -0.468    19.46 20.60 02a57870o0489c  1.000000        0
57870.530201 19.674510 NaN   19.0  10.0   c  0.0   1.42 210.89924 54.31835  1971.38  8529.96 2.48 2.35   1.3 -0.461    19.42 20.58 02a57870o0512c  1.900000        0
57870.541671 19.302877 NaN   33.0  12.0   c  0.0   1.18 210.89924 54.31835  1938.62  8587.65 2.47 2.35   0.6 -0.466    19.42 20.55 02a57870o0534c  2.750000        0
57894.386745 20.103715 NaN  -10.0  11.0   c  0.0   1.50 210.89924 54.31835  1336.81  9787.88 2.54 2.33 -11.5 -0.463    19.65 21.54 02a57894o0292c -0.909091        0
57894.416893 19.454622 NaN   27.0  11.0   c  0.0   1.19 210.89924 54.31835  1313.74  9747.13 2.60 2.35 -13.9 -0.467    19.81 21.74 02a57894o0349c  2.454545   524288
57894.419529 20.103715 NaN   -9.0  11.0   c  0.0   0.98 210.89924 54.31835  1371.19  9819.42 2.58 2.37  -6.4 -0.466    19.78 21.70 02a57894o0354c -0.818182        0
57894.441778 19.241693 NaN   28.0  15.0   c  0.0   0.67 210.89924 54.31835  1385.67  9699.55 2.54 2.29  -7.5 -0.473    19.68 21.53 02a57894o0396c  1.866667  4194560
57894.453543 19.922338 NaN   -1.0  13.0   c  0.0   1.03 210.89924 54.31835  1350.61  9758.71 2.53 2.30  -4.4 -0.473    19.49 21.27 02a57894o0418c -0.076923   524288
57898.389114 20.207197 NaN   -5.0  10.0   c  0.0   1.51 210.89924 54.31835  1871.88  8738.25 2.66 2.37  -5.3 -0.481    19.73 21.69 02a57898o0138c -0.500000        0
57898.398663 20.321591 NaN    0.0   9.0   c  0.0   1.43 210.89924 54.31835  1848.25  8698.26 2.48 2.29  -1.0 -0.503    19.78 21.72 02a57898o0156c  0.000000        0
57898.417223 20.071303 NaN    1.0  11.0   c  0.0   1.46 210.89924 54.31835  1903.74  8772.11 2.59 2.34 -12.0 -0.486    19.75 21.68 02a57898o0191c  0.090909        0
57898.437402 20.009244 NaN   -7.0  12.0   c  0.0   1.11 210.89924 54.31835  1929.66  8651.38 2.46 2.25   1.9 -0.503    19.75 21.62 02a57898o0229c -0.583333        0
57898.446924 19.922338 NaN  -16.0  13.0   c  0.0   1.04 210.89924 54.31835  1895.65  8708.85 2.67 2.48   1.5 -0.486    19.69 21.60 02a57898o0247c -1.230769        0
57902.386132 20.321591 NaN   -1.0   9.0   c  0.0   1.41 210.89924 54.31835  4394.82  7549.22 2.52 2.42  -3.5 -0.451    19.81 21.63 02a57902o0297c -0.111111        0
57902.397408 20.009244 NaN  -15.0  12.0   c  0.0   0.85 210.89924 54.31835  4384.30  7509.31 2.57 2.47  -9.0 -0.461    19.77 21.60 02a57902o0319c -1.250000        0
57902.399963 19.979496 NaN    4.0  11.0   c  0.0   1.24 210.89924 54.31835  4431.19  7587.30 2.59 2.45  -2.6 -0.450    19.78 21.58 02a57902o0324c  0.363636   524288
57902.422768 19.472870 NaN   20.0  13.0   c  0.0   0.84 210.89924 54.31835  4455.44  7468.24 2.56 2.45  -0.1 -0.464    19.79 21.63 02a57902o0368c  1.538462        0
57902.433611 20.103715 NaN  -20.0  11.0   c  0.0   1.22 210.89924 54.31835  4420.31  7525.03 2.61 2.52  -1.7 -0.455    19.67 21.49 02a57902o0389c -1.818182   524288
58020.235926 19.719755 NaN    8.0  13.0   c  0.0   1.21 210.89924 54.31835  3560.45  3785.82 2.41 2.31 -78.1 -0.409    19.28 20.64 02a58020o0006c  0.615385 12583168
58194.569176 20.321591 NaN   -7.0   9.0   c  0.0   1.65 210.89924 54.31835  2281.16  8902.27 2.55 2.35  22.2 -0.453    19.73 21.58 02a58194o0731c -0.777778        0
58194.580281 20.207197 NaN   -8.0  10.0   c  0.0   1.02 210.89924 54.31835  2256.92  8863.92 2.56 2.31  25.0 -0.453    19.75 21.58 02a58194o0749c -0.800000        0
58194.590959 20.009244 NaN   -4.0  12.0   c  0.0   1.04 210.89924 54.31835  2306.76  8936.14 2.63 2.46  14.7 -0.444    19.72 21.58 02a58194o0768c -0.333333        0
58194.602403 20.009244 NaN  -12.0  12.0   c  0.0   1.05 210.89924 54.31835  2316.61  8817.18 2.42 2.21  17.2 -0.466    19.75 21.57 02a58194o0786c -1.000000        0
58196.529228 18.323878 NaN   26.0  48.0   c  0.0   0.84 210.89924 54.31835  4976.98  3719.50 2.58 2.44  19.5 -0.397    17.79 19.73 02a58196o0652c  0.541667   524288
58196.535461 20.207197 NaN   -6.0  10.0   c  0.0   1.26 210.89924 54.31835  4945.66  3683.51 2.45 2.31  46.1 -0.411    19.80 21.89 02a58196o0663c -0.600000        0
58196.543979 17.782105 NaN   22.0  86.0   c  0.0   1.40 210.89924 54.31835  5001.55  3758.73 2.45 2.34  37.7 -0.438    16.95 18.82 02a58196o0680c  0.255814        0
58251.578978 20.207197 NaN   -1.0  10.0   c  0.0   1.61 210.89924 54.31835  4145.45  3798.00 2.73 2.54 -52.8 -0.387    19.50 21.34 02a58251o0733c -0.100000        0
58251.587115 19.589310 NaN   17.0  12.0   c  0.0   0.76 210.89924 54.31835  4144.72  3802.00 2.83 2.62 -51.2 -0.378    19.45 21.26 02a58251o0749c  1.416667   524288
58251.594640 19.816329 NaN    4.0  13.0   c  0.0   0.91 210.89924 54.31835  4133.16  3805.59 2.69 2.55 -50.3 -0.388    19.43 21.20 02a58251o0764c  0.307692   524288
58251.602316 19.472870 NaN   17.0  14.0   c  0.0   1.34 210.89924 54.31835  4143.16  3808.33 3.00 2.79 -53.3 -0.380    19.28 21.09 02a58251o0779c  1.214286   524288
58252.572007 20.103715 NaN   -1.0  11.0   c  0.0   1.39 210.89924 54.31835  4144.92  3794.12 2.58 2.45 -49.8 -0.394    19.44 21.13 02a58252o0684c -0.090909        0
58252.582264 19.226921 NaN   35.0  13.0   c  0.0   0.89 210.89924 54.31835  4143.94  3799.37 2.51 2.40 -48.5 -0.402    19.46 21.08 02a58252o0703c  2.692308   524288
58252.589663 19.589310 NaN   14.0  13.0   c  0.0   1.36 210.89924 54.31835  4132.19  3802.67 2.54 2.45 -46.7 -0.398    19.40 21.05 02a58252o0718c  1.076923        0
58252.598499 19.841877 NaN   -3.0  14.0   c  0.0   0.83 210.89924 54.31835  4143.31  3805.72 2.49 2.40 -52.9 -0.398    19.37 20.99 02a58252o0735c -0.214286        0
58256.417856 19.014394 NaN   -5.0  30.0   c  0.0   0.19 210.89924 54.31835  3214.82  5391.01 2.37 2.34 -16.0 -0.425    19.82 21.77 02a58256o0256c -0.166667        0
58256.432475 19.696897 NaN   18.0  10.0   c  0.0   1.39 210.89924 54.31835  3192.81  5350.54 2.41 2.41  16.8 -0.424    19.76 21.79 02a58256o0287c  1.800000  4194560
58256.449876 20.103715 NaN   -4.0  11.0   c  0.0   0.84 210.89924 54.31835  3248.87  5426.65 2.34 2.31  10.8 -0.431    19.80 21.75 02a58256o0324c -0.363636        0
58256.458792 20.207197 NaN   -6.0  10.0   c  0.0   0.98 210.89924 54.31835  3272.78  5307.52 2.38 2.30  39.5 -0.425    19.79 21.74 02a58256o0343c -0.600000   524288
58280.393689 20.207197 NaN   -3.0  10.0   c  0.0   1.14 210.89924 54.31835  5378.34  4911.80 2.45 2.41 -68.9 -0.419    19.75 21.71 02a58280o0323c -0.300000        0
58280.407270 19.841877 NaN   12.0  10.0   c  0.0   1.68 210.89924 54.31835  5368.04  4875.69 2.53 2.51  53.8 -0.412    19.67 21.62 02a58280o0352c  1.200000        0
58280.414598 19.922338 NaN  -15.0  13.0   c  0.0   1.16 210.89924 54.31835  5423.38  4949.49 2.44 2.41  53.8 -0.422    19.45 21.31 02a58280o0368c -1.153846        0
58280.424534 20.321591 NaN  -11.0   9.0   c  0.0   1.18 210.89924 54.31835  5434.53  4837.15 2.42 2.38  53.3 -0.418    19.72 21.59 02a58280o0389c -1.222222        0
58284.387122 20.103715 NaN  -17.0  11.0   c  0.0   1.22 210.89924 54.31835  2851.94  5662.27 2.36 2.30   0.5 -0.420    19.59 21.41 02a58284o0307c -1.545455        0
58284.391741 19.979496 NaN   10.0   9.0   c  0.0   1.52 210.89924 54.31835  2826.39  5623.72 2.35 2.29   3.8 -0.422    19.62 21.46 02a58284o0317c  1.111111        0
58284.403480 20.103715 NaN  -10.0  11.0   c  0.0   1.52 210.89924 54.31835  2884.89  5701.24 2.40 2.34  20.3 -0.428    19.67 21.53 02a58284o0342c -0.909091        0
58284.411716 20.207197 NaN  -14.0  10.0   c  0.0   1.35 210.89924 54.31835  2906.21  5580.66 2.44 2.38  21.6 -0.431    19.70 21.54 02a58284o0360c -1.400000        0
58308.365311 19.696897 NaN   18.0  10.0   c  0.0   1.03 210.89924 54.31835  5589.97  3932.05 2.75 2.47 -51.1 -0.410    19.67 21.59 02a58308o0015c  1.800000  4194560
58308.374538 20.207197 NaN   -3.0  10.0   c  0.0   1.10 210.89924 54.31835  5611.39  3813.56 2.67 2.48 -51.9 -0.409    19.64 21.54 02a58308o0035c -0.300000     8192
58312.333401 20.103715 NaN    3.0  10.0   c  0.0   0.91 210.89924 54.31835  5140.99  3970.76 2.52 2.35 -53.7 -0.416    19.75 21.63 02a58312o0193c  0.300000        0
58312.339561 19.922338 NaN    9.0  10.0   c  0.0   1.45 210.89924 54.31835  5115.80  3930.41 2.69 2.43 -54.6 -0.407    19.71 21.63 02a58312o0206c  0.900000        0
58312.349040 20.103715 NaN   -8.0  11.0   c  0.0   1.06 210.89924 54.31835  5173.15  4007.09 2.58 2.48 -50.7 -0.410    19.67 21.61 02a58312o0226c -0.727273        0
58312.361108 19.894850 NaN   10.0  10.0   c  0.0   1.69 210.89924 54.31835  5195.36  3889.68 2.53 2.47 -49.9 -0.409    19.68 21.58 02a58312o0252c  1.000000        0
58316.328042 19.841877 NaN  -16.0  14.0   c  0.0   1.18 210.89924 54.31835  3280.54  3450.69 3.09 2.96 -61.7 -0.381    19.36 21.19 02a58316o0183c -1.142857   524288
58316.337992 19.868040 NaN    2.0  13.0   c  0.0   0.85 210.89924 54.31835  3269.54  3409.65 3.05 3.00  68.9 -0.365    19.34 21.27 02a58316o0204c  0.153846   524288
58316.346903 19.334813 NaN   25.0  14.0   c  0.0   0.86 210.89924 54.31835  3325.09  3485.08 2.82 2.80  34.7 -0.378    19.44 21.34 02a58316o0223c  1.785714        0
58316.359453 19.549093 NaN    7.0  16.0   c  0.0   0.84 210.89924 54.31835  3347.12  3367.67 3.39 3.33 -52.5 -0.357    19.31 21.41 02a58316o0250c  0.437500   524288
58344.281357 20.103715 NaN   -8.0  11.0   c  0.0   1.46 210.89924 54.31835  3999.91  2695.20 2.61 2.40 -55.0 -0.387    19.46 21.13 02a58344o0108c -0.727273        0
58344.290487 19.922338 NaN   -3.0  13.0   c  0.0   0.93 210.89924 54.31835  3988.80  2655.93 2.74 2.55 -63.0 -0.394    19.41 21.10 02a58344o0127c -0.230769   524288
58344.299671 19.696897 NaN   -4.0  16.0   c  0.0   0.91 210.89924 54.31835  4045.12  2731.88 2.67 2.48 -55.4 -0.385    19.08 20.79 02a58344o0146c -0.250000        0
58344.308612 19.841877 NaN  -28.0  14.0   c  0.0   0.90 210.89924 54.31835  4066.79  2609.68 2.62 2.50 -51.9 -0.392    19.43 21.14 02a58344o0165c -2.000000        0
58376.224249 19.256669 NaN  -28.0  24.0   c  0.0   0.90 210.89924 54.31835  5682.89  2184.84 2.62 2.39 -58.4 -0.397    18.75 19.69 02a58376o0028c -1.166667   524288
58376.230043 19.401649 NaN    9.0  18.0   c  0.0   1.16 210.89924 54.31835  5671.22  2145.00 2.56 2.41 -63.8 -0.391    18.99 20.12 02a58376o0040c  0.500000        0
58376.238331 18.933071 NaN   43.0  18.0   c  0.0   0.97 210.89924 54.31835  5726.11  2247.41 2.68 2.50 -60.9 -0.388    19.11 20.35 02a58376o0057c  2.388889  4195840
58376.247461 19.076453 NaN   25.0  20.0   c  0.0   1.03 210.89924 54.31835  5749.43  2120.94 2.89 2.78 -67.5 -0.379    19.00 20.36 02a58376o0076c  1.250000        0
58520.663770 19.922338 NaN  -18.5  13.0   c  0.0   0.91 210.89924 54.31835  4417.07  7851.28 2.59 2.36  19.1 -0.464    19.68 21.60 02a58520o0274c -1.307692     8192
58520.673685 18.590371 NaN   14.5  39.0   c  0.0   1.32 210.89924 54.31835  4391.48  7811.46 2.64 2.45  19.7 -0.473    18.45 19.41 02a58520o0295c  0.410256     8192
58576.556729 19.766969 NaN   10.5  11.0   c  0.0   1.32 210.89924 54.31835  7722.93   115.97 2.48 2.09 -59.9 -0.404    19.78 21.80 02a58576o0718c  1.090909   524288
58576.558102 20.282105 NaN    2.5   8.0   c  0.0   1.77 210.89924 54.31835  7989.92  9853.35 2.67 2.50 -64.4 -0.402    19.80 21.82 02a58576o0721c  0.500000        0
58576.570795 20.009244 NaN    4.5  10.0   c  0.0   1.37 210.89924 54.31835  7965.55  9812.27 2.76 2.52 -54.4 -0.414    19.76 21.80 02a58576o0748c  0.600000        0
58576.571708 19.922338 NaN  -10.5  13.0   c  0.0   1.12 210.89924 54.31835  7699.65    74.29 2.54 2.17 -54.5 -0.393    19.74 21.77 02a58576o0750c -0.692308        0
58576.577207 19.922338 NaN   -3.5  13.0   c  0.0   1.28 210.89924 54.31835  7765.14   154.12 2.57 2.18 -55.4 -0.421    19.76 21.75 02a58576o0762c -0.153846        0
58576.578589 19.631075 NaN   10.5  13.0   c  0.0   0.86 210.89924 54.31835  8020.66  9893.03 2.83 2.48 -54.2 -0.408    19.73 21.78 02a58576o0765c  0.923077        0
58576.591620 19.569016 NaN   13.5  13.0   c  0.0   1.13 210.89924 54.31835  8041.23  9775.82 2.90 2.51 -53.5 -0.400    19.67 21.74 02a58576o0792c  1.153846        0
58580.533459 20.009244 NaN   -7.5  12.0   c  0.0   0.98 210.89924 54.31835  7601.96  7889.96 2.64 2.49  45.1 -0.407    19.60 21.43 02a58580o0667c -0.500000   524288
58580.553444 19.868040 NaN    6.5  11.0   c  0.0   1.08 210.89924 54.31835  7634.89  7928.18 2.56 2.54  82.9 -0.405    19.66 21.40 02a58580o0709c  0.727273        0
58580.565220 19.841877 NaN  -18.5  14.0   c  0.0   0.93 210.89924 54.31835  7655.99  7810.39 2.60 2.53  68.1 -0.409    19.59 21.37 02a58580o0734c -1.214286        0
58604.470220 19.922338 NaN   10.5   9.0   c  0.0   1.44 210.89924 54.31835  7328.14  4009.44 2.38 2.30  44.7 -0.399    19.60 21.61 02a58604o0438c  1.333333        0
58604.485174 20.207197 NaN   -3.5  10.0   c  0.0   1.43 210.89924 54.31835  7305.02  3970.16 2.38 2.30 -64.8 -0.409    19.59 21.62 02a58604o0470c -0.200000        0
58604.494705 20.009244 NaN   -7.5  12.0   c  0.0   1.01 210.89924 54.31835  7358.73  4045.19 2.41 2.38  49.1 -0.404    19.60 21.58 02a58604o0490c -0.500000        0
58604.501777 19.950541 NaN    3.5  11.0   c  0.0   1.13 210.89924 54.31835  7381.20  3931.58 2.48 2.38 -61.5 -0.398    19.53 21.55 02a58604o0505c  0.454545        0
58612.399959 20.103715 NaN   -3.5  11.0   c  0.0   1.20 210.89924 54.31835  9097.58  6905.65 2.56 2.47  59.0 -0.422    19.76 21.60 02a58612o0365c -0.181818        0
58612.401822 19.979496 NaN    2.5  11.0   c  0.0   0.90 210.89924 54.31835  9077.89  6865.92 2.56 2.46  57.9 -0.405    19.79 21.60 02a58612o0369c  0.363636        0
58612.407474 19.674510 NaN   14.5  11.0   c  0.0   0.99 210.89924 54.31835  9134.07  6945.65 2.57 2.49  80.0 -0.420    19.76 21.61 02a58612o0381c  1.454545        0
58612.432540 19.569016 NaN   16.5  12.0   c  0.0   1.13 210.89924 54.31835  9143.69  6828.14 2.59 2.47  48.1 -0.464    19.78 21.63 02a58612o0433c  1.500000        0
58636.335628 19.922338 NaN   -7.5  13.0   c  0.0   1.00 210.89924 54.31835  1811.76  7467.11 2.48 2.37 -16.1 -0.429    19.71 21.76 02a58636o0227c -0.461538        0
58636.341238 19.589310 NaN   18.5  11.0   c  0.0   0.92 210.89924 54.31835  8767.52  3064.86 2.37 2.27 -63.9 -0.422    19.80 21.76 02a58636o0239c  1.818182        0
58636.347261 20.449472 NaN   -2.5   8.0   c  0.0   1.85 210.89924 54.31835  8831.65  3154.30 2.44 2.25 -62.3 -0.410    19.80 21.77 02a58636o0252c -0.125000        0
58636.365477 20.009244 NaN    4.5  10.0   c  0.0   1.19 210.89924 54.31835  8846.05  3034.79 2.46 2.25 -63.6 -0.412    19.75 21.70 02a58636o0291c  0.600000        0
58664.300439 20.009244 NaN    4.5  10.0   c  0.0   1.40 210.89924 54.31835  2509.51  1222.41 2.38 2.29 -65.5 -0.434    19.78 21.60 02a58664o0137c  0.600000   524288
58664.303183 20.103715 NaN   -8.5  11.0   c  0.0   0.97 210.89924 54.31835  2488.49  1183.51 2.42 2.27 -59.8 -0.420    19.81 21.61 02a58664o0143c -0.636364        0
58664.308728 20.244005 NaN    0.5   9.0   c  0.0   1.44 210.89924 54.31835  2546.15  1257.24 2.35 2.28 -78.5 -0.405    19.80 21.64 02a58664o0155c  0.222222        0
58664.318819 20.321591 NaN   -5.5   9.0   c  0.0   1.67 210.89924 54.31835  2566.72  1139.25 2.35 2.24 -75.5 -0.432    19.82 21.68 02a58664o0177c -0.444444        0
58668.360430 20.449472 NaN  -17.5   8.0   c  0.0   1.66 210.89924 54.31835  6987.03  4793.02 2.58 2.30  40.7 -0.393    19.70 21.53 02a58668o0259c -2.000000        0
58668.363476 19.589310 NaN   12.5  13.0   c  0.0   1.35 210.89924 54.31835  6967.42  4752.79 2.61 2.25  40.6 -0.577    19.74 21.50 02a58668o0265c  1.076923        0
58668.370013 20.207197 NaN   -5.5  10.0   c  0.0   1.34 210.89924 54.31835  7022.80  4829.09 2.68 2.25  39.4 -0.389    19.70 21.46 02a58668o0279c -0.400000        0
58668.381748 19.922338 NaN    1.5  12.0   c  0.0   1.25 210.89924 54.31835  7042.04  4710.88 2.56 2.27  38.0 -0.388    19.72 21.46 02a58668o0304c  0.250000        0
58692.299708 20.207197 NaN  -15.5  10.0   c  0.0   1.16 210.89924 54.31835  8892.39  5237.71 2.65 2.49  41.4 -0.392    19.68 21.66 02a58692o0140c -1.400000        0
58692.302589 20.071303 NaN   -0.5  11.0   c  0.0   0.93 210.89924 54.31835  8872.18  5197.65 2.64 2.45  38.0 -0.389    19.70 21.66 02a58692o0146c  0.090909        0
58692.308687 19.894850 NaN    5.5  11.0   c  0.0   1.46 210.89924 54.31835  8927.79  5277.20 2.53 2.46  53.6 -0.394    19.67 21.63 02a58692o0157c  0.636364        0
58692.318540 20.207197 NaN  -11.5  10.0   c  0.0   1.09 210.89924 54.31835  8946.33  5160.78 2.56 2.44  41.4 -0.392    19.70 21.60 02a58692o0178c -1.000000        0
58696.259275 19.791368 NaN    9.5  11.0   c  0.0   1.06 210.89924 54.31835  8898.85  5240.86 2.77 2.47 -64.3 -0.398    19.61 21.39 02a58696o0060c  1.000000        0
58696.263160 20.207197 NaN  -20.5  10.0   c  0.0   1.57 210.89924 54.31835  8877.99  5200.43 2.89 2.48 -64.6 -0.397    19.64 21.51 02a58696o0068c -1.900000        0
58696.268990 20.103715 NaN   -6.5  11.0   c  0.0   1.11 210.89924 54.31835  8934.81  5280.49 2.87 2.52 -64.1 -0.401    19.66 21.57 02a58696o0080c -0.454545        0
58696.279054 19.256669 NaN   31.5  13.0   c  0.0   0.94 210.89924 54.31835  8950.74  5170.86 3.00 2.56 -63.8 -0.397    19.61 21.57 02a58696o0101c  2.538462        0
58700.300639 19.766969 NaN    4.5  13.0   c  0.0   1.10 210.89924 54.31835  3356.99  7111.54 2.45 2.42   6.8 -0.386    19.55 21.20 02a58700o0151c  0.461538        0
58700.303953 19.922338 NaN    1.5  12.0   c  0.0   0.84 210.89924 54.31835  3338.29  7071.52 2.38 2.34  -1.1 -0.391    19.59 21.19 02a58700o0158c  0.250000        0
58700.310446 19.816329 NaN    5.5  12.0   c  0.0   1.05 210.89924 54.31835  3394.34  7149.53 2.48 2.37  26.4 -0.380    19.54 21.19 02a58700o0172c  0.583333        0
58700.320640 20.103715 NaN   -3.5  11.0   c  0.0   1.29 210.89924 54.31835  3414.05  7030.60 2.44 2.40  -0.4 -0.390    19.55 21.17 02a58700o0194c -0.181818        0
58708.299948 18.729535 NaN  -54.5  39.0   c  0.0   1.23 210.89924 54.31835  4779.69  3221.71 2.88 2.31  41.6 -0.386    18.22 19.07 02a58708o0161c -1.358974   524288
58708.302750 18.053859 NaN   75.5  47.0   c  0.0   1.16 210.89924 54.31835  4758.64  3183.07 2.82 2.29  42.4 -0.398    18.06 18.90 02a58708o0167c  1.638298        0
58708.309789 18.598565 NaN  -64.5  44.0   c  0.0   0.74 210.89924 54.31835  4818.49  3262.08 2.95 2.35  42.1 -0.375    17.75 18.71 02a58708o0182c -1.431818        0
58708.319771 18.356290 NaN   37.5  42.0   c  0.0   0.97 210.89924 54.31835  4839.87  3143.53 2.72 2.33  39.4 -0.400    18.16 18.98 02a58708o0203c  0.928571        0
58724.254212 19.674510 NaN   11.5  12.0   c  0.0   1.43 210.89924 54.31835  5051.20  4864.30 2.75 2.32  34.2 -0.404    19.58 21.32 02a58724o0081c  1.083333        0
58724.257423 19.454622 NaN   16.5  14.0   c  0.0   1.06 210.89924 54.31835  5032.71  4826.05 2.64 2.29  38.4 -0.401    19.54 21.31 02a58724o0088c  1.285714        0
58724.263511 19.454622 NaN   22.5  12.0   c  0.0   1.51 210.89924 54.31835  5087.83  4901.91 2.76 2.32  36.7 -0.393    19.50 21.30 02a58724o0101c  2.000000        0
58724.275107 20.009244 NaN  -16.5  12.0   c  0.0   1.25 210.89924 54.31835  5108.65  4788.24 2.72 2.32  36.3 -0.394    19.49 21.25 02a58724o0126c -1.250000        0
58872.552407 20.207197 NaN  -18.5  10.0   c  0.0   1.11 210.89924 54.31835  3582.36  5781.17 2.53 2.32  44.0 -0.392    19.85 22.00 02a58872o0760c -1.700000        0
58872.555279 20.009244 NaN   -9.5  12.0   c  0.0   0.92 210.89924 54.31835  3604.43  5819.00 2.36 2.33 -56.7 -0.411    19.81 21.99 02a58872o0766c -0.666667        0
58872.561131 20.321591 NaN  -24.5   9.0   c  0.0   1.38 210.89924 54.31835  3546.92  5739.81 2.35 2.31 -49.6 -0.410    19.84 21.99 02a58872o0778c -2.555556  4194560
58872.571799 20.207197 NaN   -2.5  10.0   c  0.0   0.85 210.89924 54.31835  3516.36  5860.30 2.52 2.31  40.8 -0.393    19.84 22.02 02a58872o0799c -0.100000        0
58876.651589 20.207197 NaN  -18.5  10.0   c  0.0   1.28 210.89924 54.31835  1943.18  9627.34 2.41 2.33 -38.1 -0.427    19.70 21.82 02a58876o0927c -1.700000   524288
58876.655266 19.529530 NaN    9.5  15.0   c  0.0   1.51 210.89924 54.31835  1962.35  9666.19 2.50 2.37 -43.3 -0.418    19.31 21.31 02a58876o0935c  0.733333        0
58876.662978 19.841877 NaN  -12.5  14.0   c  0.0   1.42 210.89924 54.31835  1904.70  9587.15 2.45 2.31 -39.6 -0.421    19.30 21.14 02a58876o0951c -0.785714   524288
58876.669196 19.212347 NaN -144.5  25.0   c  0.0   2.77 210.89924 54.31835  1883.65  9703.63 2.46 2.31 -35.2 -0.428    18.50 19.82 02a58876o0963c -5.720000   528384
58884.593779 20.137125 NaN    7.0   9.0   c  0.0   1.38 210.89924 54.31835  5070.61  1933.08 2.49 2.27  50.5 -0.395    19.82 21.99 02a58884o0827c  0.555556        0
58884.596741 20.071303 NaN    6.0  10.0   c  0.0   0.92 210.89924 54.31835  5095.35  1968.53 2.44 2.20 -61.4 -0.403    19.85 21.98 02a58884o0833c  0.400000   524288
58884.605408 20.171596 NaN    6.0   9.0   c  0.0   1.24 210.89924 54.31835  5040.17  1892.13 2.47 2.26 -62.7 -0.402    19.81 21.98 02a58884o0851c  0.444444        0
58884.615927 20.137125 NaN    4.0  10.0   c  0.0   0.99 210.89924 54.31835  5018.56  2010.92 2.42 2.26  52.6 -0.400    19.81 21.99 02a58884o0873c  0.200000        0
58900.591861 19.696897 NaN   14.0  12.0   c  0.0   0.74 210.89924 54.31835  7231.75  3472.19 2.54 2.48  71.1 -0.387    19.55 21.59 02a58900o0772c  1.000000        0
58900.593725 20.009244 NaN   -8.0  12.0   c  0.0   1.44 210.89924 54.31835  7253.74  3503.98 2.56 2.43 -67.7 -0.391    19.32 21.32 02a58900o0776c -0.833333        0
58900.597390 19.841877 NaN   -5.0  14.0   c  0.0   1.26 210.89924 54.31835  7195.76  3432.37 2.87 2.78 -67.5 -0.395    19.29 21.41 02a58900o0783c -0.500000        0
58900.608099 20.009244 NaN  -15.0  12.0   c  0.0   1.20 210.89924 54.31835  3409.03  7032.15 2.76 2.65 -56.4 -0.386    19.52 21.66 02a58900o0803c -1.416667        0
58932.513609 19.569016 NaN   20.0  12.0   c  0.0   1.03 210.89924 54.31835  3638.27  8766.46 2.67 2.33 -51.9 -0.412    19.73 21.71 02a58932o0633c  1.500000   524288
58932.516828 20.009244 NaN  -11.0  12.0   c  0.0   0.97 210.89924 54.31835  3619.44  8727.06 2.70 2.37 -52.4 -0.412    19.70 21.70 02a58932o0640c -1.083333        0
58932.522331 20.207197 NaN   -8.0  10.0   c  0.0   1.24 210.89924 54.31835  3674.21  8802.80 2.66 2.29 -51.7 -0.416    19.71 21.69 02a58932o0652c -1.000000        0
58932.532128 20.009244 NaN   -4.0  12.0   c  0.0   0.89 210.89924 54.31835  3692.77  8685.61 2.64 2.33 -52.4 -0.413    19.72 21.67 02a58932o0673c -0.500000        0
58956.480280 20.103715 NaN   -8.0  11.0   c  0.0   1.13 210.89924 54.31835   409.26  1417.71 2.72 2.33 -57.7 -0.410    19.70 21.69 02a58956o0530c -0.909091        0
58956.483493 20.171596 NaN    3.0  10.0   c  0.0   1.33 210.89924 54.31835   388.71  1378.85 2.74 2.36 -59.2 -0.412    19.68 21.70 02a58956o0537c  0.100000        0
58956.489223 19.868040 NaN   13.0  10.0   c  0.0   1.45 210.89924 54.31835   448.50  1448.47 2.73 2.35 -57.9 -0.413    19.70 21.68 02a58956o0549c  1.100000        0
58956.499532 20.071303 NaN    6.0  10.0   c  0.0   0.99 210.89924 54.31835   468.45  1327.27 2.77 2.39 -59.4 -0.415    19.66 21.63 02a58956o0570c  0.400000        0
58960.425104 19.894850 NaN    6.0  12.0   c  0.0   1.14 210.89924 54.31835 10178.50  9159.82 2.96 2.81  45.2 -0.373    19.66 21.55 02a58960o0416c  0.333333        0
58960.428590 20.207197 NaN   -6.0  10.0   c  0.0   1.01 210.89924 54.31835   380.66  1382.53 2.56 2.33 -59.1 -0.412    19.70 21.56 02a58960o0423c -0.800000        0
58960.434799 19.743105 NaN   12.0  12.0   c  0.0   0.99 210.89924 54.31835   441.29  1453.11 2.48 2.33 -57.5 -0.416    19.72 21.56 02a58960o0436c  0.833333        0
58960.471580 20.321591 NaN   -3.0   9.0   c  0.0   1.09 210.89924 54.31835   466.78  1329.67 2.37 2.29  75.3 -0.420    19.72 21.63 02a58960o0459c -0.555556        0
58964.430982 19.128787 NaN  -12.0  27.0   c  0.0   0.92 210.89924 54.31835  7142.84  6925.83 2.52 2.47 -81.9 -0.404    18.74 20.40 02a58964o0427c -0.518519        0
58964.434180 18.186107 NaN   81.0  38.0   c  0.0   1.19 210.89924 54.31835  7124.14  6886.26 2.54 2.51  85.6 -0.397    18.18 19.79 02a58964o0434c  2.078947        0
58964.440185 19.454622 NaN  -10.0  20.0   c  0.0   1.06 210.89924 54.31835  7180.34  6965.74 2.64 2.59 -70.4 -0.392    19.01 20.86 02a58964o0447c -0.600000   524288
58964.475522 20.103715 NaN   -1.0  11.0   c  0.0   1.16 210.89924 54.31835  7195.98  6850.39 2.63 2.56  42.5 -0.395    19.59 21.44 02a58964o0523c -0.272727        0
58984.385056 19.841877 NaN   14.0  10.0   c  0.0   1.03 210.89924 54.31835  1476.21  6801.53 2.37 2.24  11.2 -0.404    19.75 21.72 02a58984o0250c  1.200000        0
58984.388259 20.207197 NaN   -9.0  10.0   c  0.0   1.05 210.89924 54.31835  1457.87  6760.79 2.37 2.20 -51.0 -0.414    19.79 21.70 02a58984o0257c -1.100000        0
58984.393747 20.071303 NaN    6.0  10.0   c  0.0   1.03 210.89924 54.31835  1515.63  6837.63 2.38 2.21 -48.2 -0.420    19.78 21.71 02a58984o0269c  0.400000        0
58984.404468 19.791368 NaN   16.0  10.0   c  0.0   0.96 210.89924 54.31835  1540.96  6719.96 2.37 2.20 -45.9 -0.416    19.79 21.73 02a58984o0290c  1.400000        0
58988.407142 20.207197 NaN    1.0  10.0   c  0.0   1.35 210.89924 54.31835  6741.87  3137.61 2.59 2.29  35.4 -0.390    19.71 21.63 02a58988o0375c -0.100000        0
58988.410344 20.103715 NaN  -23.0  11.0   c  0.0   0.76 210.89924 54.31835  6724.60  3098.97 2.44 2.34  34.9 -0.395    19.73 21.61 02a58988o0382c -2.272727        0
58988.415874 20.207197 NaN   -3.0  10.0   c  0.0   1.18 210.89924 54.31835  6782.27  3175.61 2.45 2.31  38.3 -0.393    19.70 21.59 02a58988o0394c -0.500000        0
58988.427368 20.103715 NaN   -8.0  11.0   c  0.0   1.17 210.89924 54.31835  6806.82  3062.64 2.36 2.34  79.9 -0.396    19.72 21.59 02a58988o0419c -0.909091        0
58992.358373 19.950541 NaN    7.0  11.0   c  0.0   1.00 210.89924 54.31835  6748.25  3144.96 2.63 2.41  33.3 -0.389    19.73 21.75 02a58992o0269c  0.454545        0
58992.361575 20.207197 NaN   -2.0  10.0   c  0.0   1.09 210.89924 54.31835  6728.34  3105.08 2.55 2.36  32.6 -0.393    19.72 21.74 02a58992o0276c -0.400000        0
58992.367526 20.207197 NaN  -16.0  10.0   c  0.0   1.17 210.89924 54.31835  6786.78  3182.71 2.59 2.40  31.5 -0.386    19.74 21.75 02a58992o0289c -1.800000        0
58992.401785 20.103715 NaN  -14.0  11.0   c  0.0   0.83 210.89924 54.31835  6803.49  3063.66 2.64 2.38  29.0 -0.384    19.70 21.75 02a58992o0362c -1.454545        0
59011.354173 20.137125 NaN    7.0   9.0   c  0.0   1.25 210.89924 54.31835  9049.68  6901.01 3.01 2.95  57.2 -0.382    19.64 21.96 02a59011o0241c  0.555556        0
59011.357398 19.922338 NaN  -20.0  13.0   c  0.0   0.95 210.89924 54.31835  9028.16  6855.38 2.93 2.86  56.1 -0.384    19.67 21.95 02a59011o0248c -1.692308   524288
59011.363858 20.103715 NaN  -12.0  11.0   c  0.0   0.94 210.89924 54.31835  9084.80  6936.52 2.94 2.91  49.4 -0.385    19.68 21.95 02a59011o0262c -1.272727        0
59011.384568 19.841877 NaN   -5.0  14.0   c  0.0   0.94 210.89924 54.31835  9096.62  6817.93 3.91 3.56  31.1 -0.330    19.44 21.95 02a59011o0306c -0.500000   524288
59015.333919 19.816329 NaN    9.0  12.0   c  0.0   0.72 210.89924 54.31835  9048.83  6895.52 2.65 2.57  58.4 -0.399    19.78 21.91 02a59015o0200c  0.583333        0
59015.337583 20.207197 NaN  -19.0  10.0   c  0.0   1.51 210.89924 54.31835  9030.04  6854.63 2.64 2.55  64.4 -0.398    19.79 21.90 02a59015o0208c -2.100000        0
59015.343104 20.009244 NaN   11.0   9.0   c  0.0   1.27 210.89924 54.31835  9083.79  6935.54 2.76 2.45  36.0 -0.390    19.78 21.90 02a59015o0220c  1.000000        0
59015.354141 20.207197 NaN   -4.0  10.0   c  0.0   1.24 210.89924 54.31835  9102.88  6820.95 2.69 2.60  68.3 -0.396    19.76 21.87 02a59015o0244c -0.600000        0
59020.330908 19.894850 NaN   12.0  10.0   c  0.0   1.38 210.89924 54.31835  6577.94   995.61 2.45 2.32 -69.4 -0.404    19.50 21.38 02a59020o0132c  1.000000        0
59020.334109 20.071303 NaN    3.0  11.0   c  0.0   0.65 210.89924 54.31835  6557.37   955.38 2.44 2.30 -64.1 -0.401    19.75 21.74 02a59020o0139c  0.090909        0
59020.341236 20.103715 NaN  -24.0  11.0   c  0.0   1.39 210.89924 54.31835  6617.08  1036.27 2.54 2.42  87.4 -0.392    19.60 21.65 02a59020o0154c -2.363636        0
59020.352367 19.841877 NaN  -28.0  14.0   c  0.0   1.48 210.89924 54.31835  6636.09   913.02 2.36 2.31 -84.3 -0.405    19.43 21.35 02a59020o0178c -2.142857        0
59040.285251 20.207197 NaN   -4.0  10.0   c  0.0   1.24 210.89924 54.31835  8750.45  3109.04 2.87 2.73 -61.9 -0.377    19.58 21.62 02a59040o0091c -0.600000        0
59040.288469 19.922338 NaN    8.0  11.0   c  0.0   1.51 210.89924 54.31835  8730.73  3068.93 2.82 2.71 -57.8 -0.372    19.58 21.62 02a59040o0098c  0.545455        0
59040.295427 20.009244 NaN   -5.0  12.0   c  0.0   1.00 210.89924 54.31835  8790.15  3146.55 2.74 2.65 -59.8 -0.379    19.70 21.65 02a59040o0113c -0.583333        0
59040.306084 20.207197 NaN  -10.0  10.0   c  0.0   1.11 210.89924 54.31835  8811.50  3028.81 2.80 2.70  40.8 -0.379    19.65 21.66 02a59040o0136c -1.200000        0
59044.317072 20.449472 NaN   -2.0   8.0   c  0.0   1.45 210.89924 54.31835   803.43  3038.93 2.48 2.27 -55.6 -0.400    19.71 21.76 02a59044o0158c -0.500000        0
59044.320832 20.449472 NaN  -13.0   8.0   c  0.0   1.67 210.89924 54.31835   781.77  2998.89 2.53 2.34 -61.3 -0.402    19.68 21.77 02a59044o0166c -1.875000  4194560
59044.327714 20.103715 NaN  -16.0  11.0   c  0.0   0.93 210.89924 54.31835   844.33  3077.02 2.61 2.46 -60.5 -0.405    19.62 21.76 02a59044o0181c -1.636364        0
59044.337475 19.791368 NaN   10.0  12.0   c  0.0   0.99 210.89924 54.31835   867.46  2956.64 2.75 2.44 -57.4 -0.397    19.60 21.71 02a59044o0202c  0.666667        0
59048.285981 20.207197 NaN    0.0  10.0   c  0.0   1.15 210.89924 54.31835   809.66  3043.29 2.56 2.35  33.9 -0.395    19.64 21.53 02a59048o0095c -0.200000        0
59048.290126 20.009244 NaN    5.0  11.0   c  0.0   1.24 210.89924 54.31835   788.89  3004.62 2.65 2.35  36.5 -0.389    19.44 21.30 02a59048o0104c  0.272727        0
59048.296595 20.103715 NaN   -4.0  11.0   c  0.0   1.06 210.89924 54.31835   847.86  3078.04 2.56 2.32  35.7 -0.393    19.57 21.51 02a59048o0118c -0.545455        0
59048.308077 20.244005 NaN    7.0   8.0   c  0.0   1.21 210.89924 54.31835   871.69  2958.51 2.36 2.33  17.2 -0.405    19.68 21.65 02a59048o0143c  0.625000        0
59108.240914 19.841877 NaN  -20.0  14.0   c  0.0   1.03 210.89924 54.31835  4768.61  3213.32 2.37 2.34  59.6 -0.401    19.32 20.86 02a59108o0046c -1.571429        0
59108.246004 19.569016 NaN    1.0  18.0   c  0.0   0.80 210.89924 54.31835  4748.31  3186.41 2.56 2.40  37.4 -0.392    19.27 20.84 02a59108o0057c -0.055556        0
59108.250126 19.841877 NaN   -3.0  14.0   c  0.0   1.35 210.89924 54.31835  4807.87  3257.68 2.42 2.39  50.5 -0.395    19.30 20.84 02a59108o0066c -0.357143        0
59108.260706 19.696897 NaN    5.0  15.0   c  0.0   1.22 210.89924 54.31835  4827.33  3147.58 2.62 2.44 -52.1 -0.395    19.22 20.80 02a59108o0089c  0.200000        0
59206.608827 20.103715 NaN    0.0  11.0   c  0.0   0.82 210.89924 54.31835  4779.97  3200.84 2.53 2.47 -30.9 -0.369    19.71 21.84 01a59206o0880c -0.181818        0
59206.612058 19.922338 NaN   11.0  10.0   c  0.0   0.91 210.89924 54.31835  4758.04  3165.95 2.57 2.51 -32.5 -0.367    19.69 21.85 01a59206o0887c  0.900000        0
59206.617585 20.207197 NaN   -6.0  10.0   c  0.0   1.12 210.89924 54.31835  4819.18  3242.37 2.73 2.64  -8.0 -0.359    19.62 21.85 01a59206o0899c -0.800000        0
59206.631405 20.103715 NaN   -8.0  11.0   c  0.0   1.05 210.89924 54.31835  4837.58  3130.53 2.76 2.58  21.6 -0.358    19.63 21.85 01a59206o0929c -0.909091        0
59208.639885 20.009244 NaN   -5.0  12.0   c  0.0   1.06 210.89924 54.31835  8784.27  1644.50 2.61 2.33 -54.3 -0.407    19.68 21.64 02a59208o0962c -0.583333        0
59208.650450 20.171596 NaN    3.0  10.0   c  0.0   1.08 210.89924 54.31835  8804.63  1683.49 2.61 2.33 -53.9 -0.404    19.70 21.65 02a59208o0985c  0.100000        0
59208.655955 20.009244 NaN   -1.0  12.0   c  0.0   0.71 210.89924 54.31835  8750.08  1610.18 2.58 2.31 -55.3 -0.401    19.67 21.61 02a59208o0997c -0.250000        0
59208.664725 19.841877 NaN    2.0  14.0   c  0.0   1.28 210.89924 54.31835  8731.79  1730.88 2.57 2.34 -56.5 -0.404    19.41 20.84 02a59208o1016c  0.000000        0
59228.630646 20.137125 NaN    7.0   9.0   c  0.0   1.15 210.89924 54.31835  7482.70  5582.52 2.68 2.51  50.2 -0.390    19.74 21.88 02a59228o0867c  0.555556        0
59228.633851 20.207197 NaN   -4.0  10.0   c  0.0   1.25 210.89924 54.31835  7502.91  5620.83 2.71 2.51  48.7 -0.388    19.72 21.88 02a59228o0874c -0.600000        0
59228.650265 20.071303 NaN    6.0  10.0   c  0.0   0.94 210.89924 54.31835  7450.79  5547.08 2.70 2.49  48.1 -0.390    19.76 21.90 02a59228o0909c  0.400000        0
59228.658974 20.207197 NaN  -12.0  10.0   c  0.0   1.39 210.89924 54.31835  7431.57  5664.26 2.69 2.45  45.7 -0.392    19.80 21.83 02a59228o0928c -1.400000        0
59230.596813 20.207197 NaN   -3.0  10.0   c  0.0   1.09 210.89924 54.31835  3659.66  8738.43 2.94 2.60 -76.6 -0.397    19.72 22.31 01a59230o0856c -0.500000  4194560
59230.600047 20.207197 NaN   -5.0  10.0   c  0.0   1.12 210.89924 54.31835  3640.33  8700.79 2.90 2.59 -77.2 -0.395    19.77 22.33 01a59230o0863c -0.700000        0
59230.605590 19.868040 NaN   13.0  10.0   c  0.0   1.33 210.89924 54.31835  3698.57  8774.17 2.80 2.62 -83.6 -0.389    19.76 22.34 01a59230o0875c  1.100000        0
59230.615358 20.207197 NaN   -8.0  10.0   c  0.0   1.08 210.89924 54.31835  3717.02  8658.34 2.75 2.58 -80.9 -0.393    19.78 22.39 01a59230o0896c -1.000000        0
59238.585766 20.449472 NaN   -4.0   8.0   c  0.0   0.99 210.89924 54.31835  1148.12  5155.99 2.29 2.19 -63.8 -0.397    19.95 22.17 01a59238o0765c -0.750000   524288
59238.588065 20.207197 NaN    0.0  10.0   c  0.0   1.19 210.89924 54.31835  1128.03  5118.84 2.37 2.29 -67.1 -0.389    19.94 22.16 01a59238o0770c -0.200000        0
59238.590826 20.321591 NaN    1.0   9.0   c  0.0   1.26 210.89924 54.31835  1186.92  5195.85 2.39 2.33 -75.3 -0.385    19.95 22.18 01a59238o0776c -0.111111        0
59238.595897 20.207197 NaN   -1.0  10.0   c  0.0   0.68 210.89924 54.31835  1205.97  5077.84 2.46 2.42 -78.6 -0.383    19.88 22.19 01a59238o0787c -0.300000        0
59254.582395 20.103715 NaN  -25.0  11.0   c  0.0   1.37 210.89924 54.31835   393.16  1422.59 2.77 2.47  45.0 -0.393    19.64 22.07 01a59254o0809c -2.454545  4194560
59254.584237 19.287255 NaN   36.0  12.0   c  0.0   0.99 210.89924 54.31835   365.30  1388.09 2.60 2.34  67.2 -0.431    19.62 22.01 01a59254o0813c  2.833333  4194560
59254.587068 19.569016 NaN    1.0  18.0   c  0.0   0.65 210.89924 54.31835   432.24  1460.68 2.52 2.31  66.1 -0.427    19.24 21.52 01a59254o0819c -0.055556     8192
59254.593104 20.321591 NaN  -18.0   9.0   c  0.0   1.42 210.89924 54.31835   449.41  1342.99 2.50 2.28  67.7 -0.427    19.76 22.16 01a59254o0832c -2.222222     8192
59256.529166 20.321591 NaN   -1.0   9.0   c  0.0   1.05 210.89924 54.31835  5320.94  3576.34 2.50 2.34  47.4 -0.402    19.79 21.98 02a59256o0695c -0.333333        0
59256.532384 19.979496 NaN   12.0   9.0   c  0.0   1.22 210.89924 54.31835  5340.23  3615.81 2.63 2.39  45.7 -0.397    19.76 21.98 02a59256o0702c  1.111111  4194560
59256.537897 19.950541 NaN   10.0  10.0   c  0.0   1.14 210.89924 54.31835  5283.80  3538.80 2.56 2.33  43.2 -0.402    19.81 21.97 02a59256o0714c  0.800000        0
59256.543014 20.321591 NaN   -4.0   9.0   c  0.0   0.86 210.89924 54.31835  5265.47  3654.40 2.62 2.40  46.3 -0.397    19.76 21.98 02a59256o0725c -0.666667        0
59258.571978 20.449472 NaN  -17.0   8.0   c  0.0   1.17 210.89924 54.31835  7156.93  6895.17 2.55 2.52  66.0 -0.368    19.75 22.04 01a59258o0790c -2.375000        0
59258.573832 20.207197 NaN  -14.0  10.0   c  0.0   0.93 210.89924 54.31835  7141.59  6852.95 2.73 2.59  43.8 -0.357    19.73 22.03 01a59258o0794c -1.600000        0
59258.576596 19.979496 NaN    9.0  10.0   c  0.0   1.25 210.89924 54.31835  7197.13  6932.93 2.70 2.64  62.5 -0.366    19.74 22.04 01a59258o0800c  0.700000        0
59258.582589 20.321591 NaN    0.0   9.0   c  0.0   1.19 210.89924 54.31835  7214.37  6818.44 2.52 2.48  78.9 -0.375    19.80 22.04 01a59258o0813c -0.222222        0
59262.501830 20.207197 NaN   -1.0  10.0   c  0.0   0.93 210.89924 54.31835  7154.44  6895.47 2.40 2.25 -88.5 -0.395    19.77 21.77 01a59262o0623c -0.300000        0
59262.504607 20.321591 NaN    0.0   9.0   c  0.0   1.31 210.89924 54.31835  7135.68  6855.75 2.40 2.28 -87.7 -0.390    19.78 21.82 01a59262o0629c -0.222222        0
59262.508306 20.449472 NaN   -4.0   8.0   c  0.0   1.49 210.89924 54.31835  7194.06  6933.01 2.46 2.36  83.2 -0.379    19.75 21.86 01a59262o0637c -0.750000        0
59262.514297 20.207197 NaN   -1.0  10.0   c  0.0   1.01 210.89924 54.31835  7212.33  6816.89 2.49 2.41  85.7 -0.375    19.77 21.85 01a59262o0650c -0.300000        0
59288.544037 20.207197 NaN   -6.0  10.0   c  0.0   0.98 210.89924 54.31835  5495.07  8643.00 2.43 2.34  52.8 -0.408    19.81 21.80 02a59288o0704c -0.800000        0
59288.579411 20.207197 NaN   -8.0  10.0   c  0.0   1.17 210.89924 54.31835  5472.55  8602.37 2.56 2.32  34.2 -0.396    19.77 21.76 02a59288o0780c -1.000000        0
59288.607793 19.226921 NaN   25.0  17.0   c  0.0   1.16 210.89924 54.31835  5523.63  8676.19 2.61 2.36  33.4 -0.390    18.70 20.56 02a59288o0841c  1.352941   524288
59288.632589 20.207197 NaN  -19.0  10.0   c  0.0   1.77 210.89924 54.31835  5538.57  8556.30 2.78 2.35  41.2 -0.386    19.67 21.69 02a59288o0894c -2.100000        0
59292.459472 20.207197 NaN   -7.0  10.0   c  0.0   1.05 210.89924 54.31835  1698.04  5334.88 2.49 2.30  55.9 -0.413    19.75 21.80 02a59292o0510c -0.900000        0
59292.462673 19.894850 NaN    9.0  11.0   c  0.0   0.97 210.89924 54.31835  1721.21  5374.51 2.46 2.31  60.6 -0.409    19.74 21.78 02a59292o0517c  0.636364        0
59292.466844 20.103715 NaN    0.0  11.0   c  0.0   0.89 210.89924 54.31835  1660.62  5295.18 2.59 2.36  48.1 -0.402    19.72 21.79 02a59292o0526c -0.181818   524288
59292.473270 19.696897 NaN   20.0  10.0   c  0.0   0.91 210.89924 54.31835  1642.33  5410.39 2.52 2.31  48.3 -0.405    19.74 21.81 02a59292o0540c  1.800000        0
59292.649611 19.631075 NaN  -17.0  17.0   c  0.0   0.83 210.89924 54.31835  8897.88  5210.12 2.51 2.32  36.4 -0.396    19.18 20.41 02a59292o0918c -1.117647        0
59310.449546 20.207197 NaN  -10.0  10.0   c  0.0   1.13 210.89924 54.31835  9057.32  6865.46 2.61 2.41  87.5 -0.400    20.01 21.98 01a59310o0425c -1.200000        0
59310.451851 20.449472 NaN   -8.0   8.0   c  0.0   1.65 210.89924 54.31835  9037.88  6825.94 2.59 2.43 -85.2 -0.392    20.03 21.99 01a59310o0430c -1.250000        0
59310.455624 20.321591 NaN   -3.0   9.0   c  0.0   1.05 210.89924 54.31835  9099.82  6902.90 2.54 2.41  87.3 -0.394    20.01 21.99 01a59310o0438c -0.555556  4194560
59310.464868 20.321591 NaN   -9.0   9.0   c  0.0   1.12 210.89924 54.31835  9116.07  6787.01 2.62 2.55 -83.8 -0.385    19.96 22.08 01a59310o0457c -1.222222        0
59314.443833 20.449472 NaN   -5.0   8.0   c  0.0   0.91 210.89924 54.31835  6550.36   980.59 2.46 2.29   5.8 -0.392    19.96 21.85 01a59314o0481c -0.875000        0
59314.445680 20.321591 NaN    2.0   9.0   c  0.0   0.78 210.89924 54.31835  6531.15   941.38 2.67 2.39  -6.3 -0.369    19.94 21.88 01a59314o0485c  0.000000        0
59314.448467 20.103715 NaN    8.0   9.0   c  0.0   0.99 210.89924 54.31835  6592.84  1020.33 2.62 2.37  -2.4 -0.372    19.95 21.87 01a59314o0491c  0.666667        0
59314.453560 20.321591 NaN   -2.0   9.0   c  0.0   1.03 210.89924 54.31835  6607.80   907.20 2.40 2.20 -19.0 -0.396    19.97 21.86 01a59314o0502c -0.444444        0
59318.482085 20.321591 NaN    1.0   9.0   c  0.0   1.10 210.89924 54.31835  4029.05  9604.49 2.42 2.28 -41.3 -0.387    19.76 21.52 01a59318o0559c -0.111111        0
59318.517343 20.321591 NaN    1.0   9.0   c  0.0   1.27 210.89924 54.31835  4056.22  9638.24 2.29 2.10 -51.5 -0.388    19.89 21.56 01a59318o0635c -0.111111        0
59318.520566 19.868040 NaN   19.0   8.0   c  0.0   0.97 210.89924 54.31835  3996.74  9560.46 2.28 2.08 -45.1 -0.389    19.89 21.57 01a59318o0642c  2.125000        0
59318.543605 19.719755 NaN   19.0  10.0   c  0.0   1.01 210.89924 54.31835  3982.58  9674.25 2.28 2.10 -53.5 -0.387    19.86 21.46 01a59318o0691c  1.700000   524288
59322.408613 20.449472 NaN   -8.0   8.0   c  0.0   1.07 210.89924 54.31835  3085.53  4995.48 2.30 2.21 -81.9 -0.395    19.96 21.79 01a59322o0383c -1.250000   524288
59322.410910 20.071303 NaN   15.0   7.0   c  0.0   1.30 210.89924 54.31835  3065.70  4957.23 2.29 2.17 -84.0 -0.398    19.97 21.80 01a59322o0388c  1.857143        0
59322.414135 20.071303 NaN   12.0   8.0   c  0.0   1.39 210.89924 54.31835  3123.31  5032.81 2.24 2.12 -74.6 -0.401    19.99 21.81 01a59322o0395c  1.250000        0
59322.419674 20.321591 NaN  -18.0   9.0   c  0.0   0.86 210.89924 54.31835  3141.76  4917.65 2.33 2.19 -67.0 -0.399    19.92 21.79 01a59322o0407c -2.222222        0
59344.419514 20.009244 NaN   -8.0  12.0   c  0.0   0.72 210.89924 54.31835  1137.08  5171.47 2.36 2.24 -41.0 -0.422    19.73 21.69 02a59344o0385c -0.833333   524288
59344.423635 19.652575 NaN   16.0  12.0   c  0.0   0.73 210.89924 54.31835  1117.53  5132.76 2.39 2.26 -41.2 -0.419    19.71 21.70 02a59344o0394c  1.166667        0
59344.429702 19.841877 NaN    1.0  14.0   c  0.0   0.65 210.89924 54.31835  1178.00  5206.30 2.40 2.26 -46.3 -0.424    19.71 21.72 02a59344o0407c -0.071429        0
59344.462022 20.009244 NaN   -9.0  12.0   c  0.0   0.99 210.89924 54.31835  1196.15  5083.57 2.33 2.28 -17.5 -0.419    19.69 21.62 02a59344o0474c -0.916667        0
59370.364702 20.449472 NaN   -3.0   8.0   c  0.0   1.16 210.89924 54.31835  1975.54  9668.31 2.28 2.04 -63.1 -0.402    19.99 22.07 01a59370o0279c -0.625000        0
59370.367930 20.103715 NaN    5.0  10.0   c  0.0   0.75 210.89924 54.31835  1996.96  9707.47 2.32 2.08 -64.7 -0.403    20.00 22.06 01a59370o0286c  0.300000        0
59370.374378 20.321591 NaN  -11.0   9.0   c  0.0   0.71 210.89924 54.31835  1934.81  9627.37 2.25 1.99 -65.2 -0.405    20.01 22.04 01a59370o0300c -1.444444        0
59370.408119 19.979496 NaN   15.0   8.0   c  0.0   0.90 210.89924 54.31835  1919.37  9740.74 2.38 2.12 -61.8 -0.407    19.96 22.00 01a59370o0367c  1.625000        0
59374.345057 20.071303 NaN   12.0   8.0   c  0.0   1.43 210.89924 54.31835  1976.77  9671.19 2.45 2.21 -61.5 -0.392    19.98 22.03 01a59374o0234c  1.250000        0
59374.348286 20.321591 NaN   -8.0   9.0   c  0.0   1.01 210.89924 54.31835  1998.13  9709.40 2.30 2.10 -65.4 -0.401    19.98 22.02 01a59374o0241c -1.111111        0
59374.353832 20.071303 NaN    6.0  10.0   c  0.0   1.01 210.89924 54.31835  1939.61  9631.13 2.31 2.10 -54.0 -0.390    19.99 22.02 01a59374o0253c  0.400000        0
59374.364434 19.979496 NaN   15.0   8.0   c  0.0   1.21 210.89924 54.31835  1919.15  9746.21 2.38 2.11 -62.3 -0.402    19.97 22.04 01a59374o0276c  1.625000        0
59378.326788 19.841877 NaN   20.0   8.0   c  0.0   1.75 210.89924 54.31835  5001.03  1934.98 2.15 2.08  53.0 -0.401    19.98 21.72 01a59378o0193c  2.250000        0
59378.330008 20.362567 NaN    4.0   8.0   c  0.0   1.04 210.89924 54.31835  5021.92  1975.46 2.17 2.12  31.9 -0.400    19.93 21.73 01a59378o0200c  0.250000        0
59378.335546 19.816329 NaN   15.0  10.0   c  0.0   0.96 210.89924 54.31835  4965.94  1897.16 2.21 2.11  20.0 -0.398    19.97 21.75 01a59378o0212c  1.300000        0
59378.348438 20.321591 NaN   -2.0   9.0   c  0.0   0.73 210.89924 54.31835  4951.34  2012.38 2.23 2.15  11.4 -0.391    19.97 21.87 01a59378o0240c -0.444444        0
59404.284177 19.841877 NaN    8.0  12.0   c  0.0   0.85 210.89924 54.31835  1766.38  8919.99 2.63 1.98 -48.8 -0.448    19.74 21.54 02a59404o0088c  0.500000  4194560
59404.287411 20.009244 NaN   14.0   8.0   c  0.0   1.80 210.89924 54.31835  1746.48  8881.18 2.67 2.01 -50.2 -0.439    19.73 21.54 02a59404o0095c  1.500000        0
59404.292910 20.009244 NaN    2.0  12.0   c  0.0   1.08 210.89924 54.31835  1800.88  8953.88 2.61 2.08 -50.9 -0.431    19.70 21.51 02a59404o0107c  0.000000        0
59404.302990 19.950541 NaN    4.0  12.0   c  0.0   1.20 210.89924 54.31835  1820.97  8834.79 2.68 2.07 -50.0 -0.436    19.66 21.51 02a59404o0129c  0.166667        0
59408.274563 20.009244 NaN    1.0  12.0   c  0.0   1.42 210.89924 54.31835  1768.91  8919.16 2.59 2.03 -48.7 -0.439    19.66 21.40 02a59408o0068c -0.083333        0
59408.277767 19.894850 NaN    3.0  13.0   c  0.0   1.08 210.89924 54.31835  1747.59  8880.00 2.61 2.16 -52.1 -0.422    19.64 21.42 02a59408o0075c  0.076923        0
59408.283262 19.841877 NaN   11.0  11.0   c  0.0   0.97 210.89924 54.31835  1802.56  8954.97 2.58 2.16 -51.3 -0.430    19.62 21.42 02a59408o0087c  0.818182        0
59408.295675 19.631075 NaN   14.0  13.0   c  0.0   1.04 210.89924 54.31835  1824.29  8834.20 2.52 2.08 -47.9 -0.435    19.67 21.47 02a59408o0114c  0.923077        0
59426.249901 19.589310 NaN   19.0  12.0   c  0.0   1.13 210.89924 54.31835  6865.01  1779.25 2.36 2.16 -72.8 -0.407    19.54 20.73 01a59426o0032c  1.416667        0
59426.253177 19.922338 NaN    1.0  13.0   c  0.0   0.72 210.89924 54.31835  6884.04  1819.24 2.40 2.20 -74.5 -0.404    19.71 21.20 01a59426o0039c -0.076923        0
59426.258716 20.171596 NaN    3.0  10.0   c  0.0   0.87 210.89924 54.31835  6829.77  1744.14 2.29 2.16 -72.7 -0.405    19.86 21.60 01a59426o0051c  0.100000        0
59426.272762 20.321591 NaN    5.0   8.0   c  0.0   1.68 210.89924 54.31835  6813.66  1861.71 2.30 2.17 -75.0 -0.407    19.88 21.67 01a59426o0081c  0.375000   524288
59430.242183 19.351140 NaN  -30.0  22.0   c  0.0   1.62 210.89924 54.31835  6865.17  1783.90 2.30 2.17 -36.1 -0.390    18.64 19.07 01a59430o0020c -1.454545        0
59430.244954 19.454622 NaN   -2.0  20.0   c  0.0   1.25 210.89924 54.31835  6885.34  1820.41 2.29 2.14 -75.4 -0.400    19.10 19.81 01a59430o0026c -0.200000        0
59430.250541 20.207197 NaN   -6.0  10.0   c  0.0   1.60 210.89924 54.31835  6833.95  1746.41 2.31 2.15 -75.2 -0.398    19.66 20.96 01a59430o0038c -0.800000        0
59430.260749 20.207197 NaN  -16.0  10.0   c  0.0   0.74 210.89924 54.31835  6815.65  1861.41 2.35 2.19 -80.2 -0.402    19.86 21.60 01a59430o0060c -1.800000        0
59434.246925 20.009244 NaN   -5.0  12.0   c  0.0   1.61 210.89924 54.31835  9410.67  5339.27 2.85 2.42 -84.2 -0.365    19.33 20.53 01a59434o0034c -0.583333   524288
59434.250609 19.922338 NaN    1.0  13.0   c  0.0   0.82 210.89924 54.31835  9430.97  5374.40 2.84 2.40 -87.2 -0.376    19.54 21.12 01a59434o0042c -0.076923        0
59434.256155 19.841877 NaN   11.0  11.0   c  0.0   1.05 210.89924 54.31835  9372.44  5304.27 2.78 2.39 -81.8 -0.380    19.71 21.52 01a59434o0054c  0.818182        0
59434.267220 19.816329 NaN   12.0  11.0   c  0.0   1.04 210.89924 54.31835  9355.91  5423.35 2.50 2.22 -79.4 -0.399    19.85 21.64 01a59434o0078c  0.909091        0
59588.641428 20.207197 NaN  -11.0  10.0   c  0.0   1.49 210.89924 54.31835  3822.02  7437.73 2.64 2.39  46.7 -0.398    19.65 21.81 02a59588o0978c -1.300000        0
59588.646929 19.719755 NaN   10.0  13.0   c  0.0   0.85 210.89924 54.31835  3842.88  7476.14 2.57 2.39  44.6 -0.407    19.61 21.81 02a59588o0990c  0.615385        0
59588.658083 19.894850 NaN   12.0  10.0   c  0.0   1.64 210.89924 54.31835  3783.04  7396.88 2.56 2.35  45.7 -0.405    19.61 21.75 02a59588o1014c  1.000000        0
59588.665789 20.103715 NaN  -13.0  11.0   c  0.0   1.36 210.89924 54.31835  3759.63  7516.42 2.65 2.37  46.6 -0.397    19.46 21.22 02a59588o1030c -1.363636        0
59615.558656 20.103715 NaN  -10.0  11.0   c  0.0   1.05 210.89924 54.31835  1510.45  3693.39 2.42 2.36  62.7 -0.422    19.60 21.48 02a59615o0775c -1.090909        0
59615.561412 19.766969 NaN   11.0  12.0   c  0.0   0.98 210.89924 54.31835  1530.12  3732.43 2.41 2.34  55.0 -0.424    19.61 21.49 02a59615o0781c  0.750000  4194560
59615.564167 19.979496 NaN    9.0  10.0   c  0.0   1.07 210.89924 54.31835  1471.66  3652.63 2.53 2.37  44.4 -0.418    19.59 21.49 02a59615o0787c  0.700000        0
59615.571520 20.207197 NaN    2.0  10.0   c  0.0   1.59 210.89924 54.31835  1454.26  3767.63 2.45 2.37  59.2 -0.420    19.60 21.51 02a59615o0803c  0.000000   524288
59619.586609 19.652575 NaN   16.0  12.0   c  0.0   1.31 210.89924 54.31835  4008.73  9589.24 2.54 2.48  49.3 -0.407    19.67 21.67 02a59619o0807c  1.166667        0
59619.588435 20.009244 NaN  -22.0  12.0   c  0.0   1.31 210.89924 54.31835  4028.68  9628.78 2.57 2.47  50.1 -0.406    19.66 21.67 02a59619o0811c -2.000000        0
59619.592559 20.103715 NaN    0.0  11.0   c  0.0   1.33 210.89924 54.31835  3966.34  9549.72 2.64 2.44  46.4 -0.397    19.63 21.67 02a59619o0820c -0.181818        0
59619.610269 19.766969 NaN  -16.0  15.0   c  0.0   0.83 210.89924 54.31835  3945.10  9667.19 2.66 2.46  42.7 -0.396    19.65 21.62 02a59619o0858c -1.200000        0
59639.510262 20.103715 NaN    2.0  11.0   c  0.0   1.11 210.89924 54.31835  1821.88  7491.99 2.33 2.28  63.1 -0.429    19.73 21.72 02a59639o0653c  0.000000        0
59639.513468 20.009244 NaN   -6.0  12.0   c  0.0   0.92 210.89924 54.31835  1841.89  7532.19 2.44 2.32  41.7 -0.416    19.69 21.70 02a59639o0660c -0.666667        0
59639.516215 20.009244 NaN   -3.0  12.0   c  0.0   1.02 210.89924 54.31835  1782.41  7451.10 2.32 2.27  61.5 -0.433    19.71 21.71 02a59639o0666c -0.416667        0
59639.522156 19.950541 NaN    4.0  12.0   c  0.0   0.73 210.89924 54.31835  1762.38  7567.01 2.35 2.31  71.4 -0.430    19.72 21.72 02a59639o0679c  0.166667        0
59643.579606 19.454622 NaN   26.0  12.0   c  0.0   1.78 210.89924 54.31835   814.11  3028.33 2.23 2.10   6.7 -0.449    19.23 21.76 02a59643o0746c  2.000000        0
59643.582534 19.766969 NaN    1.0  15.0   c  0.0   0.93 210.89924 54.31835   792.47  2987.80 2.24 2.12   2.2 -0.448    19.21 21.75 02a59643o0752c -0.066667        0
59643.617736 19.743105 NaN    6.0  14.0   c  0.0   1.11 210.89924 54.31835   850.87  3061.30 2.33 2.09  30.1 -0.440    19.25 21.72 02a59643o0823c  0.285714        0
59643.623182 19.922338 NaN  -13.0  13.0   c  0.0   1.10 210.89924 54.31835   871.96  2939.47 2.25 2.12   8.7 -0.448    19.22 21.71 02a59643o0834c -1.153846        0
59647.511394 19.454622 NaN  -21.0  20.0   c  0.0   1.19 210.89924 54.31835  9773.58  7542.93 2.70 2.33  86.7 -0.448    18.96 21.75 02a59647o0432c -1.150000   524288
59647.514333 19.454622 NaN  -27.0  20.0   c  0.0   0.96 210.89924 54.31835  9794.72  7580.24 2.73 2.33  79.9 -0.441    18.94 21.77 02a59647o0438c -1.450000   524288
59647.519354 18.243872 NaN    5.0  60.0   c  0.0   0.95 210.89924 54.31835  9735.68  7507.58 2.65 2.37  79.9 -0.450    17.72 20.47 02a59647o0448c  0.050000        0
59647.539712 19.401649 NaN   -8.0  21.0   c  0.0   0.92 210.89924 54.31835  9720.47  7627.66 2.89 2.56  68.1 -0.421    18.89 21.75 02a59647o0488c -0.476190        0
59671.401837 19.419021 NaN   16.0  16.0   c  0.0   0.82 210.89924 54.31835  3597.45  5810.13 2.72 2.52  41.0 -0.395    19.49 21.62 02a59671o0314c  0.875000        0
59671.428617 19.696897 NaN   14.0  12.0   c  0.0   1.48 210.89924 54.31835  3631.41  5847.46 2.79 2.53  42.7 -0.393    19.53 21.63 02a59671o0371c  1.000000   524288
59671.431827 19.816329 NaN    6.0  13.0   c  0.0   1.18 210.89924 54.31835  3573.50  5773.11 2.92 2.59  44.1 -0.384    19.45 21.63 02a59671o0378c  0.307692        0
59671.437311 19.743105 NaN    6.0  14.0   c  0.0   1.03 210.89924 54.31835  3553.80  5889.89 2.95 2.56  40.6 -0.386    19.42 21.63 02a59671o0390c  0.285714   524288
59675.445368 16.976557 NaN -330.0 196.0   c  0.0   1.51 210.89924 54.31835  1918.37  9614.07 2.52 2.40  40.5 -0.389    16.29 18.27 02a59675o0501c -1.693878  4196354
59675.451766 18.816441 NaN  -60.0  36.0   c  0.0   1.35 210.89924 54.31835  1898.05  9730.08 2.40 2.34  28.2 -0.458    18.45 20.52 02a59675o0515c -1.722222   532480
59679.432660 19.302877 NaN   -3.0  23.0   c  0.0   0.98 210.89924 54.31835  1954.69  9653.85 2.53 2.39  41.3 -0.436    18.97 20.69 02a59679o0440c -0.217391        0
59679.438161 19.155932 NaN   24.0  19.0   c  0.0   1.46 210.89924 54.31835  1975.15  9692.01 2.48 2.38  33.2 -0.441    18.97 20.71 02a59679o0452c  1.157895        0
59679.439989 19.014394 NaN   29.0  21.0   c  0.0   1.18 210.89924 54.31835  1914.16  9611.90 2.48 2.36  33.1 -0.450    18.99 20.72 02a59679o0456c  1.285714        0
59679.445014 19.436675 NaN    3.0  20.0   c  0.0   1.37 210.89924 54.31835  1892.18  9729.58 2.48 2.41  30.7 -0.443    19.00 20.75 02a59679o0467c  0.050000        0
59695.447397 20.009244 NaN  -29.0  12.0   c  0.0   0.96 210.89924 54.31835  8881.08  5234.67 2.73 2.49  32.2 -0.401    19.49 21.38 02a59695o0478c -2.583333        0
59695.450623 19.841877 NaN   -6.0  14.0   c  0.0   1.04 210.89924 54.31835  8861.62  5194.34 2.66 2.39  33.1 -0.403    19.51 21.38 02a59695o0485c -0.571429        0
59695.485942 19.766969 NaN   -5.0  15.0   c  0.0   0.89 210.89924 54.31835  8911.63  5273.72 2.75 2.44  30.0 -0.390    19.47 21.34 02a59695o0561c -0.466667   524288
59695.514381 19.569016 NaN  -15.0  18.0   c  0.0   1.21 210.89924 54.31835  8928.66  5158.19 2.76 2.40  28.4 -0.395    19.02 20.86 02a59695o0622c -0.944444   524288
59699.416003 16.035456 NaN  276.0 375.0   c  0.0   1.74 210.89924 54.31835  3356.14  7112.81 2.65 2.33  24.6 -0.397    15.53 16.82 02a59699o0410c  0.730667  4196354
59699.419220 18.729535 NaN  -13.0  39.0   c  0.0   0.96 210.89924 54.31835  3338.98  7077.44 2.59 2.33  26.4 -0.397    18.25 19.68 02a59699o0417c -0.384615     8192
59699.424739 17.883650 NaN -165.0  85.0   c  0.0   1.05 210.89924 54.31835  3394.91  7151.40 2.63 2.33  24.4 -0.400    17.23 18.61 02a59699o0429c -1.964706     8192
59699.459844 18.847027 NaN   35.0  24.0   c  0.0   1.00 210.89924 54.31835  3400.56  7032.37 2.59 2.25  27.4 -0.396    18.82 20.34 02a59699o0505c  1.375000  4194560
59723.379391 19.791368 NaN    4.0  14.0   c  0.0   1.06 210.89924 54.31835  5035.58  4872.00 2.69 2.33  28.8 -0.399    19.57 21.29 02a59723o0312c  0.142857        0
59723.382603 19.841877 NaN    1.0  14.0   c  0.0   1.10 210.89924 54.31835  5012.82  4830.81 2.96 2.46  29.7 -0.388    19.52 21.28 02a59723o0319c -0.071429        0
59723.388089 20.071303 NaN    3.0  11.0   c  0.0   1.18 210.89924 54.31835  5073.76  4909.10 2.69 2.30  28.5 -0.402    19.58 21.25 02a59723o0331c  0.090909        0
59723.400898 20.009244 NaN  -11.0  12.0   c  0.0   1.14 210.89924 54.31835  5092.39  4794.97 2.76 2.37  26.9 -0.397    19.55 21.26 02a59723o0359c -1.083333        0
59727.350487 18.226218 NaN  -38.0  62.0   c  0.0   1.40 210.89924 54.31835  5040.12  4878.13 2.68 2.28  31.0 -0.398    17.52 18.91 02a59727o0248c -0.645161        0
59727.353687 19.212347 NaN  -11.0  25.0   c  0.0   1.11 210.89924 54.31835  5020.51  4838.75 2.65 2.25  29.9 -0.401    18.58 20.08 02a59727o0255c -0.520000        0
59727.360089 18.317510 NaN  -90.0  57.0   c  0.0   1.12 210.89924 54.31835  5078.41  4914.34 2.64 2.25  30.7 -0.403    17.59 18.92 02a59727o0269c -1.614035  4194560
59727.371522 18.702047 NaN  -37.0  40.0   c  0.0   1.46 210.89924 54.31835  5099.17  4797.00 2.81 2.30  31.3 -0.389    18.00 19.43 02a59727o0294c -0.975000   524288
59731.393020 20.009244 NaN    1.0  12.0   c  0.0   1.32 210.89924 54.31835  3627.12  8759.92 2.74 2.67  34.9 -0.390    19.54 21.53 02a59731o0172c -0.083333        0
59731.398541 19.766969 NaN   -4.0  15.0   c  0.0   0.94 210.89924 54.31835  3607.07  8720.75 2.84 2.66  42.3 -0.386    19.56 21.51 02a59731o0184c -0.400000        0
59731.401810 19.674510 NaN   12.0  13.0   c  0.0   1.46 210.89924 54.31835  3663.68  8797.72 2.61 2.58  47.3 -0.392    19.59 21.52 02a59731o0191c  0.769231        0
59731.414645 19.743105 NaN   12.0  12.0   c  0.0   1.24 210.89924 54.31835  3681.20  8676.98 2.70 2.54  25.2 -0.395    19.57 21.46 02a59731o0219c  0.833333        0
59751.314809 20.009244 NaN    8.0  10.0   c  0.0   1.58 210.89924 54.31835  4535.52  1091.47 2.41 2.29  78.6 -0.428    19.65 21.48 02a59751o0156c  0.600000        0
59751.318028 20.321591 NaN  -10.0   9.0   c  0.0   1.58 210.89924 54.31835  4515.29  1055.07 2.38 2.26  74.1 -0.429    19.63 21.48 02a59751o0163c -1.333333        0
59751.323522 20.009244 NaN    8.0  10.0   c  0.0   1.34 210.89924 54.31835  4576.57  1130.27 2.32 2.24  79.9 -0.430    19.66 21.47 02a59751o0175c  0.600000        0
59751.334507 19.766969 NaN   14.0  11.0   c  0.0   1.06 210.89924 54.31835  4597.88  1018.05 2.51 2.36  84.2 -0.424    19.64 21.45 02a59751o0199c  1.090909        0
59783.267980 20.009244 NaN  -19.0  12.0   c  0.0   1.14 210.89924 54.31835  1484.01  6793.35 2.40 2.26 -40.0 -0.428    19.57 21.12 02a59783o0058c -1.750000        0
59783.271622 20.009244 NaN  -31.0  12.0   c  0.0   1.07 210.89924 54.31835  1464.81  6754.29 2.58 2.37 -48.8 -0.423    19.53 21.16 02a59783o0066c -2.750000        0
59783.278464 19.841877 NaN   17.0   9.0   c  0.0   1.78 210.89924 54.31835  1521.09  6829.99 2.47 2.26 -47.1 -0.430    19.60 21.20 02a59783o0081c  1.666667     4096
59783.292955 20.009244 NaN   -2.0  12.0   c  0.0   1.08 210.89924 54.31835  1540.07  6709.68 2.37 2.17 -49.0 -0.441    19.57 21.12 02a59783o0113c -0.333333        0
59787.293213 19.922338 NaN   -8.0  13.0   c  0.0   1.30 210.89924 54.31835  6752.11  3138.54 2.82 2.75  54.7 -0.404    19.41 21.28 02a59787o0117c -0.769231        0
59787.297291 19.841877 NaN   -2.0  14.0   c  0.0   0.98 210.89924 54.31835  6731.87  3095.98 2.90 2.84  55.1 -0.387    19.39 21.27 02a59787o0126c -0.285714   524288
59787.303716 19.766969 NaN   -5.0  15.0   c  0.0   0.72 210.89924 54.31835  6789.52  3171.40 2.86 2.76  41.3 -0.390    19.42 21.26 02a59787o0140c -0.466667        0
59787.318300 20.009244 NaN   -3.0  12.0   c  0.0   1.27 210.89924 54.31835  6810.77  3053.19 2.85 2.72  38.2 -0.390    19.44 21.27 02a59787o0172c -0.416667   524288
59811.240646 18.534680 NaN   46.0  32.0   c  0.0   1.27 210.89924 54.31835  9052.83  6892.67 2.67 2.42  28.6 -0.411    18.72 19.75 02a59811o0025c  1.375000        0
59811.243827 19.351140 NaN    0.0  22.0   c  0.0   0.92 210.89924 54.31835  9032.28  6850.79 2.59 2.44  26.7 -0.415    19.14 20.36 02a59811o0032c -0.090909        0
59811.251095 19.569016 NaN    8.0  16.0   c  0.0   1.03 210.89924 54.31835  9090.99  6928.88 2.65 2.50  24.9 -0.412    19.43 21.04 02a59811o0048c  0.375000        0
59811.262036 19.922338 NaN   -8.0  13.0   c  0.0   1.21 210.89924 54.31835  9109.27  6810.69 2.61 2.49  24.0 -0.419    19.49 21.14 02a59811o0072c -0.769231        0
59819.241262 19.631075 NaN  -15.0  17.0   c  0.0   0.84 210.89924 54.31835  6592.52   990.77 2.35 2.22  58.7 -0.407    19.14 20.53 02a59819o0037c -1.000000        0
59819.246702 19.816329 NaN    3.0  14.0   c  0.0   0.89 210.89924 54.31835  6571.25   950.92 2.35 2.24  85.5 -0.416    19.34 20.93 02a59819o0049c  0.071429        0
59819.249867 19.841877 NaN  -25.0  14.0   c  0.0   0.88 210.89924 54.31835  6632.16  1031.07 2.52 2.40  83.9 -0.398    19.35 21.00 02a59819o0056c -1.928571        0
59819.259883 19.894850 NaN    3.0  13.0   c  0.0   1.17 210.89924 54.31835  6654.93   913.68 2.40 2.23 -75.0 -0.426    19.37 21.05 02a59819o0078c  0.076923        0
59841.218401 18.330283 NaN    6.0  55.0   c  0.0   0.95 210.89924 54.31835  6961.52  9558.80 3.07 2.87  65.7 -0.351    17.82 19.42 01a59841o0022c  0.072727        0
59841.222104 19.051202 NaN  -49.0  29.0   c  0.0   0.92 210.89924 54.31835  6982.31  9599.56 3.06 2.87  69.6 -0.351    18.50 20.18 01a59841o0030c -1.758621        0
59841.232292 19.569016 NaN   -7.0  18.0   c  0.0   1.09 210.89924 54.31835  6920.30  9527.82 3.10 2.92  72.9 -0.347    18.98 20.90 01a59841o0052c -0.500000        0
59841.238300 19.569016 NaN  -10.0  18.0   c  0.0   1.04 210.89924 54.31835  6900.15  9644.66 3.11 2.95  71.8 -0.345    19.00 20.95 01a59841o0065c -0.666667        0
59999.634833 19.089302 NaN  -15.0  28.0   c  0.0   1.21 210.89924 54.31835  9236.47  9032.31 2.78 2.66  59.6 -0.390    18.65 20.44 02a59999o0111c -0.607143   524288
59999.637641 19.351140 NaN  -20.0  22.0   c  0.0   1.18 210.89924 54.31835  9217.22  8990.07 2.79 2.68  52.0 -0.385    18.85 20.68 02a59999o0117c -1.000000   524288
59999.650179 19.169763 NaN  -16.0  26.0   c  0.0   1.09 210.89924 54.31835  9271.38  9070.54 2.79 2.58  41.8 -0.388    18.66 20.40 02a59999o0142c -0.692308   524288
59999.656837 19.271854 NaN   10.0  21.0   c  0.0   4.35 210.89924 54.31835  9288.52  8951.76 2.74 2.67  55.7 -0.387    18.85 20.61 02a59999o0155c  0.380952  4194561
60048.393577 19.868040 NaN    7.0  12.0   c  0.0   1.19 210.89924 54.31835  5659.88  7352.83 2.59 2.31  44.1 -0.410    19.52 21.42 02a60048o0341c  0.416667        0
60048.395386 20.103715 NaN  -19.0  11.0   c  0.0   1.06 210.89924 54.31835  5679.91  7391.52 2.59 2.33  43.3 -0.410    19.55 21.42 02a60048o0345c -1.909091        0
60048.401280 19.569016 NaN   17.0  13.0   c  0.0   1.15 210.89924 54.31835  5621.19  7315.08 2.64 2.34  41.5 -0.408    19.55 21.43 02a60048o0357c  1.153846        0
60048.436787 19.549093 NaN   21.0  12.0   c  0.0   1.18 210.89924 54.31835  5602.88  7434.44 2.60 2.30  36.8 -0.410    19.59 21.48 02a60048o0428c  1.583333        0
60050.476350 19.922338 NaN   -3.0  13.0   c  0.0   1.34 210.89924 54.31835  7515.83  9063.93 2.56 2.41  41.2 -0.420    19.44 21.13 02a60050o0512c -0.384615        0
60050.479980 19.569016 NaN   -5.0  18.0   c  0.0   1.12 210.89924 54.31835  7496.29  9022.53 2.54 2.42  44.4 -0.415    19.18 20.81 02a60050o0520c -0.388889   524288
60050.515339 19.287255 NaN   33.0  13.0   c  0.0   1.39 210.89924 54.31835  7551.02  9097.28 2.58 2.38  37.8 -0.409    19.51 21.22 02a60050o0595c  2.384615        0
60050.521155 19.922338 NaN    2.0  13.0   c  0.0   1.24 210.89924 54.31835  7569.09  8977.31 2.62 2.41  36.5 -0.410    19.50 21.21 02a60050o0607c  0.000000   524288
60052.473293 19.766969 NaN  -15.0  15.0   c  0.0   1.04 210.89924 54.31835  5229.37  4862.92 2.42 2.19  34.8 -0.405    19.31 20.97 02a60052o0517c -1.133333   524288
60052.476484 19.696897 NaN    1.0  16.0   c  0.0   0.99 210.89924 54.31835  5209.74  4823.33 2.52 2.21  29.4 -0.396    19.08 20.78 02a60052o0524c -0.062500        0
60052.509238 19.510313 NaN   11.0  16.0   c  0.0   0.75 210.89924 54.31835  5269.86  4892.68 2.54 2.21  32.3 -0.401    19.45 21.04 02a60052o0592c  0.562500        0
60052.515613 19.922338 NaN  -25.0  13.0   c  0.0   1.23 210.89924 54.31835  5290.88  4774.34 2.56 2.21  33.7 -0.395    19.42 20.99 02a60052o0605c -2.076923        0
60056.426687 19.922338 NaN   -3.0  13.0   c  0.0   1.25 210.89924 54.31835  1340.59  5157.67 2.48 2.28  20.4 -0.422    19.44 21.06 02a60056o0426c -0.384615        0
60056.430308 19.367717 NaN   22.0  15.0   c  0.0   0.82 210.89924 54.31835  1322.24  5117.33 2.60 2.46  12.1 -0.417    19.37 21.05 02a60056o0434c  1.333333        0
60056.465450 19.841877 NaN  -17.0  14.0   c  0.0   1.01 210.89924 54.31835  1374.52  5185.09 2.42 2.22  20.2 -0.426    19.49 21.06 02a60056o0509c -1.357143        0
60056.470537 20.009244 NaN   -6.0  12.0   c  0.0   1.41 210.89924 54.31835  1396.42  5066.38 2.42 2.23  16.9 -0.423    19.47 21.04 02a60056o0520c -0.666667        0
60058.400358 19.979496 NaN    3.0  12.0   c  0.0   1.65 210.89924 54.31835  5900.26  9491.57 2.76 2.42  41.3 -0.396    19.41 21.02 02a60058o0368c  0.083333        0
60058.403081 19.922338 NaN  -20.0  13.0   c  0.0   1.04 210.89924 54.31835  5921.40  9528.60 2.73 2.41  37.3 -0.401    19.44 21.03 02a60058o0374c -1.692308   524288
60058.406260 19.791368 NaN    4.0  14.0   c  0.0   1.16 210.89924 54.31835  5859.36  9453.18 2.79 2.42  42.0 -0.393    19.44 21.03 02a60058o0381c  0.142857        0
60058.412604 19.569016 NaN   11.0  15.0   c  0.0   1.34 210.89924 54.31835  5838.57  9572.71 2.73 2.40  39.1 -0.397    19.44 21.03 02a60058o0395c  0.600000  4194560
60076.451715 19.816329 NaN   12.0  11.0   c  0.0   1.14 210.89924 54.31835  6760.28   977.21 2.33 2.17 -71.6 -0.422    19.51 21.04 02a60076o0241c  0.909091        0
60076.455118 20.103715 NaN  -11.0  11.0   c  0.0   1.27 210.89924 54.31835  6741.13   939.37 2.31 2.11 -75.2 -0.429    19.50 21.03 02a60076o0248c -1.181818        0
60076.458122 19.652575 NaN   16.0  12.0   c  0.0   1.09 210.89924 54.31835  6802.67  1019.04 2.32 2.11 -72.5 -0.428    19.54 21.05 02a60076o0254c  1.166667        0
60076.463264 19.950541 NaN    7.0  11.0   c  0.0   1.68 210.89924 54.31835  6822.31   897.13 2.30 2.12 -80.2 -0.428    19.48 21.02 02a60076o0264c  0.454545        0
60078.380061 20.282105 NaN    3.0   9.0   c  0.0   1.83 210.89924 54.31835  3269.66  4977.50 2.32 2.16  25.3 -0.414    19.63 21.30 02a60078o0314c  0.111111        0
60078.383226 20.207197 NaN   -4.0  10.0   c  0.0   1.34 210.89924 54.31835  3250.37  4942.09 2.29 2.16  19.0 -0.423    19.62 21.30 02a60078o0321c -0.600000        0
60078.390093 20.207197 NaN    0.0  10.0   c  0.0   1.29 210.89924 54.31835  3309.11  5017.40 2.29 2.15  24.7 -0.417    19.59 21.30 02a60078o0336c -0.200000        0
60078.401655 20.207197 NaN   -9.0  10.0   c  0.0   1.20 210.89924 54.31835  3329.57  4899.01 2.34 2.16  23.5 -0.418    19.61 21.34 02a60078o0361c -1.100000        0