         MJD         m       dm  uJy  duJy F  err  chi/N        RA      Dec        x        y  maj  min   phi  apfit  mag5sig   Sky            Obs     Mask   duJy_new
57396.587948 19.038793      NaN   27    20 c    0   0.90 210.91068 54.31167  7750.35  2256.65 3.99 3.60   7.9 -0.427    19.59 21.57 02a57396o0607c   524288  25.249893
57396.598947 19.510313      NaN  -18    19 c    0   1.01 210.91068 54.31167  7463.99  1683.68 4.10 3.60   5.1 -0.444    19.60 21.58 02a57396o0625c   524288  24.465427
57396.614233 18.786693      NaN   -3    37 c    0   0.86 210.91068 54.31167  8277.58  2827.67 3.80 3.60  20.2 -0.418    19.60 21.56 02a57396o0650c   524288  40.081880
57396.627717 18.729535      NaN  -63    39 c    0   1.03 210.91068 54.31167  8540.03  1066.35 4.33 3.66  11.1 -0.431    19.59 21.57 02a57396o0672c   524288  41.935154
57424.598946 19.401649      NaN    8    18 c    0   1.02 210.91068 54.31167  8248.88  1582.52 4.32 3.76  10.3 -0.440    19.70 21.79 02a57424o0633c        0  23.697196
57424.604067 19.454622      NaN    2    19 c    0   0.98 210.91068 54.31167  8512.84  2152.58 4.25 3.83  15.2 -0.423    19.68 21.79 02a57424o0641c        0  24.465427
57424.621336 19.569016      NaN   -3    18 c    0   0.83 210.91068 54.31167  7357.55  2770.18 4.01 3.71   9.8 -0.415    19.70 21.79 02a57424o0667c   524288  23.697196
57424.633626 19.569016      NaN   -7    18 c    0   0.98 210.91068 54.31167  7280.50  2864.02 3.96 3.67  11.4 -0.418    19.70 21.79 02a57424o0685c        0  23.697196
57448.521048 19.212347      NaN   -4    25 c    0   0.96 210.91068 54.31167  7915.51  1773.42 4.00 3.65  14.9 -0.450    19.26 20.81 02a57448o0458c        0  29.369323
57448.543577 19.002397      NaN   24    22 c    0   1.05 210.91068 54.31167  8207.46  2353.72 3.94 3.73  23.0 -0.440    19.21 20.77 02a57448o0497c   524288  26.861815
57448.565924 19.302877      NaN  -37    23 c    0   0.99 210.91068 54.31167  7066.72  2975.91 4.38 3.91  -1.2 -0.388    19.09 20.75 02a57448o0536c        0  27.686768
57448.596475 19.063754      NaN   19    22 c    0   1.01 210.91068 54.31167  3361.43  7822.18 3.87 3.61 -70.4 -0.422    19.20 20.80 02a57448o0592c        0  26.861815
57449.515332 19.351140      NaN  -28    22 c    0   0.98 210.91068 54.31167  8152.24  1724.05 4.04 3.63  15.4 -0.462    19.45 21.19 02a57449o0610c        0  26.861815
57449.538360 18.878500      NaN   47    18 c    0   1.05 210.91068 54.31167  8450.60  2301.89 3.82 3.59  30.5 -0.456    19.42 21.11 02a57449o0650c        0  23.697196
57449.558557 19.212347      NaN   17    19 c    0   1.24 210.91068 54.31167  7310.12  2929.49 3.78 3.62  14.9 -0.427    19.39 21.07 02a57449o0688c        0  24.465427
57449.570520 19.454622      NaN   -9    20 c    0   1.14 210.91068 54.31167  7291.98  2868.83 3.76 3.57  18.1 -0.439    19.39 21.06 02a57449o0709c        0  25.249893
57458.509881 19.026525      NaN   31    19 c    0   1.23 210.91068 54.31167  8234.76  1576.59 4.32 3.77  15.4 -0.446    19.65 21.70 02a57458o0606c   524288  24.465427
57458.513259 19.063754      NaN   31    18 c    0   1.32 210.91068 54.31167  8520.60  2145.34 4.20 3.90  23.7 -0.426    19.61 21.68 02a57458o0613c        0  23.697196
57458.536888 19.063754      NaN   28    19 c    0   0.88 210.91068 54.31167  7393.62  2770.94 4.12 3.83   2.0 -0.402    19.60 21.68 02a57458o0653c  4195328  24.465427
57458.567769 18.978793      NaN   44    16 c    0   1.44 210.91068 54.31167  3357.74  7820.09 3.85 3.61 -72.9 -0.421    19.64 21.68 02a57458o0708c   524288  22.216145
57488.426551 19.491430      NaN    0    19 c    0   1.13 210.91068 54.31167  8367.11  1648.89 4.32 3.81  20.1 -0.478    19.60 21.59 02a57488o0373c   524288  24.465427
57488.444090 19.510313      NaN   -6    19 c    0   1.09 210.91068 54.31167  8654.47  2205.32 4.18 3.80  29.5 -0.461    19.60 21.61 02a57488o0405c        0  24.465427
57488.465855 18.978793      NaN   23    23 c    0   0.76 210.91068 54.31167  7532.54  2852.22 4.05 3.72  15.6 -0.447    19.57 21.56 02a57488o0444c   524288  27.686768
57488.475297 19.454622      NaN   -9    20 c    0   0.88 210.91068 54.31167  3343.77  7811.75 3.99 3.61 -65.0 -0.439    19.55 21.54 02a57488o0460c        0  25.249893
57512.362600 19.256669      NaN   14    19 c    0   1.19 210.91068 54.31167  9554.74  2715.63 4.66 4.15  38.4 -0.436    19.51 21.58 02a57512o0305c        0  24.465427
57512.371077 19.318728      NaN    4    21 c    0   1.23 210.91068 54.31167  9577.64  2751.93 4.57 4.08  39.7 -0.440    19.53 21.60 02a57512o0322c   524288  26.049129
57512.373986 19.302877      NaN    5    21 c    0   0.89 210.91068 54.31167   370.00  2639.14 5.06 3.82 -34.2 -0.412    19.58 21.60 02a57512o0328c   524288  26.049129
57512.383392 19.454622      NaN  -50    20 c    0   1.10 210.91068 54.31167   389.84  2676.31 5.10 3.92 -34.0 -0.413    19.54 21.60 02a57512o0347c        0  25.249893
57512.386899 19.401649      NaN    8    18 c    0   1.28 210.91068 54.31167   985.92  7892.77 4.45 3.81 -58.3 -0.428    19.55 21.63 02a57512o0354c   524288  23.697196
57512.388945 19.631075      NaN   -6    17 c    0   1.30 210.91068 54.31167   323.98  2599.85 5.16 3.88 -31.5 -0.404    19.57 21.61 02a57512o0358c   524288  22.946832
57512.397027 19.631075      NaN  -20    17 c    0   1.48 210.91068 54.31167  1016.40  7773.54 4.38 3.76 -57.8 -0.429    19.55 21.60 02a57512o0374c   524288  22.946832
57512.407432 19.569016      NaN   -5    18 c    0   1.00 210.91068 54.31167 10208.10  7839.29 4.60 3.71  81.1 -0.426    19.54 21.62 02a57512o0395c        0  23.697196
57512.416849 19.197966      NaN   15    20 c    0   0.99 210.91068 54.31167  3618.03  8646.37 4.14 3.80 -61.9 -0.410    19.52 21.58 02a57512o0414c        0  25.249893
57515.371866 19.089302      NaN   17    22 c    0   1.14 210.91068 54.31167  1960.16   498.60 5.36 3.74 -16.1 -0.483    19.58 21.68 02a57515o0321c        0  26.861815
57515.372987 19.128787      NaN  -11    27 c    0   1.15 210.91068 54.31167  7384.52   268.42 5.29 3.91  10.3 -0.491    19.61 21.70 02a57515o0323c   524288  31.089502
57515.374441 19.241693      NaN   12    20 c    0   1.07 210.91068 54.31167  8554.75 10101.74 4.30 3.86  75.4 -0.415    19.60 21.66 02a57515o0326c   524288  25.249893
57515.383262 19.454622      NaN  -10    20 c    0   0.87 210.91068 54.31167  3106.41 10259.35 4.24 3.95 -48.5 -0.399    19.61 21.73 02a57515o0344c        0  25.249893
57515.385734 19.256669      NaN    8    21 c    0   0.95 210.91068 54.31167  8483.16 10022.21 4.17 3.76  74.5 -0.422    19.61 21.65 02a57515o0348c        0  26.049129
57515.386824 19.026525      NaN   28    20 c    0   0.89 210.91068 54.31167  3158.49 10343.82 4.28 3.97 -54.3 -0.402    19.61 21.70 02a57515o0350c        0  25.249893
57515.400161 19.063754      NaN   19    22 c    0   0.90 210.91068 54.31167  3192.99 10223.60 4.17 3.91 -48.5 -0.390    19.61 21.69 02a57515o0376c   524288  26.861815
57515.402098 19.302877      NaN  -50    23 c    0   1.03 210.91068 54.31167  2041.87   424.38 5.17 3.65 -16.0 -0.485    19.58 21.64 02a57515o0380c   524288  27.686768
57515.409082 19.351140      NaN  -19    22 c    0   1.19 210.91068 54.31167  1993.13   487.04 5.24 3.65 -15.0 -0.478    19.58 21.61 02a57515o0393c        0  26.861815
57515.410533 19.510313      NaN   -3    19 c    0   0.98 210.91068 54.31167  3152.05 10287.29 4.12 3.91 -42.6 -0.392    19.61 21.65 02a57515o0396c        0  24.465427
57545.329395 19.569016      NaN  -21    18 c    0   1.24 210.91068 54.31167  1120.97  8151.29 4.40 3.94 -56.1 -0.415    19.59 21.73 02a57545o0190c        0  23.697196
57545.338129 19.454622      NaN   -3    20 c    0   1.25 210.91068 54.31167  1108.08  8113.95 4.40 3.93 -61.1 -0.432    19.58 21.75 02a57545o0208c   524288  25.249893
57545.345896 19.510313      NaN   -9    19 c    0   0.95 210.91068 54.31167 10320.47  8233.28 4.55 3.63  80.2 -0.431    19.64 21.77 02a57545o0224c        0  24.465427
57545.355107 19.631075      NaN  -31    17 c    0   1.02 210.91068 54.31167  1166.52  8189.75 4.15 3.77 -57.0 -0.430    19.62 21.73 02a57545o0243c  4194560  22.946832
57545.356559 19.302877      NaN    8    20 c    0   0.74 210.91068 54.31167 10308.59  8195.60 4.65 3.62  82.6 -0.426    19.64 21.79 02a57545o0246c        0  25.249893
57545.358980 19.318728      NaN   16    17 c    0   1.02 210.91068 54.31167 10365.65  8277.62 4.64 3.65  81.3 -0.435    19.64 21.79 02a57545o0251c   524288  22.946832
57545.361400 19.401649      NaN  -35    21 c    0   1.77 210.91068 54.31167  1179.44  8072.46 4.39 3.92 -58.1 -0.425    19.56 21.74 02a57545o0256c        0  26.049129
57545.371093 19.454622      NaN  -27    20 c    0   1.18 210.91068 54.31167  1146.79  8133.14 4.36 3.89 -56.8 -0.427    19.46 21.59 02a57545o0276c   524288  25.249893
57545.380784 19.271854      NaN    4    22 c    0   1.09 210.91068 54.31167 10378.31  8164.96 4.68 3.68  80.3 -0.420    19.41 21.51 02a57545o0296c        0  26.861815
57545.390661 19.510313      NaN  -14    19 c    0   1.11 210.91068 54.31167 10340.76  8224.79 4.89 3.82  79.3 -0.420    19.52 21.66 02a57545o0315c        0  24.465427
57549.332077 19.401649      NaN  -23    21 c    0   1.05 210.91068 54.31167  2409.06  9676.65 4.08 3.84 -55.2 -0.424    19.44 21.31 02a57549o0078c        0  26.049129
57549.342782 19.318728      NaN    1    22 c    0   0.95 210.91068 54.31167  2398.90  9636.87 4.17 3.87 -53.8 -0.416    19.44 21.33 02a57549o0100c        0  26.861815
57549.359807 19.454622      NaN  -13    20 c    0   1.06 210.91068 54.31167  2455.25  9712.27 4.12 3.83 -48.4 -0.420    19.46 21.36 02a57549o0135c   524288  25.249893
57549.367069 18.534680      NaN   43    32 c    0   0.63 210.91068 54.31167  2467.90  9595.47 4.12 3.84 -53.7 -0.424    19.47 21.39 02a57549o0150c  4194560  35.518405
57549.375839 19.271854      NaN   13    19 c    0   1.26 210.91068 54.31167  2436.45  9659.19 4.25 3.90 -49.3 -0.416    19.49 21.47 02a57549o0168c        0  24.465427
57581.293250 19.212347      NaN  -17    25 c    0   1.07 210.91068 54.31167  3739.36  6913.59 4.17 3.83 -76.9 -0.443    19.01 20.64 02a57581o0088c   524288  29.369323
57581.304631 19.128787      NaN  -11    27 c    0   1.04 210.91068 54.31167  3726.77  6872.23 4.12 3.85 -62.0 -0.443    19.01 20.65 02a57581o0111c        0  31.089502
57581.321240 19.169763      NaN  -15    26 c    0   1.06 210.91068 54.31167  3782.19  6946.73 3.97 3.69 -62.7 -0.451    19.00 20.58 02a57581o0145c        0  30.225107
57581.328019 18.519279      NaN   57    28 c    0   1.12 210.91068 54.31167  3794.56  6829.35 3.92 3.63 -72.1 -0.454    19.00 20.57 02a57581o0159c        0  31.961807
57581.338880 19.256669      NaN   -2    24 c    0   1.52 210.91068 54.31167  3761.81  6888.33 3.99 3.68 -65.9 -0.453    18.93 20.48 02a57581o0181c        0  28.522923
57605.257770 18.786693      NaN  -29    37 c    0   1.40 210.91068 54.31167  4002.69  6988.33 4.26 3.91  41.5 -0.371    18.85 21.71 02a57605o0052c  4194560  40.081880
57605.266058 18.330283      NaN   51    39 c    0   1.04 210.91068 54.31167  3979.76  6947.76 4.44 4.23  41.9 -0.398    18.84 21.70 02a57605o0066c   532480  41.935154
57605.277177 18.675237      NaN -146    41 c    0   1.03 210.91068 54.31167  4035.97  7021.22 5.25 5.14  64.7 -0.324    18.70 21.72 02a57605o0085c  4194560  43.801337
57605.290850 19.155932      NaN    6    24 c    0   0.98 210.91068 54.31167  4059.64  6905.14 4.92 4.71 -64.5 -0.355    19.19 21.41 02a57605o0109c  4194560  28.522923
57605.303123 19.155932      NaN   18    20 c    0   0.84 210.91068 54.31167  4014.33  6960.97 4.12 3.93 -60.0 -0.388    19.35 21.41 02a57605o0133c   532480  25.249893
57609.251150 18.910912      NaN   17    27 c    0   1.08 210.91068 54.31167  1296.90 10121.88 4.18 3.78 -54.7 -0.424    19.04 20.57 02a57609o0045c        0  31.089502
57609.257024 15.661082      NaN  324   550 c    0   0.02 210.91068 54.31167 10521.66 10244.70 4.94 3.91  81.8 -0.425    19.23 20.92 02a57609o0055c  4196354 550.215919
57609.260345 18.786693      NaN   26    28 c    0   0.91 210.91068 54.31167  1273.10 10080.35 4.25 3.89 -54.2 -0.430    19.15 20.84 02a57609o0061c        0  31.961807
57609.274446 19.169763      NaN  -14    26 c    0   1.13 210.91068 54.31167  1328.25 10156.14 4.24 4.00 -55.2 -0.430    19.15 20.86 02a57609o0086c        0  30.225107
57609.275582 18.136622      NaN   75    42 c    0   0.85 210.91068 54.31167 10507.57 10202.14 5.08 4.03  81.4 -0.384    19.23 20.97 02a57609o0088c  4194560  44.738765
57609.283416 19.169763      NaN  -33    26 c    0   1.30 210.91068 54.31167  1340.14 10033.28 4.35 3.86 -54.9 -0.413    19.11 20.83 02a57609o0102c        0  30.225107
57609.293767 18.550302      NaN   47    30 c    0   0.81 210.91068 54.31167  1303.90 10097.55 4.49 3.94 -54.1 -0.404    19.06 20.79 02a57609o0120c        0  33.727691
57746.613969 19.454622      NaN    8    17 c    0   1.15 210.91068 54.31167  9615.68  2378.62 4.06 3.82  81.9 -0.422    19.61 21.65 02a57746o0819c        0  22.946832
57746.625461 19.510313      NaN  -26    19 c    0   1.13 210.91068 54.31167  9626.06  2418.25 4.08 3.83  80.9 -0.420    19.61 21.63 02a57746o0841c        0  24.465427
57746.627011 19.631075      NaN  -19    17 c    0   1.16 210.91068 54.31167   418.48  2309.31 4.23 4.16 -88.4 -0.369    19.54 21.57 02a57746o0844c   524288  22.946832
57746.636855 19.510313      NaN  -13    19 c    0   0.96 210.91068 54.31167  9570.53  2345.36 4.24 4.02  81.1 -0.403    19.60 21.66 02a57746o0863c   524288  24.465427
57746.638445 19.569016      NaN  -22    18 c    0   1.13 210.91068 54.31167   431.10  2349.50 4.28 4.20  86.1 -0.365    19.56 21.60 02a57746o0866c   524288  23.697196
57746.648259 19.569016      NaN  -23    18 c    0   1.11 210.91068 54.31167  9556.52  2463.52 4.17 3.92  78.9 -0.407    19.60 21.66 02a57746o0885c   524288  23.697196
57746.650355 19.367717      NaN   13    17 c    0   1.09 210.91068 54.31167   372.33  2267.13 4.15 4.02  85.8 -0.380    19.60 21.59 02a57746o0889c   524288  22.946832
57746.659628 19.302877      NaN    5    21 c    0   0.95 210.91068 54.31167  9592.66  2405.25 4.06 3.80  79.7 -0.417    19.52 21.38 02a57746o0907c        0  26.049129
57746.661195 19.401649      NaN   -2    21 c    0   0.97 210.91068 54.31167   361.33  2403.65 4.09 3.96  84.3 -0.381    19.40 21.16 02a57746o0910c   524288  26.049129
57746.669931 18.675237      NaN   -5    41 c    0   1.04 210.91068 54.31167   394.63  2328.05 4.32 4.15  80.1 -0.358    18.45 19.40 02a57746o0927c        0  43.801337
57778.570698 19.569016      NaN  -20    18 c    0   1.17 210.91068 54.31167  9106.71 10202.74 4.12 3.71 -88.1 -0.431    19.77 21.82 02a57778o0568c   524288  23.697196
57778.576629 19.351140      NaN  -21    22 c    0   0.96 210.91068 54.31167  7881.93   401.57 4.00 3.78  15.2 -0.454    19.75 21.80 02a57778o0578c   524288  26.861815
57778.584061 19.051202      NaN   26    20 c    0   0.92 210.91068 54.31167  9120.07 10244.21 4.09 3.68 -88.1 -0.432    19.77 21.81 02a57778o0592c        0  25.249893
57778.589437 19.115465      NaN   27    18 c    0   1.25 210.91068 54.31167  7894.20   442.47 3.94 3.77  18.2 -0.452    19.77 21.82 02a57778o0602c   524288  23.697196
57778.596885 19.271854      NaN   10    20 c    0   0.85 210.91068 54.31167  9062.70 10170.18 4.09 3.73  89.5 -0.433    19.78 21.83 02a57778o0616c        0  25.249893
57778.602290 19.142275      NaN   19    20 c    0   1.11 210.91068 54.31167  7851.68   367.11 3.95 3.73  15.2 -0.452    19.79 21.85 02a57778o0626c   524288  25.249893
57778.609876 19.510313      NaN  -11    19 c    0   1.03 210.91068 54.31167  9040.58 10291.36 4.04 3.68 -88.5 -0.432    19.80 21.86 02a57778o0640c   524288  24.465427
57778.615190 19.401649      NaN  -10    21 c    0   0.78 210.91068 54.31167  7831.10   490.79 3.84 3.67  17.8 -0.453    19.81 21.88 02a57778o0650c        0  26.049129
57778.622705 19.510313      NaN   -5    19 c    0   0.97 210.91068 54.31167  9086.06 10231.84 3.99 3.63 -89.0 -0.436    19.82 21.89 02a57778o0664c        0  24.465427
57778.628048 19.401649      NaN  -10    21 c    0   0.99 210.91068 54.31167  7865.22   431.70 3.99 3.81  15.4 -0.447    19.77 21.86 02a57778o0674c   524288  26.049129
57782.565439 19.631075      NaN  -26    17 c    0   1.05 210.91068 54.31167  8317.82  1401.40 3.86 3.75  84.2 -0.416    19.82 21.96 02a57782o0717c        0  22.946832
57782.579866 19.063754      NaN   34    17 c    0   0.95 210.91068 54.31167  8339.77  1441.32 3.89 3.75 -88.5 -0.409    19.84 21.99 02a57782o0743c        0  22.946832
57782.593858 19.696897      NaN  -37    16 c    0   1.02 210.91068 54.31167  8283.45  1368.28 3.81 3.67  86.7 -0.414    19.88 22.03 02a57782o0769c        0  22.216145
57782.607900 19.569016      NaN  -14    18 c    0   1.04 210.91068 54.31167  8260.49  1491.86 3.93 3.77  83.5 -0.405    19.81 21.96 02a57782o0795c  4194560  23.697196
57782.621826 19.226921      NaN   22    17 c    0   1.16 210.91068 54.31167  8309.01  1433.74 3.86 3.71  85.7 -0.415    19.84 21.99 02a57782o0821c        0  22.946832
57786.563706 19.510313      NaN  -15    19 c    0   0.88 210.91068 54.31167  9333.87  9922.41 3.91 3.51 -86.1 -0.426    19.80 21.89 02a57786o0507c   524288  24.465427
57786.566299 19.128787      NaN   20    20 c    0   1.14 210.91068 54.31167  8090.84   122.51 3.89 3.68  12.8 -0.447    19.82 21.92 02a57786o0512c        0  25.249893
57786.576403 19.510313      NaN    2    18 c    0   1.05 210.91068 54.31167  9345.04  9962.70 3.98 3.59 -88.6 -0.418    19.82 21.94 02a57786o0531c   524288  23.697196
57786.579012 19.241693      NaN    9    21 c    0   1.03 210.91068 54.31167  8103.11   163.06 3.88 3.68  17.3 -0.448    19.85 21.96 02a57786o0536c        0  26.049129
57786.589214 19.631075      NaN  -33    17 c    0   0.94 210.91068 54.31167  9286.86  9887.26 3.94 3.57 -90.0 -0.429    19.83 21.94 02a57786o0555c   524288  22.946832
57786.591848 19.401649      NaN   -6    21 c    0   0.94 210.91068 54.31167  8047.38    87.36 3.90 3.71  15.5 -0.449    19.68 21.79 02a57786o0560c   524288  26.049129
57786.602149 18.826541      NaN   34    24 c    0   1.19 210.91068 54.31167  9264.12 10008.96 3.98 3.64  85.5 -0.433    19.48 21.55 02a57786o0579c        0  28.522923
57786.604786 19.302877      NaN  -41    23 c    0   0.90 210.91068 54.31167  8036.04   208.52 3.88 3.76  18.9 -0.442    19.84 21.98 02a57786o0584c   524288  27.686768
57786.615038 19.197966      NaN   21    18 c    0   1.00 210.91068 54.31167  9309.08  9950.24 3.95 3.59  86.1 -0.426    19.78 21.88 02a57786o0603c   524288  23.697196
57786.617646 19.454622      NaN  -11    20 c    0   1.02 210.91068 54.31167  8070.42   151.95 3.90 3.74  24.7 -0.449    19.84 21.99 02a57786o0608c        0  25.249893
57806.543426 19.197966      NaN   15    20 c    0   0.91 210.91068 54.31167  9193.54  1304.83 3.85 3.71  60.1 -0.446    19.76 21.82 02a57806o0606c        0  25.249893
57806.546470 19.589310      NaN    1    17 c    0   1.19 210.91068 54.31167  9219.81  1341.98 3.98 3.84  55.3 -0.429    19.74 21.83 02a57806o0612c   524288  22.946832
57806.563479 19.631075      NaN   -8    17 c    0   1.21 210.91068 54.31167  9162.35  1269.26 4.05 3.88  52.4 -0.427    19.76 21.89 02a57806o0643c        0  22.946832
57806.577726 18.990530      NaN   28    21 c    0   0.90 210.91068 54.31167  9141.97  1388.41 3.91 3.72  65.1 -0.441    19.76 21.84 02a57806o0669c   524288  26.049129
57806.591596 19.014394      NaN   32    19 c    0   1.00 210.91068 54.31167  9192.05  1327.70 3.91 3.71  60.9 -0.439    19.72 21.75 02a57806o0695c        0  24.465427
57834.492888 19.155932      NaN   21    19 c    0   0.92 210.91068 54.31167  8094.06  3373.16 3.99 3.71  87.7 -0.381    19.07 21.15 02a57834o0443c        0  24.465427
57834.503330 19.454622      NaN  -21    20 c    0   1.17 210.91068 54.31167  2388.47  7038.11 3.82 3.69  44.8 -0.427    19.11 21.19 02a57834o0463c        0  25.249893
57834.527024 18.889197      NaN   28    24 c    0   0.98 210.91068 54.31167  2435.79  7114.10 3.82 3.67  46.3 -0.423    19.04 21.02 02a57834o0506c   524288  28.522923
57834.542612 19.351140      NaN   -1    22 c    0   1.16 210.91068 54.31167  2454.99  6998.96 4.01 3.88  51.8 -0.407    18.92 20.83 02a57834o0535c        0  26.861815
57834.554663 19.212347      NaN  -31    25 c    0   0.82 210.91068 54.31167  2409.89  7060.35 4.05 3.88  49.6 -0.393    18.86 20.73 02a57834o0557c        0  29.369323
57838.492206 19.241693      NaN    3    23 c    0   0.92 210.91068 54.31167   128.86   588.06 4.44 4.39 -73.3 -0.376    19.01 21.19 02a57838o0454c   524288  27.686768
57838.492735 18.967180      NaN   27    22 c    0   0.99 210.91068 54.31167  1491.26 10396.98 4.33 4.18  26.1 -0.383    19.04 21.20 02a57838o0455c   524288  26.861815
57838.494486 19.142275      NaN   13    22 c    0   1.10 210.91068 54.31167  9019.91    91.83 4.02 3.88  39.5 -0.447    19.06 21.21 02a57838o0458c   524288  26.861815
57838.495005 18.990530      NaN   28    21 c    0   1.20 210.91068 54.31167 10384.17  9904.10 4.46 4.09  80.9 -0.413    19.01 21.18 02a57838o0459c  4194560  26.049129
57838.505700 19.401649      NaN  -20    21 c    0   1.28 210.91068 54.31167 10312.68  9828.91 4.42 4.10  82.0 -0.403    19.02 21.17 02a57838o0479c   524288  26.049129
57838.524714 19.510313      NaN   -6    19 c    0   0.96 210.91068 54.31167   187.43   504.86 4.25 4.18 -14.6 -0.373    19.03 21.14 02a57838o0515c   524288  24.465427
57838.528687 19.212347      NaN  -39    25 c    0   0.94 210.91068 54.31167  1540.20 10311.98 4.13 3.95  18.6 -0.402    19.04 21.15 02a57838o0522c  4194560  29.369323
57838.541835 19.401649      NaN  -11    21 c    0   1.23 210.91068 54.31167  1512.40 10374.50 4.23 3.75   9.1 -0.385    19.03 21.12 02a57838o0547c   524288  26.049129
57838.542881 19.454622      NaN  -14    20 c    0   1.07 210.91068 54.31167   153.97   560.41 4.09 3.98 -87.9 -0.398    19.06 21.09 02a57838o0549c        0  25.249893
57842.515338 19.256669      NaN  -13    24 c    0   0.88 210.91068 54.31167  3835.67  6725.29 4.04 3.91  55.3 -0.397    18.98 21.04 02a57842o0427c   524288  28.522923
57842.526432 19.351140      NaN  -19    22 c    0   1.21 210.91068 54.31167  3878.84  6800.96 4.26 4.09  67.1 -0.387    18.93 21.04 02a57842o0448c        0  26.861815
57842.544005 19.226921      NaN    7    22 c    0   1.02 210.91068 54.31167  3899.92  6680.73 4.12 3.96  75.6 -0.378    18.94 20.97 02a57842o0481c        0  26.861815
57862.478560 19.454622      NaN  -24    20 c    0   1.23 210.91068 54.31167  3527.98  6957.05 3.82 3.70  86.0 -0.396    18.84 20.47 02a57862o0525c        0  25.249893
57862.500554 19.183773      NaN   16    20 c    0   1.47 210.91068 54.31167  3505.08  6917.09 3.78 3.66  86.7 -0.403    18.76 20.25 02a57862o0570c        0  25.249893
57862.510937 18.786693      NaN   44    22 c    0   1.01 210.91068 54.31167  3561.94  6992.78 3.72 3.61  84.8 -0.412    18.74 20.17 02a57862o0591c   524288  26.861815
57862.522570 18.720295      NaN   45    24 c    0   0.98 210.91068 54.31167  3585.91  6874.33 3.74 3.65  72.0 -0.401    18.68 20.07 02a57862o0615c        0  28.522923
57862.530436 19.351140      NaN    5    20 c    0   1.54 210.91068 54.31167  3552.81  6933.24 3.69 3.59  76.2 -0.414    18.67 20.02 02a57862o0631c   524288  25.249893
57870.492158 19.719755      NaN   10    12 c    0   1.09 210.91068 54.31167  1900.16  8600.98 2.43 2.27   7.5 -0.466    19.53 20.68 02a57870o0440c        0  19.533487
57870.509600 20.103715      NaN  -12    11 c    0   1.31 210.91068 54.31167  1876.98  8563.04 2.44 2.28   5.7 -0.462    19.48 20.63 02a57870o0473c        0  18.935604
57870.517991 20.103715      NaN  -11    11 c    0   1.21 210.91068 54.31167  1932.25  8635.02 2.46 2.31   7.0 -0.469    19.46 20.60 02a57870o0489c        0  18.935604
57870.530201 19.472870      NaN   22    12 c    0   0.95 210.91068 54.31167  1957.93  8517.51 2.48 2.35   1.2 -0.461    19.42 20.58 02a57870o0512c        0  19.533487
57870.541671 19.922338      NaN   -7    13 c    0   0.92 210.91068 54.31167  1925.17  8575.19 2.47 2.35   0.6 -0.466    19.42 20.55 02a57870o0534c        0  20.163261
57894.386745 20.103715      NaN   -1    11 c    0   1.70 210.91068 54.31167  1323.19  9775.46 2.54 2.33 -11.6 -0.463    19.65 21.54 02a57894o0292c        0  18.935604
57894.416893 19.950541      NaN   10     9 c    0   1.77 210.91068 54.31167  1300.12  9734.71 2.59 2.35 -13.9 -0.468    19.81 21.74 02a57894o0349c   524288  17.848168
57894.419529 19.743105      NaN    9    12 c    0   0.98 210.91068 54.31167  1357.58  9806.98 2.58 2.37  -6.4 -0.467    19.78 21.70 02a57894o0354c        0  19.533487
57894.441778 20.103715      NaN   -1    11 c    0   1.19 210.91068 54.31167  1372.07  9687.12 2.54 2.29  -7.6 -0.473    19.68 21.53 02a57894o0396c  4194560  18.935604
57894.453543 19.652575      NaN   13    12 c    0   1.93 210.91068 54.31167  1337.00  9746.27 2.53 2.30  -4.4 -0.474    19.49 21.27 02a57894o0418c   524288  19.533487
57898.389114 19.491430      NaN   24    11 c    0   1.22 210.91068 54.31167  1858.37  8725.79 2.66 2.37  -5.3 -0.481    19.73 21.69 02a57898o0138c        0  18.935604
57898.398663 20.321591      NaN   -1     9 c    0   1.66 210.91068 54.31167  1834.73  8685.79 2.48 2.29  -0.9 -0.503    19.78 21.72 02a57898o0156c        0  17.848168
57898.417223 20.103715      NaN   -2    11 c    0   1.42 210.91068 54.31167  1890.24  8759.63 2.59 2.34 -12.0 -0.486    19.75 21.68 02a57898o0191c        0  18.935604
57898.437402 20.103715      NaN   -4    11 c    0   1.08 210.91068 54.31167  1916.17  8638.90 2.46 2.24   1.9 -0.503    19.75 21.62 02a57898o0229c        0  18.935604
57898.446924 19.791368      NaN    7    12 c    0   1.28 210.91068 54.31167  1882.15  8696.37 2.67 2.48   1.6 -0.486    19.69 21.60 02a57898o0247c        0  19.533487
57902.386132 20.321591      NaN   -4     9 c    0   1.32 210.91068 54.31167  4381.76  7536.37 2.52 2.42  -3.6 -0.451    19.81 21.63 02a57902o0297c        0  17.848168
57902.397408 19.922338      NaN   -2    13 c    0   0.90 210.91068 54.31167  4371.24  7496.46 2.57 2.47  -9.1 -0.461    19.77 21.60 02a57902o0319c        0  20.163261
57902.399963 20.207197      NaN   -6    10 c    0   1.02 210.91068 54.31167  4418.14  7574.44 2.59 2.45  -2.6 -0.449    19.78 21.58 02a57902o0324c   524288  18.372727
57902.422768 20.207197      NaN   -2    10 c    0   1.50 210.91068 54.31167  4442.40  7455.38 2.56 2.44  -0.1 -0.464    19.79 21.63 02a57902o0368c        0  18.372727
57902.433611 19.674510      NaN   12    12 c    0   1.23 210.91068 54.31167  4407.27  7512.17 2.61 2.52  -1.8 -0.455    19.67 21.49 02a57902o0389c   524288  19.533487
58020.235926 19.696897      NaN  -21    16 c    0   0.91 210.91068 54.31167  3547.28  3773.12 2.41 2.31 -78.3 -0.409    19.28 20.64 02a58020o0006c 12583168  22.216145
58194.569176 19.841877      NaN    5    12 c    0   1.07 210.91068 54.31167  2267.74  8889.76 2.55 2.35  22.2 -0.453    19.73 21.58 02a58194o0731c        0  19.533487
58194.580281 20.321591      NaN   -4     9 c    0   1.43 210.91068 54.31167  2243.50  8851.41 2.56 2.31  25.0 -0.453    19.75 21.58 02a58194o0749c        0  17.848168
58194.590959 20.009244      NaN  -12    12 c    0   1.13 210.91068 54.31167  2293.36  8923.62 2.63 2.46  14.7 -0.444    19.72 21.58 02a58194o0768c        0  19.533487
58194.602403 20.321591      NaN  -27     9 c    0   1.86 210.91068 54.31167  2303.20  8804.67 2.42 2.21  17.2 -0.466    19.75 21.57 02a58194o0786c        0  17.848168
58196.529228 17.905150      NaN   96    51 c    0   1.11 210.91068 54.31167  4964.03  3706.62 2.58 2.44  19.5 -0.397    17.79 19.73 02a58196o0652c   524288  53.278111
58196.535461 20.103715      NaN   -3    11 c    0   0.85 210.91068 54.31167  4932.70  3670.63 2.45 2.31  46.0 -0.411    19.80 21.89 02a58196o0663c        0  18.935604
58196.543979 17.762888      NaN   11    91 c    0   0.90 210.91068 54.31167  4988.60  3745.84 2.45 2.34  37.8 -0.438    16.95 18.82 02a58196o0680c        0  92.296030
58251.578978 19.841877      NaN  -16    14 c    0   0.83 210.91068 54.31167  4132.38  3785.22 2.73 2.54 -52.9 -0.387    19.50 21.34 02a58251o0733c        0  20.822034
58251.587115 19.631075      NaN   14    12 c    0   1.06 210.91068 54.31167  4131.66  3789.21 2.83 2.62 -51.2 -0.378    19.45 21.26 02a58251o0749c   524288  19.533487
58251.594640 19.868040      NaN    4    12 c    0   1.20 210.91068 54.31167  4120.10  3792.81 2.68 2.55 -50.4 -0.388    19.43 21.20 02a58251o0764c   524288  19.533487
58251.602316 19.674510      NaN    6    14 c    0   1.45 210.91068 54.31167  4130.10  3795.54 3.00 2.79 -53.4 -0.380    19.28 21.09 02a58251o0779c   524288  20.822034
58252.572007 19.766969      NaN    5    13 c    0   1.11 210.91068 54.31167  4131.85  3781.34 2.58 2.45 -49.9 -0.394    19.44 21.13 02a58252o0684c        0  20.163261
58252.582264 19.841877      NaN   -1    14 c    0   1.19 210.91068 54.31167  4130.88  3786.58 2.51 2.40 -48.6 -0.402    19.46 21.08 02a58252o0703c   524288  20.822034
58252.589663 19.510313      NaN   17    13 c    0   1.13 210.91068 54.31167  4119.12  3789.89 2.54 2.45 -46.8 -0.398    19.40 21.05 02a58252o0718c        0  20.163261
58252.598499 19.766969      NaN    8    12 c    0   1.21 210.91068 54.31167  4130.25  3792.93 2.49 2.40 -53.0 -0.398    19.37 20.99 02a58252o0735c        0  19.533487
58256.417856 17.866751      NaN   39    73 c    0   0.38 210.91068 54.31167  3201.57  5378.41 2.37 2.34 -15.6 -0.425    19.82 21.77 02a58256o0256c        0  74.609363
58256.432475 20.321591      NaN  -19     9 c    0   1.21 210.91068 54.31167  3179.56  5337.94 2.41 2.41  19.4 -0.424    19.76 21.79 02a58256o0287c  4194560  17.848168
58256.449876 19.791368      NaN   10    11 c    0   1.15 210.91068 54.31167  3235.64  5414.04 2.34 2.31  11.1 -0.431    19.80 21.75 02a58256o0324c        0  18.935604
58256.458792 19.766969      NaN   11    11 c    0   1.02 210.91068 54.31167  3259.55  5294.91 2.38 2.30  39.6 -0.425    19.79 21.74 02a58256o0343c   524288  18.935604
58280.393689 20.103715      NaN   -5    11 c    0   0.84 210.91068 54.31167  5365.48  4898.85 2.45 2.41 -69.0 -0.419    19.75 21.71 02a58280o0323c        0  18.935604
58280.407270 20.039830      NaN    1    11 c    0   1.13 210.91068 54.31167  5355.18  4862.74 2.53 2.51  54.1 -0.412    19.67 21.62 02a58280o0352c        0  18.935604
58280.414598 19.922338      NaN  -25    13 c    0   1.13 210.91068 54.31167  5410.52  4936.53 2.44 2.41  53.9 -0.422    19.45 21.31 02a58280o0368c        0  20.163261
58280.424534 19.950541      NaN    4    11 c    0   0.89 210.91068 54.31167  5421.68  4824.19 2.42 2.38  53.4 -0.418    19.72 21.59 02a58280o0389c        0  18.935604
58284.387122 19.631075      NaN   11    13 c    0   1.04 210.91068 54.31167  2838.63  5649.72 2.36 2.30   0.6 -0.420    19.59 21.41 02a58284o0307c        0  20.163261
58284.391741 19.894850      NaN    9    10 c    0   1.23 210.91068 54.31167  2813.08  5611.17 2.35 2.28   3.9 -0.422    19.62 21.46 02a58284o0317c        0  18.372727
58284.403480 19.696897      NaN   11    12 c    0   1.16 210.91068 54.31167  2871.60  5688.69 2.40 2.34  20.5 -0.428    19.67 21.53 02a58284o0342c        0  19.533487
58284.411716 20.207197      NaN  -33    10 c    0   0.96 210.91068 54.31167  2892.92  5568.10 2.44 2.38  21.8 -0.431    19.70 21.54 02a58284o0360c        0  18.372727
58308.365311 20.009244      NaN    8     9 c    0   1.11 210.91068 54.31167  5577.15  3919.05 2.75 2.47 -51.1 -0.410    19.67 21.59 02a58308o0015c  4194560  17.848168
58308.374538 19.894850      NaN    3    12 c    0   0.92 210.91068 54.31167  5598.58  3800.55 2.67 2.48 -52.0 -0.409    19.64 21.54 02a58308o0035c     8192  19.533487
58312.333401 19.868040      NaN    7    11 c    0   1.04 210.91068 54.31167  5128.09  3957.83 2.52 2.35 -53.7 -0.416    19.75 21.63 02a58312o0193c        0  18.935604
58312.339561 19.816329      NaN    9    11 c    0   1.17 210.91068 54.31167  5102.89  3917.49 2.69 2.43 -54.7 -0.407    19.71 21.63 02a58312o0206c        0  18.935604
58312.349040 20.103715      NaN   -9    11 c    0   1.06 210.91068 54.31167  5160.26  3994.16 2.58 2.48 -50.8 -0.410    19.67 21.61 02a58312o0226c        0  18.935604
58312.361108 19.510313      NaN   23    11 c    0   1.06 210.91068 54.31167  5182.48  3876.74 2.53 2.47 -50.0 -0.408    19.68 21.58 02a58312o0252c        0  18.935604
58316.328042 19.766969      NaN   -2    15 c    0   0.93 210.91068 54.31167  3267.29  3438.03 3.09 2.96 -61.9 -0.381    19.36 21.19 02a58316o0183c   524288  21.507141
58316.337992 19.841877      NaN  -14    14 c    0   1.02 210.91068 54.31167  3256.29  3396.99 3.05 3.00  68.6 -0.366    19.34 21.27 02a58316o0204c   524288  20.822034
58316.346903 19.766969      NaN    2    14 c    0   0.83 210.91068 54.31167  3311.85  3472.41 2.82 2.80  35.1 -0.378    19.44 21.34 02a58316o0223c        0  20.822034
58316.359453 19.922338      NaN   -3    13 c    0   1.40 210.91068 54.31167  3333.88  3354.99 3.39 3.33 -52.6 -0.357    19.31 21.41 02a58316o0250c   524288  20.163261
58344.281357 20.103715      NaN  -21    11 c    0   1.56 210.91068 54.31167  3986.79  2682.40 2.61 2.40 -55.1 -0.387    19.46 21.13 02a58344o0108c        0  18.935604
58344.290487 19.743105      NaN    3    14 c    0   0.78 210.91068 54.31167  3975.68  2643.13 2.74 2.55 -63.1 -0.394    19.41 21.10 02a58344o0127c   524288  20.822034
58344.299671 19.696897      NaN   -4    16 c    0   0.94 210.91068 54.31167  4032.01  2719.07 2.67 2.48 -55.5 -0.385    19.08 20.79 02a58344o0146c        0  22.216145
58344.308612 19.841877      NaN    5    12 c    0   1.30 210.91068 54.31167  4053.68  2596.86 2.62 2.50 -52.0 -0.392    19.43 21.14 02a58344o0165c        0  19.533487
58376.224249 19.212347      NaN   -9    25 c    0   0.88 210.91068 54.31167  5670.07  2171.77 2.62 2.39 -58.5 -0.397    18.75 19.69 02a58376o0028c   524288  29.369323
58376.230043 19.631075      NaN   -1    17 c    0   1.28 210.91068 54.31167  5658.40  2131.92 2.56 2.41 -64.0 -0.391    18.99 20.12 02a58376o0040c        0  22.946832
58376.238331 19.038793      NaN   39    16 c    0   1.68 210.91068 54.31167  5713.30  2234.33 2.68 2.50 -61.1 -0.388    19.11 20.35 02a58376o0057c  4195840  22.216145
58376.247461 19.241693      NaN   12    20 c    0   0.80 210.91068 54.31167  5736.63  2107.85 2.89 2.78 -67.7 -0.379    19.00 20.36 02a58376o0076c        0  25.249893
58520.663770 19.922338      NaN  -12    13 c    0   1.03 210.91068 54.31167  4404.01  7838.46 2.59 2.36  19.2 -0.464    19.68 21.60 02a58520o0274c     8192  20.163261
58520.673685 18.786693      NaN  -14    37 c    0   0.98 210.91068 54.31167  4378.42  7798.65 2.64 2.45  19.8 -0.473    18.45 19.41 02a58520o0295c     8192  40.081880
58576.556729 20.009244      NaN  -17    12 c    0   1.28 210.91068 54.31167  7710.40   102.47 2.48 2.09 -59.9 -0.404    19.78 21.80 02a58576o0718c   524288  19.533487
58576.558102 20.009244      NaN    0    10 c    0   1.22 210.91068 54.31167  7977.28  9839.72 2.67 2.50 -64.6 -0.402    19.80 21.82 02a58576o0721c        0  18.372727
58576.570795 19.894850      NaN    1    11 c    0   1.25 210.91068 54.31167  7952.91  9798.65 2.75 2.52 -54.4 -0.415    19.76 21.80 02a58576o0748c        0  18.935604
58576.571708 19.436675      NaN   13    14 c    0   1.34 210.91068 54.31167  7687.12    60.79 2.55 2.17 -54.5 -0.394    19.74 21.77 02a58576o0750c        0  20.822034
58576.577207 19.529530      NaN    5    15 c    0   0.80 210.91068 54.31167  7752.62   140.62 2.57 2.18 -55.4 -0.421    19.76 21.75 02a58576o0762c        0  21.507141
58576.578589 20.171596      NaN   -5    10 c    0   1.57 210.91068 54.31167  8008.03  9879.39 2.83 2.48 -54.2 -0.409    19.73 21.78 02a58576o0765c        0  18.372727
58576.591620 19.841877      NaN   -3    13 c    0   0.89 210.91068 54.31167  8028.60  9762.19 2.90 2.51 -53.5 -0.401    19.67 21.74 02a58576o0792c        0  20.163261
58580.533459 19.922338      NaN    3    10 c    0   1.25 210.91068 54.31167  7589.35  7876.57 2.64 2.49  45.0 -0.407    19.60 21.43 02a58580o0667c   524288  18.372727
58580.553444 19.922338      NaN    0    11 c    0   1.14 210.91068 54.31167  7622.29  7914.77 2.56 2.54  81.5 -0.405    19.66 21.40 02a58580o0709c        0  18.935604
58580.565220 20.009244      NaN  -10    12 c    0   0.97 210.91068 54.31167  7643.40  7796.99 2.60 2.53  67.7 -0.409    19.59 21.37 02a58580o0734c        0  19.533487
58604.470220 20.039830      NaN    2     9 c    0   1.34 210.91068 54.31167  7315.57  3996.17 2.38 2.30  44.7 -0.399    19.60 21.61 02a58604o0438c        0  17.848168
58604.485174 19.894850      NaN    4    10 c    0   1.24 210.91068 54.31167  7292.45  3956.90 2.37 2.30 -64.7 -0.409    19.59 21.62 02a58604o0470c        0  18.372727
58604.494705 19.510313      NaN   12    13 c    0   0.85 210.91068 54.31167  7346.17  4031.92 2.41 2.38  49.1 -0.404    19.60 21.58 02a58604o0490c        0  20.163261
58604.501777 19.868040      NaN   -1    12 c    0   0.77 210.91068 54.31167  7368.64  3918.30 2.48 2.38 -61.5 -0.399    19.53 21.55 02a58604o0505c        0  19.533487
58612.399959 19.816329      NaN    4    11 c    0   0.99 210.91068 54.31167  9085.15  6892.04 2.56 2.46  58.7 -0.421    19.76 21.60 02a58612o0365c        0  18.935604
58612.401822 19.743105      NaN    4    12 c    0   1.09 210.91068 54.31167  9065.46  6852.31 2.56 2.46  57.5 -0.405    19.79 21.60 02a58612o0369c        0  19.533487
58612.407474 19.674510      NaN    7    12 c    0   1.08 210.91068 54.31167  9121.64  6932.03 2.57 2.48  79.5 -0.419    19.76 21.61 02a58612o0381c        0  19.533487
58612.432540 19.569016      NaN   12    12 c    0   1.02 210.91068 54.31167  9131.27  6814.52 2.59 2.47  47.9 -0.462    19.78 21.63 02a58612o0433c        0  19.533487
58636.335628 19.766969      NaN    9    10 c    0   1.41 210.91068 54.31167  1824.14  7480.61 2.48 2.37 -15.9 -0.429    19.71 21.76 02a58636o0227c        0  18.372727
58636.341238 20.103715      NaN  -13    11 c    0   0.94 210.91068 54.31167  8755.14  3051.35 2.37 2.27 -63.8 -0.422    19.80 21.76 02a58636o0239c        0  18.935604
58636.347261 20.103715      NaN  -10    11 c    0   0.73 210.91068 54.31167  8819.27  3140.78 2.44 2.24 -62.3 -0.410    19.80 21.77 02a58636o0252c        0  18.935604
58636.365477 19.868040      NaN    2    11 c    0   0.84 210.91068 54.31167  8833.68  3021.27 2.46 2.25 -63.6 -0.413    19.75 21.70 02a58636o0291c        0  18.935604
58664.300439 20.207197      NaN  -20    10 c    0   1.34 210.91068 54.31167  2496.01  1209.74 2.38 2.29 -65.4 -0.433    19.78 21.60 02a58664o0137c   524288  18.372727
58664.303183 20.103715      NaN  -14    11 c    0   0.97 210.91068 54.31167  2474.99  1170.84 2.42 2.27 -59.8 -0.420    19.81 21.61 02a58664o0143c        0  18.935604
58664.308728 19.529530      NaN   20    10 c    0   1.42 210.91068 54.31167  2532.65  1244.56 2.35 2.28 -78.0 -0.405    19.80 21.64 02a58664o0155c        0  18.372727
58664.318819 20.071303      NaN   -5    11 c    0   0.79 210.91068 54.31167  2553.23  1126.56 2.35 2.23 -75.2 -0.431    19.82 21.68 02a58664o0177c        0  18.935604
58668.360430 20.207197      NaN  -22    10 c    0   1.23 210.91068 54.31167  6974.42  4779.81 2.58 2.30  40.7 -0.393    19.70 21.53 02a58668o0259c        0  18.372727
58668.363476 19.841877      NaN  -20    14 c    0   1.23 210.91068 54.31167  6954.80  4739.58 2.61 2.25  40.7 -0.575    19.74 21.50 02a58668o0265c        0  20.822034
58668.370013 19.841877      NaN    3    11 c    0   1.40 210.91068 54.31167  7010.19  4815.87 2.68 2.25  39.4 -0.390    19.70 21.46 02a58668o0279c        0  18.935604
58668.381748 20.009244      NaN   -6    12 c    0   0.98 210.91068 54.31167  7029.44  4697.66 2.56 2.27  38.1 -0.388    19.72 21.46 02a58668o0304c        0  19.533487
58692.299708 20.207197      NaN   -7    10 c    0   1.01 210.91068 54.31167  8880.01  5224.17 2.65 2.49  41.4 -0.392    19.68 21.66 02a58692o0140c        0  18.372727
58692.302589 20.071303      NaN   -2    10 c    0   1.52 210.91068 54.31167  8859.80  5184.11 2.64 2.45  38.1 -0.389    19.70 21.66 02a58692o0146c        0  18.372727
58692.308687 20.103715      NaN  -10    11 c    0   1.17 210.91068 54.31167  8915.42  5263.65 2.53 2.46  53.5 -0.394    19.67 21.63 02a58692o0157c        0  18.935604
58692.318540 19.894850      NaN   -2    12 c    0   1.02 210.91068 54.31167  8933.96  5147.22 2.56 2.44  41.4 -0.392    19.70 21.60 02a58692o0178c        0  19.533487
58696.259275 19.743105      NaN    7    11 c    0   1.16 210.91068 54.31167  8886.46  5227.32 2.77 2.47 -64.3 -0.398    19.61 21.39 02a58696o0060c        0  18.935604
58696.263160 19.894850      NaN   -2    12 c    0   1.11 210.91068 54.31167  8865.60  5186.90 2.89 2.48 -64.6 -0.397    19.64 21.51 02a58696o0068c        0  19.533487
58696.268990 19.950541      NaN    2    10 c    0   1.39 210.91068 54.31167  8922.43  5266.94 2.87 2.52 -64.1 -0.401    19.66 21.57 02a58696o0080c        0  18.372727
58696.279054 19.766969      NaN    0    13 c    0   0.81 210.91068 54.31167  8938.37  5157.31 2.99 2.56 -63.8 -0.397    19.61 21.57 02a58696o0101c        0  20.163261
58700.300639 19.287255      NaN   22    14 c    0   0.85 210.91068 54.31167  3343.80  7098.89 2.45 2.42   6.5 -0.386    19.55 21.20 02a58700o0151c        0  20.822034
58700.303953 20.009244      NaN  -17    12 c    0   1.10 210.91068 54.31167  3325.09  7058.87 2.38 2.34  -1.3 -0.391    19.59 21.19 02a58700o0158c        0  19.533487
58700.310446 20.009244      NaN   -8    12 c    0   1.10 210.91068 54.31167  3381.15  7136.88 2.47 2.37  26.3 -0.380    19.54 21.19 02a58700o0172c        0  19.533487
58700.320640 19.609992      NaN   10    12 c    0   1.37 210.91068 54.31167  3400.87  7017.94 2.44 2.40  -0.6 -0.390    19.55 21.17 02a58700o0194c        0  19.533487
58708.299948 18.382935      NaN   35    40 c    0   0.98 210.91068 54.31167  4766.72  3208.82 2.87 2.31  41.6 -0.386    18.22 19.07 02a58708o0161c   524288  42.866737
58708.302750 18.615142      NaN    1    41 c    0   1.04 210.91068 54.31167  4745.67  3170.17 2.82 2.29  42.4 -0.398    18.06 18.90 02a58708o0167c        0  43.801337
58708.309789 18.298627      NaN   33    45 c    0   1.01 210.91068 54.31167  4805.53  3249.18 2.95 2.35  42.2 -0.375    17.75 18.71 02a58708o0182c        0  47.566344
58708.319771 18.675237      NaN  -68    41 c    0   0.85 210.91068 54.31167  4826.92  3130.62 2.72 2.33  39.5 -0.400    18.16 18.98 02a58708o0203c        0  43.801337
58724.254212 19.549093      NaN   13    12 c    0   1.57 210.91068 54.31167  5038.30  4851.40 2.75 2.32  34.2 -0.404    19.58 21.32 02a58724o0081c        0  19.533487
58724.257423 19.491430      NaN   16    12 c    0   1.40 210.91068 54.31167  5019.80  4813.15 2.64 2.29  38.4 -0.401    19.54 21.31 02a58724o0088c        0  19.533487
58724.263511 19.743105      NaN   -2    14 c    0   0.98 210.91068 54.31167  5074.94  4889.00 2.76 2.32  36.7 -0.393    19.50 21.30 02a58724o0101c        0  20.822034
58724.275107 20.009244      NaN  -20    12 c    0   1.20 210.91068 54.31167  5095.76  4775.33 2.72 2.32  36.3 -0.394    19.49 21.25 02a58724o0126c        0  19.533487
58872.552407 19.791368      NaN    2    12 c    0   0.77 210.91068 54.31167  3595.02  5794.34 2.53 2.32  43.9 -0.392    19.85 22.00 02a58872o0760c        0  19.533487
58872.555279 20.103715      NaN  -28    11 c    0   1.22 210.91068 54.31167  3617.08  5832.16 2.36 2.33 -56.5 -0.411    19.81 21.99 02a58872o0766c        0  18.935604
58872.561131 20.207197      NaN   -9    10 c    0   0.88 210.91068 54.31167  3559.58  5752.99 2.35 2.31 -49.3 -0.410    19.84 21.99 02a58872o0778c  4194560  18.372727
58872.571799 19.922338      NaN    0    11 c    0   0.86 210.91068 54.31167  3529.01  5873.49 2.52 2.31  40.8 -0.393    19.84 22.02 02a58872o0799c        0  18.935604
58876.651589 20.009244      NaN  -16    12 c    0   1.21 210.91068 54.31167  1955.58  9640.91 2.41 2.33 -38.1 -0.427    19.70 21.82 02a58876o0927c   524288  19.533487
58876.655266 19.569016      NaN    0    16 c    0   1.33 210.91068 54.31167  1974.75  9679.76 2.50 2.37 -43.3 -0.418    19.31 21.31 02a58876o0935c        0  22.216145
58876.662978 19.631075      NaN  -12    17 c    0   0.72 210.91068 54.31167  1917.09  9600.73 2.45 2.31 -39.5 -0.420    19.30 21.14 02a58876o0951c   524288  22.946832
58876.669196 18.836735      NaN   10    30 c    0   0.98 210.91068 54.31167  1896.04  9717.22 2.46 2.31 -35.2 -0.428    18.50 19.82 02a58876o0963c   524288  33.727691
58884.593779 19.979496      NaN    7    10 c    0   1.14 210.91068 54.31167  5083.51  1946.11 2.49 2.27  50.3 -0.395    19.82 21.99 02a58884o0827c        0  18.372727
58884.596741 19.816329      NaN   13    10 c    0   1.18 210.91068 54.31167  5108.25  1981.56 2.44 2.20 -61.4 -0.403    19.85 21.98 02a58884o0833c   524288  18.372727
58884.605408 20.103715      NaN   -1    11 c    0   0.94 210.91068 54.31167  5053.07  1905.17 2.47 2.26 -62.8 -0.402    19.81 21.98 02a58884o0851c        0  18.935604
58884.615927 20.449472      NaN    0     8 c    0   1.73 210.91068 54.31167  5031.45  2023.96 2.43 2.26  52.4 -0.400    19.81 21.99 02a58884o0873c        0  17.365400
58900.591861 19.652575      NaN   14    12 c    0   1.31 210.91068 54.31167  7244.97  3484.81 2.54 2.48  70.9 -0.387    19.55 21.59 02a58900o0772c        0  19.533487
58900.593725 19.510313      NaN   18    13 c    0   0.95 210.91068 54.31167  7266.97  3516.60 2.56 2.43 -67.8 -0.391    19.32 21.32 02a58900o0776c        0  20.163261
58900.597390 19.922338      NaN  -30    13 c    0   1.72 210.91068 54.31167  7208.98  3445.00 2.87 2.78 -67.5 -0.394    19.29 21.41 02a58900o0783c        0  20.163261
58900.608099 19.436675      NaN   22    13 c    0   0.68 210.91068 54.31167  3395.82  7019.52 2.76 2.65 -56.4 -0.386    19.52 21.66 02a58900o0803c        0  20.163261
58932.513609 20.103715      NaN   -4    11 c    0   1.15 210.91068 54.31167  3625.08  8753.74 2.67 2.33 -51.9 -0.412    19.73 21.71 02a58932o0633c   524288  18.935604
58932.516828 19.569016      NaN   18    12 c    0   1.05 210.91068 54.31167  3606.26  8714.34 2.70 2.37 -52.4 -0.412    19.70 21.70 02a58932o0640c        0  19.533487
58932.522331 19.743105      NaN   13    11 c    0   1.48 210.91068 54.31167  3661.03  8790.06 2.66 2.29 -51.7 -0.416    19.71 21.69 02a58932o0652c        0  18.935604
58932.532128 19.631075      NaN   12    13 c    0   1.20 210.91068 54.31167  3679.60  8672.88 2.64 2.33 -52.4 -0.413    19.72 21.67 02a58932o0673c        0  20.163261
58956.480280 20.207197      NaN   -8    10 c    0   1.33 210.91068 54.31167   395.24  1405.31 2.72 2.33 -57.7 -0.410    19.70 21.69 02a58956o0530c        0  18.372727
58956.483493 20.039830      NaN    5    10 c    0   1.08 210.91068 54.31167   374.68  1366.45 2.74 2.36 -59.2 -0.412    19.68 21.70 02a58956o0537c        0  18.372727
58956.489223 20.009244      NaN  -13    12 c    0   0.94 210.91068 54.31167   434.49  1436.07 2.73 2.35 -57.8 -0.413    19.70 21.68 02a58956o0549c        0  19.533487
58956.499532 19.816329      NaN   19     8 c    0   2.12 210.91068 54.31167   454.44  1314.85 2.77 2.39 -59.4 -0.415    19.66 21.63 02a58956o0570c        0  17.365400
58960.425104 20.009244      NaN   -4    12 c    0   1.03 210.91068 54.31167 10192.55  9172.23 2.96 2.81  45.3 -0.373    19.66 21.55 02a58960o0416c        0  19.533487
58960.428590 20.207197      NaN   -3    10 c    0   1.38 210.91068 54.31167   366.62  1370.13 2.56 2.33 -59.1 -0.412    19.70 21.56 02a58960o0423c        0  18.372727
58960.434799 19.950541      NaN    8    10 c    0   1.56 210.91068 54.31167   427.28  1440.71 2.48 2.33 -57.5 -0.416    19.72 21.56 02a58960o0436c        0  18.372727
58960.471580 20.207197      NaN    0    10 c    0   1.24 210.91068 54.31167   452.77  1317.25 2.37 2.29  76.2 -0.421    19.72 21.63 02a58960o0459c        0  18.372727
58964.430982 18.796518      NaN   32    26 c    0   0.90 210.91068 54.31167  7130.19  6912.58 2.52 2.46 -82.1 -0.404    18.74 20.40 02a58964o0427c        0  30.225107
58964.434180 18.286218      NaN   56    40 c    0   1.13 210.91068 54.31167  7111.49  6873.01 2.54 2.51  85.3 -0.397    18.18 19.79 02a58964o0434c        0  42.866737
58964.440185 19.510313      NaN   -2    19 c    0   0.97 210.91068 54.31167  7167.70  6952.47 2.64 2.59 -70.3 -0.392    19.01 20.86 02a58964o0447c   524288  24.465427
58964.475522 20.071303      NaN    4    10 c    0   1.09 210.91068 54.31167  7183.35  6837.12 2.63 2.56  42.2 -0.395    19.59 21.44 02a58964o0523c        0  18.372727
58984.385056 20.449472      NaN  -11     8 c    0   1.74 210.91068 54.31167  1462.62  6789.21 2.37 2.24  11.1 -0.404    19.75 21.72 02a58984o0250c        0  17.365400
58984.388259 20.171596      NaN    1    10 c    0   1.15 210.91068 54.31167  1444.27  6748.47 2.37 2.20 -51.0 -0.415    19.79 21.70 02a58984o0257c        0  18.372727
58984.393747 20.103715      NaN    6     9 c    0   1.46 210.91068 54.31167  1502.05  6825.31 2.38 2.21 -48.3 -0.421    19.78 21.71 02a58984o0269c        0  17.848168
58984.404468 19.922338      NaN   12     9 c    0   1.39 210.91068 54.31167  1527.39  6707.63 2.37 2.20 -45.9 -0.416    19.79 21.73 02a58984o0290c        0  17.848168
58988.407142 20.009244      NaN   -6    12 c    0   0.76 210.91068 54.31167  6729.21  3124.43 2.59 2.29  35.4 -0.390    19.71 21.63 02a58988o0375c        0  19.533487
58988.410344 20.103715      NaN   -5    11 c    0   1.12 210.91068 54.31167  6711.94  3085.79 2.44 2.34  34.9 -0.395    19.73 21.61 02a58988o0382c        0  18.935604
58988.415874 20.207197      NaN  -15    10 c    0   1.37 210.91068 54.31167  6769.61  3162.42 2.44 2.31  38.4 -0.393    19.70 21.59 02a58988o0394c        0  18.372727
58988.427368 20.207197      NaN  -15    10 c    0   1.51 210.91068 54.31167  6794.17  3049.44 2.36 2.34  80.7 -0.396    19.72 21.59 02a58988o0419c        0  18.372727
58992.358373 19.766969      NaN    9    12 c    0   0.77 210.91068 54.31167  6735.59  3131.78 2.63 2.41  33.3 -0.389    19.73 21.75 02a58992o0269c        0  19.533487
58992.361575 19.569016      NaN   21    11 c    0   1.22 210.91068 54.31167  6715.67  3091.91 2.55 2.36  32.6 -0.393    19.72 21.74 02a58992o0276c        0  18.935604
58992.367526 20.207197      NaN   -7    10 c    0   1.13 210.91068 54.31167  6774.12  3169.52 2.59 2.40  31.5 -0.386    19.74 21.75 02a58992o0289c        0  18.372727
58992.401785 20.103715      NaN   -2    11 c    0   0.95 210.91068 54.31167  6790.84  3050.46 2.64 2.38  29.0 -0.384    19.70 21.75 02a58992o0362c        0  18.935604
59011.354173 19.979496      NaN    7    10 c    0   1.33 210.91068 54.31167  9037.25  6887.40 3.00 2.95  56.9 -0.382    19.64 21.96 02a59011o0241c        0  18.372727
59011.357398 19.569016      NaN   18    12 c    0   1.12 210.91068 54.31167  9015.74  6841.78 2.93 2.86  55.7 -0.384    19.67 21.95 02a59011o0248c   524288  19.533487
59011.363858 20.009244      NaN  -12    12 c    0   1.01 210.91068 54.31167  9072.38  6922.90 2.94 2.90  48.9 -0.385    19.68 21.95 02a59011o0262c        0  19.533487
59011.384568 19.674510      NaN    7    14 c    0   1.14 210.91068 54.31167  9084.21  6804.31 3.91 3.56  31.1 -0.330    19.44 21.95 02a59011o0306c   524288  20.822034
59015.333919 20.071303      NaN    4    10 c    0   1.10 210.91068 54.31167  9036.41  6881.91 2.65 2.57  58.0 -0.399    19.78 21.91 02a59015o0200c        0  18.372727
59015.337583 19.868040      NaN    8    11 c    0   0.92 210.91068 54.31167  9017.61  6841.03 2.63 2.55  63.9 -0.398    19.79 21.90 02a59015o0208c        0  18.935604
59015.343104 20.103715      NaN  -14    11 c    0   1.10 210.91068 54.31167  9071.37  6921.92 2.76 2.45  36.0 -0.390    19.78 21.90 02a59015o0220c        0  18.935604
59015.354141 20.321591      NaN   -3     9 c    0   1.66 210.91068 54.31167  9090.46  6807.33 2.69 2.59  67.9 -0.396    19.76 21.87 02a59015o0244c        0  17.848168
59020.330908 20.103715      NaN   -7    11 c    0   0.90 210.91068 54.31167  6565.23   982.35 2.45 2.32 -69.4 -0.404    19.50 21.38 02a59020o0132c        0  18.935604
59020.334109 20.321591      NaN    0     9 c    0   1.03 210.91068 54.31167  6544.66   942.12 2.44 2.30 -64.1 -0.401    19.75 21.74 02a59020o0139c        0  17.848168
59020.341236 20.009244      NaN  -21    12 c    0   0.92 210.91068 54.31167  6604.38  1023.00 2.54 2.42  87.7 -0.392    19.60 21.65 02a59020o0154c        0  19.533487
59020.352367 19.816329      NaN    1    14 c    0   1.34 210.91068 54.31167  6623.39   899.75 2.36 2.31 -83.9 -0.405    19.43 21.35 02a59020o0178c        0  20.822034
59040.285251 19.696897      NaN    9    13 c    0   1.02 210.91068 54.31167  8738.07  3095.53 2.87 2.73 -61.9 -0.377    19.58 21.62 02a59040o0091c        0  20.163261
59040.288469 19.894850      NaN    4    12 c    0   0.98 210.91068 54.31167  8718.35  3055.42 2.82 2.71 -57.8 -0.372    19.58 21.62 02a59040o0098c        0  19.533487
59040.295427 19.950541      NaN    5    11 c    0   1.17 210.91068 54.31167  8777.78  3133.04 2.74 2.65 -59.9 -0.378    19.70 21.65 02a59040o0113c        0  18.935604
59040.306084 19.491430      NaN   22    12 c    0   0.94 210.91068 54.31167  8799.14  3015.28 2.80 2.70  41.0 -0.379    19.65 21.66 02a59040o0136c        0  19.533487
59044.317072 20.009244      NaN    6    10 c    0   1.26 210.91068 54.31167   789.60  3026.60 2.48 2.27 -55.6 -0.400    19.71 21.76 02a59044o0158c        0  18.372727
59044.320832 20.321591      NaN  -12     9 c    0   1.20 210.91068 54.31167   767.94  2986.55 2.53 2.34 -61.3 -0.402    19.68 21.77 02a59044o0166c  4194560  17.848168
59044.327714 20.009244      NaN  -12    12 c    0   0.94 210.91068 54.31167   830.52  3064.68 2.61 2.46 -60.5 -0.405    19.62 21.76 02a59044o0181c        0  19.533487
59044.337475 20.103715      NaN  -15    11 c    0   1.23 210.91068 54.31167   853.66  2944.29 2.75 2.44 -57.4 -0.397    19.60 21.71 02a59044o0202c        0  18.935604
59048.285981 19.950541      NaN   11     9 c    0   1.50 210.91068 54.31167   795.83  3030.96 2.55 2.35  33.8 -0.395    19.64 21.53 02a59048o0095c        0  17.848168
59048.290126 19.922338      NaN    3    12 c    0   1.22 210.91068 54.31167   775.06  2992.28 2.65 2.36  36.5 -0.389    19.44 21.30 02a59048o0104c        0  19.533487
59048.296595 20.103715      NaN   -1    11 c    0   1.14 210.91068 54.31167   834.05  3065.70 2.56 2.32  35.6 -0.393    19.57 21.51 02a59048o0118c        0  18.935604
59048.308077 20.207197      NaN   -7    10 c    0   1.00 210.91068 54.31167   857.88  2946.16 2.36 2.33  15.8 -0.405    19.68 21.65 02a59048o0143c        0  18.372727
59108.240914 19.472870      NaN   20    13 c    0   1.36 210.91068 54.31167  4755.65  3200.42 2.37 2.34  60.9 -0.401    19.32 20.86 02a59108o0046c        0  20.163261
59108.246004 19.652575      NaN    2    16 c    0   1.06 210.91068 54.31167  4735.34  3173.52 2.56 2.40  37.5 -0.391    19.27 20.84 02a59108o0057c        0  22.216145
59108.250126 19.743105      NaN    1    15 c    0   1.03 210.91068 54.31167  4794.92  3244.78 2.42 2.39  51.4 -0.395    19.30 20.84 02a59108o0066c        0  21.507141
59108.260706 19.569016      NaN   -5    18 c    0   0.75 210.91068 54.31167  4814.39  3134.67 2.62 2.44 -52.2 -0.395    19.22 20.80 02a59108o0089c        0  23.697196
59206.608827 20.207197      NaN  -14    10 c    0   1.11 210.91068 54.31167  4766.99  3187.98 2.53 2.47 -30.7 -0.370    19.71 21.84 01a59206o0880c        0  18.372727
59206.612058 20.171596      NaN    1    10 c    0   1.15 210.91068 54.31167  4745.04  3153.09 2.57 2.51 -32.3 -0.367    19.69 21.85 01a59206o0887c        0  18.372727
59206.617585 19.816329      NaN   10    11 c    0   0.95 210.91068 54.31167  4806.20  3229.51 2.73 2.64  -7.9 -0.359    19.62 21.85 01a59206o0899c        0  18.935604
59206.631405 20.103715      NaN   -6    11 c    0   1.04 210.91068 54.31167  4824.58  3117.67 2.76 2.58  21.5 -0.358    19.63 21.85 01a59206o0929c        0  18.935604
59208.639885 19.922338      NaN    3    12 c    0   1.08 210.91068 54.31167  8797.81  1656.90 2.61 2.33 -54.2 -0.407    19.68 21.64 02a59208o0962c        0  19.533487
59208.650450 20.103715      NaN  -13    11 c    0   1.05 210.91068 54.31167  8818.17  1695.88 2.61 2.34 -53.8 -0.404    19.70 21.65 02a59208o0985c        0  18.935604
59208.655955 20.103715      NaN    0    11 c    0   1.00 210.91068 54.31167  8763.61  1622.58 2.58 2.31 -55.3 -0.401    19.67 21.61 02a59208o0997c        0  18.935604
59208.664725 19.841877      NaN  -11    14 c    0   1.08 210.91068 54.31167  8745.32  1743.28 2.57 2.34 -56.5 -0.404    19.41 20.84 02a59208o1016c        0  20.822034
59228.630646 19.979496      NaN    4    11 c    0   1.09 210.91068 54.31167  7496.00  5595.08 2.68 2.51  50.2 -0.390    19.74 21.88 02a59228o0867c        0  18.935604
59228.633851 20.009244      NaN  -27    12 c    0   0.91 210.91068 54.31167  7516.21  5633.39 2.71 2.51  48.7 -0.388    19.72 21.88 02a59228o0874c        0  19.533487
59228.650265 20.103715      NaN  -30    11 c    0   0.83 210.91068 54.31167  7464.08  5559.66 2.70 2.49  48.1 -0.390    19.76 21.90 02a59228o0909c        0  18.935604
59228.658974 20.103715      NaN   -5    11 c    0   1.00 210.91068 54.31167  7444.86  5676.84 2.69 2.45  45.7 -0.392    19.80 21.83 02a59228o0928c        0  18.935604
59230.596813 20.207197      NaN   -3    10 c    0   0.97 210.91068 54.31167  3646.46  8725.75 2.94 2.60 -76.6 -0.397    19.72 22.31 01a59230o0856c  4194560  18.372727
59230.600047 20.207197      NaN  -12    10 c    0   1.31 210.91068 54.31167  3627.11  8688.12 2.90 2.59 -77.2 -0.395    19.77 22.33 01a59230o0863c        0  18.372727
59230.605590 20.103715      NaN    3    10 c    0   0.91 210.91068 54.31167  3685.37  8761.49 2.80 2.62 -83.6 -0.389    19.76 22.34 01a59230o0875c        0  18.372727
59230.615358 20.321591      NaN   -3     9 c    0   1.09 210.91068 54.31167  3703.81  8645.66 2.75 2.58 -80.9 -0.393    19.78 22.39 01a59230o0896c        0  17.848168
59238.585766 20.207197      NaN   -1    10 c    0   0.72 210.91068 54.31167  1134.39  5143.76 2.29 2.19 -63.9 -0.397    19.95 22.17 01a59238o0765c   524288  18.372727
59238.588065 20.039830      NaN    5    10 c    0   0.83 210.91068 54.31167  1114.30  5106.62 2.37 2.29 -67.2 -0.389    19.94 22.16 01a59238o0770c        0  18.372727
59238.590826 20.171596      NaN    4     9 c    0   1.70 210.91068 54.31167  1173.20  5183.62 2.39 2.33 -75.4 -0.385    19.95 22.18 01a59238o0776c        0  17.848168
59238.595897 20.207197      NaN   -1    10 c    0   1.05 210.91068 54.31167  1192.24  5065.61 2.46 2.42 -78.9 -0.383    19.88 22.19 01a59238o0787c        0  18.372727
59254.582395 20.009244      NaN   -4    12 c    0   1.53 210.91068 54.31167   379.07  1410.27 2.77 2.47  45.0 -0.394    19.64 22.07 01a59254o0809c  4194560  19.533487
59254.584237 19.766969      NaN    6    13 c    0   0.91 210.91068 54.31167   351.20  1375.77 2.60 2.34  67.1 -0.430    19.62 22.01 01a59254o0813c  4194560  20.163261
59254.587068 18.921935      NaN   26    24 c    0   0.63 210.91068 54.31167   418.16  1448.35 2.52 2.31  65.9 -0.427    19.24 21.52 01a59254o0819c     8192  28.522923
59254.593104 20.171596      NaN    4     9 c    0   1.56 210.91068 54.31167   435.33  1330.65 2.50 2.28  67.5 -0.427    19.76 22.16 01a59254o0832c     8192  17.848168
59256.529166 19.696897      NaN   18    10 c    0   1.18 210.91068 54.31167  5333.86  3589.25 2.50 2.34  47.3 -0.402    19.79 21.98 02a59256o0695c        0  18.372727
59256.532384 19.868040      NaN   11    10 c    0   1.14 210.91068 54.31167  5353.15  3628.72 2.63 2.39  45.7 -0.397    19.76 21.98 02a59256o0702c  4194560  18.372727
59256.537897 20.071303      NaN    1    11 c    0   0.78 210.91068 54.31167  5296.72  3551.72 2.56 2.33  43.1 -0.401    19.81 21.97 02a59256o0714c        0  18.935604
59256.543014 20.207197      NaN    0    10 c    0   1.01 210.91068 54.31167  5278.38  3667.32 2.62 2.40  46.2 -0.397    19.76 21.98 02a59256o0725c        0  18.372727
59258.571978 20.282105 0.348987   28     9 c    0   1.36 210.91068 54.31167  7144.25  6881.98 2.55 2.52  66.3 -0.368    19.75 22.04 01a59258o0790c        0  17.848168
59258.573832 20.207197      NaN   -1    10 c    0   0.88 210.91068 54.31167  7128.90  6839.77 2.73 2.59  43.8 -0.356    19.73 22.03 01a59258o0794c        0  18.372727
59258.576596 20.405150      NaN    1     8 c    0   1.51 210.91068 54.31167  7184.45  6919.73 2.70 2.64  62.7 -0.366    19.74 22.04 01a59258o0800c        0  17.365400
59258.582589 19.791368      NaN   14    10 c    0   0.87 210.91068 54.31167  7201.68  6805.24 2.52 2.48  79.1 -0.375    19.80 22.04 01a59258o0813c        0  18.372727
59262.501830 20.449472      NaN   -3     8 c    0   1.17 210.91068 54.31167  7141.78  6882.25 2.40 2.25 -88.4 -0.394    19.77 21.77 01a59262o0623c        0  17.365400
59262.504607 20.449472      NaN   -2     8 c    0   1.25 210.91068 54.31167  7123.02  6842.53 2.40 2.28 -87.5 -0.390    19.78 21.82 01a59262o0629c        0  17.365400
59262.508306 20.321591      NaN   -7     9 c    0   1.20 210.91068 54.31167  7181.40  6919.79 2.46 2.36  83.4 -0.379    19.75 21.86 01a59262o0637c        0  17.848168
59262.514297 20.103715      NaN   -5    11 c    0   0.78 210.91068 54.31167  7199.67  6803.66 2.49 2.41  85.9 -0.374    19.77 21.85 01a59262o0650c        0  18.935604
59288.544037 19.979496      NaN    1    12 c    0   1.04 210.91068 54.31167  5482.17  8629.95 2.43 2.34  52.5 -0.408    19.81 21.80 02a59288o0704c        0  19.533487
59288.579411 19.609992      NaN   19    11 c    0   0.88 210.91068 54.31167  5459.65  8589.32 2.56 2.31  34.1 -0.396    19.77 21.76 02a59288o0780c        0  18.935604
59288.607793 19.419021      NaN   11    17 c    0   1.22 210.91068 54.31167  5510.74  8663.12 2.61 2.36  33.4 -0.390    18.70 20.56 02a59288o0841c   524288  22.946832
59288.632589 19.766969      NaN   12    11 c    0   1.32 210.91068 54.31167  5525.69  8543.24 2.78 2.35  41.1 -0.386    19.67 21.69 02a59288o0894c        0  18.935604
59292.459472 19.743105      NaN   16    10 c    0   0.97 210.91068 54.31167  1710.45  5348.39 2.49 2.30  55.8 -0.413    19.75 21.80 02a59292o0510c        0  18.372727
59292.462673 20.207197      NaN  -16    10 c    0   0.93 210.91068 54.31167  1733.62  5388.01 2.46 2.31  60.6 -0.409    19.74 21.78 02a59292o0517c        0  18.372727
59292.466844 20.071303      NaN    1    11 c    0   0.93 210.91068 54.31167  1673.02  5308.69 2.59 2.36  48.1 -0.401    19.72 21.79 02a59292o0526c   524288  18.935604
59292.473270 20.103715      NaN  -23    11 c    0   1.15 210.91068 54.31167  1654.73  5423.91 2.52 2.31  48.3 -0.404    19.74 21.81 02a59292o0540c        0  18.935604
59292.649611 19.569016      NaN   -7    18 c    0   0.99 210.91068 54.31167  8885.50  5196.58 2.51 2.32  36.5 -0.396    19.18 20.41 02a59292o0918c        0  23.697196
59310.449546 19.979496      NaN    7    10 c    0   1.23 210.91068 54.31167  9044.85  6851.93 2.61 2.41  87.6 -0.400    20.01 21.98 01a59310o0425c        0  18.372727
59310.451851 20.449472      NaN  -10     8 c    0   1.54 210.91068 54.31167  9025.40  6812.41 2.58 2.43 -85.1 -0.393    20.03 21.99 01a59310o0430c        0  17.365400
59310.455624 20.321591      NaN   -7     9 c    0   1.03 210.91068 54.31167  9087.35  6889.36 2.54 2.41  87.4 -0.394    20.01 21.99 01a59310o0438c  4194560  17.848168
59310.464868 19.766969      NaN   15    10 c    0   0.95 210.91068 54.31167  9103.60  6773.48 2.62 2.55 -83.4 -0.385    19.96 22.08 01a59310o0457c        0  18.372727
59314.443833 20.449472      NaN    0     8 c    0   1.50 210.91068 54.31167  6537.58   967.41 2.46 2.29   5.8 -0.392    19.96 21.85 01a59314o0481c        0  17.365400
59314.445680 20.321591      NaN  -12     9 c    0   1.42 210.91068 54.31167  6518.36   928.21 2.67 2.39  -6.2 -0.369    19.94 21.88 01a59314o0485c        0  17.848168
59314.448467 20.171596      NaN    1    10 c    0   1.04 210.91068 54.31167  6580.07  1007.15 2.62 2.37  -2.3 -0.372    19.95 21.87 01a59314o0491c        0  18.372727
59314.453560 20.207197      NaN   -1    10 c    0   0.93 210.91068 54.31167  6595.03   894.01 2.40 2.20 -18.9 -0.396    19.97 21.86 01a59314o0502c        0  18.372727
59318.482085 20.282105      NaN    4     8 c    0   1.10 210.91068 54.31167  4041.95  9617.53 2.42 2.28 -41.2 -0.387    19.76 21.52 01a59318o0559c        0  17.365400
59318.517343 20.137125      NaN    2    10 c    0   1.03 210.91068 54.31167  4069.13  9651.29 2.29 2.10 -51.4 -0.388    19.89 21.56 01a59318o0635c        0  18.372727
59318.520566 20.207197      NaN    6     8 c    0   1.24 210.91068 54.31167  4009.64  9573.51 2.28 2.08 -45.1 -0.388    19.89 21.57 01a59318o0642c        0  17.365400
59318.543605 20.449472      NaN  -10     8 c    0   1.62 210.91068 54.31167  3995.47  9687.32 2.28 2.10 -53.4 -0.387    19.86 21.46 01a59318o0691c   524288  17.365400
59322.408613 20.449472      NaN  -10     8 c    0   1.16 210.91068 54.31167  3072.19  4982.98 2.30 2.21 -82.0 -0.395    19.96 21.79 01a59322o0383c   524288  17.365400
59322.410910 20.594452      NaN  -15     7 c    0   1.82 210.91068 54.31167  3052.35  4944.73 2.29 2.17 -84.1 -0.398    19.97 21.80 01a59322o0388c        0  16.927998
59322.414135 20.449472      NaN   -4     8 c    0   1.44 210.91068 54.31167  3109.98  5020.30 2.24 2.12 -74.7 -0.401    19.99 21.81 01a59322o0395c        0  17.365400
59322.419674 20.449472      NaN   -1     8 c    0   1.05 210.91068 54.31167  3128.42  4905.14 2.33 2.19 -67.1 -0.399    19.92 21.79 01a59322o0407c        0  17.365400
59344.419514 20.103715      NaN  -14    11 c    0   1.11 210.91068 54.31167  1123.40  5159.19 2.37 2.24 -41.2 -0.422    19.73 21.69 02a59344o0385c   524288  18.935604
59344.423635 20.103715      NaN   -8    11 c    0   1.08 210.91068 54.31167  1103.84  5120.48 2.39 2.26 -41.4 -0.418    19.71 21.70 02a59344o0394c        0  18.935604
59344.429702 19.529530      NaN   23    11 c    0   1.04 210.91068 54.31167  1164.32  5194.01 2.40 2.26 -46.4 -0.423    19.71 21.72 02a59344o0407c        0  18.935604
59344.462022 19.816329      NaN   10    11 c    0   1.34 210.91068 54.31167  1182.48  5071.27 2.33 2.28 -18.3 -0.419    19.69 21.62 02a59344o0474c        0  18.935604
59370.364702 20.449472      NaN   -6     8 c    0   1.15 210.91068 54.31167  1988.14  9681.67 2.28 2.04 -63.0 -0.403    19.99 22.07 01a59370o0279c        0  17.365400
59370.367930 20.321591      NaN  -10     9 c    0   0.78 210.91068 54.31167  2009.56  9720.84 2.32 2.08 -64.5 -0.403    20.00 22.06 01a59370o0286c        0  17.848168
59370.374378 20.071303      NaN   10     8 c    0   1.29 210.91068 54.31167  1947.40  9640.74 2.25 1.99 -65.0 -0.406    20.01 22.04 01a59370o0300c        0  17.365400
59370.408119 20.321591      NaN   -4     9 c    0   1.09 210.91068 54.31167  1931.95  9754.13 2.38 2.12 -61.7 -0.407    19.96 22.00 01a59370o0367c        0  17.848168
59374.345057 20.449472      NaN   -5     8 c    0   1.70 210.91068 54.31167  1989.37  9684.56 2.45 2.21 -61.4 -0.392    19.98 22.03 01a59374o0234c        0  17.365400
59374.348286 20.449472      NaN    0     8 c    0   1.41 210.91068 54.31167  2010.73  9722.77 2.30 2.10 -65.3 -0.402    19.98 22.02 01a59374o0241c        0  17.365400
59374.353832 20.449472      NaN   -3     8 c    0   1.23 210.91068 54.31167  1952.20  9644.50 2.31 2.10 -53.9 -0.390    19.99 22.02 01a59374o0253c        0  17.365400
59374.364434 20.321591      NaN    3     8 c    0   1.07 210.91068 54.31167  1931.74  9759.59 2.38 2.11 -62.1 -0.402    19.97 22.04 01a59374o0276c        0  17.365400
59378.326788 20.321591      NaN    3     8 c    0   1.27 210.91068 54.31167  5014.10  1947.84 2.15 2.08  53.4 -0.401    19.98 21.72 01a59378o0193c        0  17.365400
59378.330008 20.171596      NaN    1    10 c    0   0.82 210.91068 54.31167  5034.99  1988.31 2.17 2.12  32.1 -0.400    19.93 21.73 01a59378o0200c        0  18.372727
59378.335546 20.321591      NaN    3     8 c    0   1.79 210.91068 54.31167  4979.01  1910.02 2.21 2.11  20.0 -0.398    19.97 21.75 01a59378o0212c        0  17.365400
59378.348438 20.594452      NaN    0     7 c    0   1.36 210.91068 54.31167  4964.40  2025.24 2.23 2.16  11.3 -0.391    19.97 21.87 01a59378o0240c        0  16.927998
59404.284177 19.766969      NaN   12    11 c    0   1.32 210.91068 54.31167  1752.87  8907.57 2.63 1.98 -48.8 -0.448    19.74 21.54 02a59404o0088c  4194560  18.935604
59404.287411 20.103715      NaN    0    11 c    0   0.99 210.91068 54.31167  1732.97  8868.76 2.67 2.01 -50.2 -0.440    19.73 21.54 02a59404o0095c        0  18.935604
59404.292910 19.841877      NaN    9    11 c    0   1.12 210.91068 54.31167  1787.38  8941.45 2.61 2.07 -50.9 -0.431    19.70 21.51 02a59404o0107c        0  18.935604
59404.302990 19.868040      NaN    2    13 c    0   0.91 210.91068 54.31167  1807.48  8822.36 2.68 2.07 -50.0 -0.436    19.66 21.51 02a59404o0129c        0  20.163261
59408.274563 20.009244      NaN  -14    12 c    0   0.93 210.91068 54.31167  1755.40  8906.74 2.59 2.03 -48.8 -0.439    19.66 21.40 02a59408o0068c        0  19.533487
59408.277767 19.922338      NaN   -3    13 c    0   0.90 210.91068 54.31167  1734.08  8867.58 2.61 2.15 -52.0 -0.422    19.64 21.42 02a59408o0075c        0  20.163261
59408.283262 20.009244      NaN   -8    12 c    0   0.89 210.91068 54.31167  1789.06  8942.53 2.58 2.16 -51.2 -0.430    19.62 21.42 02a59408o0087c        0  19.533487
59408.295675 19.816329      NaN    4    13 c    0   1.21 210.91068 54.31167  1810.80  8821.76 2.52 2.08 -47.9 -0.435    19.67 21.47 02a59408o0114c        0  20.163261
59426.249901 20.009244      NaN   -4    12 c    0   1.05 210.91068 54.31167  6878.35  1791.78 2.36 2.16 -72.8 -0.407    19.54 20.73 01a59426o0032c        0  19.533487
59426.253177 20.207197      NaN   -4    10 c    0   1.39 210.91068 54.31167  6897.38  1831.77 2.40 2.20 -74.5 -0.404    19.71 21.20 01a59426o0039c        0  18.372727
59426.258716 20.282105      NaN    1     9 c    0   1.32 210.91068 54.31167  6843.10  1756.69 2.29 2.16 -72.8 -0.405    19.86 21.60 01a59426o0051c        0  17.848168
59426.272762 20.137125      NaN    5     9 c    0   1.29 210.91068 54.31167  6826.97  1874.27 2.31 2.17 -75.0 -0.407    19.88 21.67 01a59426o0081c   524288  17.848168
59430.242183 19.256669      NaN   -2    24 c    0   1.53 210.91068 54.31167  6878.51  1796.44 2.31 2.17 -36.3 -0.389    18.64 19.07 01a59430o0020c        0  28.522923
59430.244954 19.334813      NaN   13    18 c    0   0.96 210.91068 54.31167  6898.68  1832.95 2.29 2.14 -75.5 -0.400    19.10 19.81 01a59430o0026c        0  23.697196
59430.250541 20.207197      NaN  -10    10 c    0   1.62 210.91068 54.31167  6847.28  1758.96 2.31 2.15 -75.2 -0.398    19.66 20.96 01a59430o0038c        0  18.372727
59430.260749 20.207197      NaN  -12    10 c    0   1.00 210.91068 54.31167  6828.97  1873.96 2.35 2.19 -80.2 -0.402    19.86 21.60 01a59430o0060c        0  18.372727
59434.246925 19.631075      NaN    6    15 c    0   1.22 210.91068 54.31167  9424.51  5351.36 2.85 2.42 -84.2 -0.365    19.33 20.53 01a59434o0034c   524288  21.507141
59434.250609 20.171596      NaN    1    10 c    0   1.58 210.91068 54.31167  9444.81  5386.49 2.84 2.40 -87.2 -0.376    19.54 21.12 01a59434o0042c        0  18.372727
59434.256155 20.009244      NaN  -16    12 c    0   1.09 210.91068 54.31167  9386.27  5316.37 2.78 2.39 -81.9 -0.380    19.71 21.52 01a59434o0054c        0  19.533487
59434.267220 20.207197      NaN   -8    10 c    0   1.16 210.91068 54.31167  9369.72  5435.46 2.50 2.22 -79.5 -0.399    19.85 21.64 01a59434o0078c        0  18.372727
59588.641428 19.791368      NaN    8    12 c    0   0.91 210.91068 54.31167  3834.70  7450.89 2.64 2.40  46.7 -0.398    19.65 21.81 02a59588o0978c        0  19.533487
59588.646929 20.009244      NaN   -8    12 c    0   1.25 210.91068 54.31167  3855.56  7489.30 2.57 2.39  44.6 -0.407    19.61 21.81 02a59588o0990c        0  19.533487
59588.658083 19.894850      NaN    4    12 c    0   1.07 210.91068 54.31167  3795.72  7410.06 2.56 2.35  45.7 -0.405    19.61 21.75 02a59588o1014c        0  19.533487
59588.665789 20.009244      NaN   -4    12 c    0   1.27 210.91068 54.31167  3772.30  7529.60 2.65 2.37  46.6 -0.397    19.46 21.22 02a59588o1030c        0  19.533487
59615.558656 19.696897      NaN   15    11 c    0   1.34 210.91068 54.31167  1522.89  3706.96 2.42 2.36  62.2 -0.422    19.60 21.48 02a59615o0775c        0  18.935604
59615.561412 19.841877      NaN    6    12 c    0   1.14 210.91068 54.31167  1542.56  3746.01 2.41 2.34  54.7 -0.424    19.61 21.49 02a59615o0781c  4194560  19.533487
59615.564167 20.321591      NaN   -6     9 c    0   1.67 210.91068 54.31167  1484.10  3666.22 2.54 2.37  44.3 -0.418    19.59 21.49 02a59615o0787c        0  17.848168
59615.571520 19.631075      NaN   18    11 c    0   1.45 210.91068 54.31167  1466.69  3781.22 2.45 2.37  58.9 -0.420    19.60 21.51 02a59615o0803c   524288  18.935604
59619.586609 19.841877      NaN  -24    14 c    0   0.87 210.91068 54.31167  4021.46  9602.49 2.54 2.48  49.4 -0.406    19.67 21.67 02a59619o0807c        0  20.822034
59619.588435 20.009244      NaN   -6    12 c    0   1.18 210.91068 54.31167  4041.41  9642.03 2.57 2.47  50.2 -0.405    19.66 21.67 02a59619o0811c        0  19.533487
59619.592559 19.841877      NaN   -4    14 c    0   0.96 210.91068 54.31167  3979.07  9562.97 2.64 2.44  46.5 -0.397    19.63 21.67 02a59619o0820c        0  20.822034
59619.610269 19.841877      NaN   -3    14 c    0   0.94 210.91068 54.31167  3957.82  9680.45 2.66 2.46  42.7 -0.396    19.65 21.62 02a59619o0858c        0  20.822034
59639.510262 19.510313      NaN   21    12 c    0   0.97 210.91068 54.31167  1834.28  7505.48 2.33 2.28  63.0 -0.428    19.73 21.72 02a59639o0653c        0  19.533487
59639.513468 19.674510      NaN   10    13 c    0   0.94 210.91068 54.31167  1854.29  7545.68 2.44 2.32  41.7 -0.416    19.69 21.70 02a59639o0660c        0  20.163261
59639.516215 20.103715      NaN  -24    11 c    0   1.11 210.91068 54.31167  1794.80  7464.59 2.32 2.27  61.4 -0.433    19.71 21.71 02a59639o0666c        0  18.935604
59639.522156 19.922338      NaN    6    11 c    0   1.17 210.91068 54.31167  1774.77  7580.51 2.35 2.31  71.3 -0.429    19.72 21.72 02a59639o0679c        0  18.935604
59643.579606 19.197966      NaN   37    13 c    0   1.48 210.91068 54.31167   800.27  3016.01 2.23 2.10   6.4 -0.449    19.23 21.76 02a59643o0746c        0  20.163261
59643.582534 19.549093      NaN   16    13 c    0   1.37 210.91068 54.31167   778.63  2975.48 2.24 2.12   2.0 -0.448    19.21 21.75 02a59643o0752c        0  20.163261
59643.617736 19.696897      NaN  -10    16 c    0   0.82 210.91068 54.31167   837.05  3048.97 2.33 2.09  29.9 -0.440    19.25 21.72 02a59643o0823c        0  22.216145
59643.623182 19.841877      NaN   -7    14 c    0   1.22 210.91068 54.31167   858.14  2927.13 2.25 2.12   8.4 -0.448    19.22 21.71 02a59643o0834c        0  20.822034
59647.511394 19.454622      NaN  -16    20 c    0   0.88 210.91068 54.31167  9787.44  7555.25 2.70 2.33  86.7 -0.448    18.96 21.75 02a59647o0432c   524288  25.249893
59647.514333 19.169763      NaN   24    18 c    0   1.13 210.91068 54.31167  9808.59  7592.56 2.73 2.33  80.0 -0.441    18.94 21.77 02a59647o0438c   524288  23.697196
59647.519354 18.079051      NaN  -33    71 c    0   0.76 210.91068 54.31167  9749.53  7519.91 2.65 2.37  80.0 -0.450    17.72 20.47 02a59647o0448c        0  72.653679
59647.539712 19.351140      NaN  -21    22 c    0   1.01 210.91068 54.31167  9734.32  7640.00 2.89 2.56  68.1 -0.421    18.89 21.75 02a59647o0488c        0  26.861815
59671.401837 19.841877      NaN  -14    14 c    0   1.08 210.91068 54.31167  3610.10  5823.31 2.72 2.52  41.0 -0.395    19.49 21.62 02a59671o0314c        0  20.822034
59671.428617 19.841877      NaN   -8    14 c    0   1.03 210.91068 54.31167  3644.06  5860.63 2.79 2.53  42.6 -0.393    19.53 21.63 02a59671o0371c   524288  20.822034
59671.431827 19.652575      NaN    2    16 c    0   0.79 210.91068 54.31167  3586.14  5786.30 2.92 2.59  44.1 -0.384    19.45 21.63 02a59671o0378c        0  22.216145
59671.437311 19.922338      NaN   -1    13 c    0   1.84 210.91068 54.31167  3566.44  5903.08 2.95 2.56  40.6 -0.386    19.42 21.63 02a59671o0390c   524288  20.163261
59675.445368 16.669763      NaN   33   249 c    0   0.98 210.91068 54.31167  1930.77  9627.64 2.52 2.40  40.7 -0.389    16.29 18.27 02a59675o0501c  4196354 249.476566
59675.451766 18.445391      NaN   26    42 c    0   0.98 210.91068 54.31167  1910.45  9743.67 2.40 2.35  28.4 -0.458    18.45 20.52 02a59675o0515c   532480  44.738765
59679.432660 19.256669      NaN   -4    24 c    0   0.95 210.91068 54.31167  1967.10  9667.42 2.53 2.39  41.4 -0.436    18.97 20.69 02a59679o0440c        0  28.522923
59679.438161 19.051202      NaN   15    24 c    0   1.77 210.91068 54.31167  1987.56  9705.58 2.48 2.38  33.3 -0.441    18.97 20.71 02a59679o0452c        0  28.522923
59679.439989 19.026525      NaN   23    22 c    0   1.38 210.91068 54.31167  1926.56  9625.47 2.48 2.36  33.2 -0.450    18.99 20.72 02a59679o0456c        0  26.861815
59679.445014 19.256669      NaN  -37    24 c    0   0.95 210.91068 54.31167  1904.58  9743.16 2.48 2.41  30.8 -0.442    19.00 20.75 02a59679o0467c        0  28.522923
59695.447397 19.922338      NaN   -7    13 c    0   1.27 210.91068 54.31167  8868.68  5221.15 2.73 2.49  32.2 -0.400    19.49 21.38 02a59695o0478c        0  20.163261
59695.450623 19.766969      NaN    3    14 c    0   1.19 210.91068 54.31167  8849.21  5180.82 2.66 2.39  33.1 -0.403    19.51 21.38 02a59695o0485c        0  20.822034
59695.485942 19.841877      NaN   -6    14 c    0   1.21 210.91068 54.31167  8899.23  5260.19 2.75 2.44  30.0 -0.390    19.47 21.34 02a59695o0561c   524288  20.822034
59695.514381 19.102305      NaN   20    21 c    0   0.97 210.91068 54.31167  8916.27  5144.66 2.76 2.40  28.4 -0.395    19.02 20.86 02a59695o0622c   524288  26.049129
59699.416003 15.998829      NaN  178   423 c    0   1.23 210.91068 54.31167  3342.92  7100.19 2.64 2.33  24.6 -0.397    15.53 16.82 02a59699o0410c  4196354 423.280707
59699.419220 18.878500      NaN -113    34 c    0   1.11 210.91068 54.31167  3325.75  7064.83 2.59 2.33  26.3 -0.397    18.25 19.68 02a59699o0417c     8192  37.330378
59699.424739 17.801668      NaN    2    91 c    0   0.93 210.91068 54.31167  3381.69  7138.77 2.63 2.33  24.3 -0.400    17.23 18.61 02a59699o0429c     8192  92.296030
59699.459844 19.569016      NaN   -1    18 c    0   1.74 210.91068 54.31167  3387.35  7019.74 2.58 2.25  27.3 -0.396    18.82 20.34 02a59699o0505c  4194560  23.697196
59723.379391 19.401649      NaN   24    13 c    0   0.94 210.91068 54.31167  5022.65  4859.12 2.69 2.33  28.8 -0.399    19.57 21.29 02a59723o0312c        0  20.163261
59723.382603 19.766969      NaN   -8    15 c    0   0.87 210.91068 54.31167  4999.88  4817.94 2.96 2.46  29.7 -0.388    19.52 21.28 02a59723o0319c        0  21.507141
59723.388089 19.674510      NaN    7    14 c    0   0.83 210.91068 54.31167  5060.83  4896.21 2.69 2.30  28.5 -0.402    19.58 21.25 02a59723o0331c        0  20.822034
59723.400898 19.631075      NaN   15    12 c    0   1.30 210.91068 54.31167  5079.47  4782.08 2.76 2.37  26.9 -0.397    19.55 21.26 02a59723o0359c        0  19.533487
59727.350487 18.142010      NaN  -42    67 c    0   1.02 210.91068 54.31167  5027.19  4865.26 2.68 2.28  31.1 -0.398    17.52 18.91 02a59727o0248c        0  68.749961
59727.353687 18.806434      NaN   40    23 c    0   1.12 210.91068 54.31167  5007.57  4825.88 2.65 2.25  29.9 -0.401    18.58 20.08 02a59727o0255c        0  27.686768
59727.360089 17.829663      NaN   79    63 c    0   1.29 210.91068 54.31167  5065.48  4901.46 2.64 2.25  30.7 -0.403    17.59 18.92 02a59727o0269c  4194560  64.857976
59727.371522 18.504094      NaN  -18    48 c    0   1.02 210.91068 54.31167  5086.24  4784.11 2.81 2.30  31.3 -0.389    18.00 19.43 02a59727o0294c   524288  50.413858
59731.393020 19.696897      NaN    9    13 c    0   1.08 210.91068 54.31167  3613.94  8747.18 2.74 2.67  34.7 -0.390    19.54 21.53 02a59731o0172c        0  20.163261
59731.398541 19.631075      NaN    9    14 c    0   1.00 210.91068 54.31167  3593.89  8708.02 2.84 2.66  42.2 -0.386    19.56 21.51 02a59731o0184c        0  20.822034
59731.401810 19.454622      NaN   18    14 c    0   0.84 210.91068 54.31167  3650.51  8784.97 2.61 2.58  46.9 -0.392    19.59 21.52 02a59731o0191c        0  20.822034
59731.414645 19.609992      NaN   16    12 c    0   1.32 210.91068 54.31167  3668.04  8664.24 2.70 2.54  25.2 -0.395    19.57 21.46 02a59731o0219c        0  19.533487
59751.314809 20.009244      NaN  -18    12 c    0   0.74 210.91068 54.31167  4522.43  1078.52 2.41 2.29  79.0 -0.428    19.65 21.48 02a59751o0156c        0  19.533487
59751.318028 20.321591      NaN  -25     9 c    0   1.41 210.91068 54.31167  4502.21  1042.12 2.38 2.26  74.6 -0.429    19.63 21.48 02a59751o0163c        0  17.848168
59751.323522 20.137125      NaN    8     8 c    0   1.98 210.91068 54.31167  4563.49  1117.31 2.33 2.24  80.5 -0.430    19.66 21.47 02a59751o0175c        0  17.365400
59751.334507 20.207197      NaN  -10    10 c    0   1.32 210.91068 54.31167  4584.81  1005.08 2.51 2.36  84.5 -0.424    19.64 21.45 02a59751o0199c        0  18.372727
59783.267980 19.719755      NaN   14    11 c    0   1.61 210.91068 54.31167  1470.43  6781.02 2.40 2.26 -40.1 -0.429    19.57 21.12 02a59783o0058c        0  18.935604
59783.271622 19.922338      NaN  -15    13 c    0   1.30 210.91068 54.31167  1451.23  6741.96 2.58 2.37 -48.9 -0.423    19.53 21.16 02a59783o0066c        0  20.163261
59783.278464 20.103715      NaN   -1    11 c    0   1.25 210.91068 54.31167  1507.52  6817.65 2.47 2.26 -47.2 -0.430    19.60 21.20 02a59783o0081c        0  18.935604
59783.292955 19.674510      NaN   13    12 c    0   1.03 210.91068 54.31167  1526.51  6697.34 2.37 2.17 -49.1 -0.441    19.57 21.12 02a59783o0113c        0  19.533487
59787.293213 19.766969      NaN    9    12 c    0   1.44 210.91068 54.31167  6739.45  3125.35 2.82 2.75  54.9 -0.404    19.41 21.28 02a59787o0117c        0  19.533487
59787.297291 19.696897      NaN  -26    16 c    0   0.85 210.91068 54.31167  6719.22  3082.79 2.90 2.84  55.4 -0.387    19.39 21.27 02a59787o0126c   524288  22.216145
59787.303716 19.841877      NaN   -2    14 c    0   0.96 210.91068 54.31167  6776.88  3158.20 2.85 2.76  41.5 -0.391    19.42 21.26 02a59787o0140c        0  20.822034
59787.318300 19.743105      NaN    4    14 c    0   1.13 210.91068 54.31167  6798.13  3039.98 2.85 2.72  38.4 -0.390    19.44 21.27 02a59787o0172c   524288  20.822034
59811.240646 18.816441      NaN  -18    36 c    0   0.89 210.91068 54.31167  9040.42  6879.05 2.67 2.41  28.6 -0.410    18.72 19.75 02a59811o0025c        0  39.160658
59811.243827 19.212347      NaN  -17    25 c    0   0.79 210.91068 54.31167  9019.87  6837.18 2.59 2.44  26.7 -0.415    19.14 20.36 02a59811o0032c        0  29.369323
59811.251095 19.841877      NaN   -4    14 c    0   1.27 210.91068 54.31167  9078.58  6915.25 2.65 2.49  24.9 -0.411    19.43 21.04 02a59811o0048c        0  20.822034
59811.262036 19.256669      NaN   24    16 c    0   0.97 210.91068 54.31167  9096.87  6797.06 2.61 2.49  24.1 -0.418    19.49 21.14 02a59811o0072c        0  22.216145
59819.241262 19.334813      NaN   22    15 c    0   1.03 210.91068 54.31167  6579.83   977.50 2.35 2.22  59.2 -0.408    19.14 20.53 02a59819o0037c        0  21.507141
59819.246702 20.009244      NaN  -31    12 c    0   1.11 210.91068 54.31167  6558.56   937.65 2.35 2.24  85.8 -0.416    19.34 20.93 02a59819o0049c        0  19.533487
59819.249867 19.589310      NaN   11    14 c    0   1.09 210.91068 54.31167  6619.48  1017.80 2.52 2.40  84.2 -0.399    19.35 21.00 02a59819o0056c        0  20.822034
59819.259883 19.766969      NaN    9    12 c    0   1.15 210.91068 54.31167  6642.26   900.39 2.40 2.23 -75.0 -0.427    19.37 21.05 02a59819o0078c        0  19.533487
59841.218401 18.005163      NaN   63    55 c    0   0.82 210.91068 54.31167  6974.88  9571.52 3.07 2.87  65.9 -0.351    17.82 19.42 01a59841o0022c        0  57.118798
59841.222104 18.786693      NaN   18    31 c    0   1.12 210.91068 54.31167  6995.67  9612.28 3.06 2.87  69.7 -0.351    18.50 20.18 01a59841o0030c        0  34.620184
59841.232292 19.287255      NaN   13    19 c    0   0.97 210.91068 54.31167  6933.63  9540.56 3.10 2.92  73.1 -0.347    18.98 20.90 01a59841o0052c        0  24.465427
59841.238300 19.569016      NaN  -34    18 c    0   1.10 210.91068 54.31167  6913.48  9657.42 3.11 2.95  72.0 -0.345    19.00 20.95 01a59841o0065c        0  23.697196
59999.634833 18.649074      NaN   33    31 c    0   0.92 210.91068 54.31167  9223.97  9018.52 2.78 2.66  59.2 -0.390    18.65 20.44 02a59999o0111c   524288  34.620184
59999.637641 19.302877      NaN  -37    23 c    0   1.19 210.91068 54.31167  9204.71  8976.29 2.79 2.68  51.6 -0.385    18.85 20.68 02a59999o0117c   524288  27.686768
59999.650179 19.128787      NaN   -8    27 c    0   1.23 210.91068 54.31167  9258.88  9056.74 2.80 2.58  41.7 -0.388    18.66 20.40 02a59999o0142c   524288  31.089502
59999.656837 19.302877      NaN   -3    23 c    0   1.07 210.91068 54.31167  9276.03  8937.97 2.74 2.67  55.0 -0.387    18.85 20.61 02a59999o0155c  4194560  27.686768
60048.393577 20.103715      NaN  -17    11 c    0   1.21 210.91068 54.31167  5672.87  7365.71 2.59 2.31  44.1 -0.410    19.52 21.42 02a60048o0341c        0  18.935604
60048.395386 19.841877      NaN   -2    14 c    0   0.87 210.91068 54.31167  5692.90  7404.41 2.59 2.33  43.3 -0.410    19.55 21.42 02a60048o0345c        0  20.822034
60048.401280 20.009244      NaN  -25    12 c    0   0.87 210.91068 54.31167  5634.17  7327.97 2.64 2.34  41.5 -0.408    19.55 21.43 02a60048o0357c        0  19.533487
60048.436787 20.103715      NaN   -1    11 c    0   1.12 210.91068 54.31167  5615.85  7447.35 2.60 2.30  36.8 -0.410    19.59 21.48 02a60048o0428c        0  18.935604
60050.476350 19.841877      NaN   -5    14 c    0   1.18 210.91068 54.31167  7503.17  9050.48 2.56 2.41  41.0 -0.420    19.44 21.13 02a60050o0512c        0  20.822034
60050.479980 19.128787      NaN   30    17 c    0   1.47 210.91068 54.31167  7483.63  9009.09 2.54 2.42  44.2 -0.415    19.18 20.81 02a60050o0520c   524288  22.946832
60050.515339 19.841877      NaN    3    13 c    0   1.34 210.91068 54.31167  7538.36  9083.81 2.58 2.38  37.7 -0.409    19.51 21.22 02a60050o0595c        0  20.163261
60050.521155 19.226921      NaN   29    15 c    0   0.81 210.91068 54.31167  7556.44  8963.85 2.62 2.41  36.5 -0.410    19.50 21.21 02a60050o0607c   524288  21.507141
60052.473293 19.922338      NaN   -4    13 c    0   1.20 210.91068 54.31167  5216.46  4850.01 2.42 2.19  34.8 -0.405    19.31 20.97 02a60052o0517c   524288  20.163261
60052.476484 19.696897      NaN  -17    16 c    0   1.31 210.91068 54.31167  5196.84  4810.43 2.52 2.21  29.4 -0.396    19.08 20.78 02a60052o0524c        0  22.216145
60052.509238 19.334813      NaN   25    14 c    0   0.93 210.91068 54.31167  5256.97  4879.76 2.54 2.21  32.3 -0.401    19.45 21.04 02a60052o0592c        0  20.822034
60052.515613 19.841877      NaN  -14    14 c    0   1.10 210.91068 54.31167  5277.99  4761.42 2.56 2.21  33.7 -0.395    19.42 20.99 02a60052o0605c        0  20.822034
60056.426687 20.009244      NaN  -14    12 c    0   1.56 210.91068 54.31167  1326.94  5145.37 2.48 2.28  20.3 -0.422    19.44 21.06 02a60056o0426c        0  19.533487
60056.430308 19.631075      NaN    6    15 c    0   0.96 210.91068 54.31167  1308.58  5105.03 2.60 2.46  11.9 -0.418    19.37 21.05 02a60056o0434c        0  21.507141
60056.465450 19.922338      NaN   -5    13 c    0   0.79 210.91068 54.31167  1360.89  5172.77 2.42 2.22  20.1 -0.426    19.49 21.06 02a60056o0509c        0  20.163261
60056.470537 19.841877      NaN   -3    14 c    0   0.81 210.91068 54.31167  1382.79  5054.06 2.42 2.23  16.9 -0.423    19.47 21.04 02a60056o0520c        0  20.822034
60058.400358 19.894850      NaN    1    13 c    0   1.48 210.91068 54.31167  5913.33  9504.54 2.76 2.42  41.3 -0.397    19.41 21.02 02a60058o0368c        0  20.163261
60058.403081 19.766969      NaN    0    15 c    0   0.84 210.91068 54.31167  5934.48  9541.58 2.74 2.41  37.3 -0.401    19.44 21.03 02a60058o0374c   524288  21.507141
60058.406260 19.674510      NaN    4    15 c    0   1.23 210.91068 54.31167  5872.42  9466.16 2.79 2.42  42.0 -0.393    19.44 21.03 02a60058o0381c        0  21.507141
60058.412604 19.696897      NaN    6    14 c    0   1.08 210.91068 54.31167  5851.63  9585.70 2.73 2.40  39.1 -0.397    19.44 21.03 02a60058o0395c  4194560  20.822034
60076.451715 19.979496      NaN    4    11 c    0   1.48 210.91068 54.31167  6747.60   963.92 2.33 2.17 -71.6 -0.423    19.51 21.04 02a60076o0241c        0  18.935604
60076.455118 19.609992      NaN   10    14 c    0   1.07 210.91068 54.31167  6728.45   926.09 2.31 2.11 -75.2 -0.429    19.50 21.03 02a60076o0248c        0  20.822034
60076.458122 20.009244      NaN   -2    12 c    0   1.13 210.91068 54.31167  6790.00  1005.75 2.32 2.11 -72.5 -0.428    19.54 21.05 02a60076o0254c        0  19.533487
60076.463264 19.351140      NaN   24    14 c    0   0.82 210.91068 54.31167  6809.64   883.82 2.30 2.12 -80.2 -0.429    19.48 21.02 02a60076o0264c        0  20.822034
60078.380061 20.103715      NaN    3    10 c    0   1.13 210.91068 54.31167  3256.41  4964.90 2.32 2.16  25.3 -0.414    19.63 21.30 02a60078o0314c        0  18.372727
60078.383226 20.009244      NaN   -9    12 c    0   0.88 210.91068 54.31167  3237.11  4929.50 2.29 2.16  18.9 -0.423    19.62 21.30 02a60078o0321c        0  19.533487
60078.390093 19.510313      NaN   24    11 c    0   0.99 210.91068 54.31167  3295.86  5004.80 2.29 2.15  24.6 -0.417    19.59 21.30 02a60078o0336c        0  18.935604
60078.401655 20.321591      NaN  -14     9 c    0   1.33 210.91068 54.31167  3316.33  4886.40 2.34 2.16  23.5 -0.418    19.61 21.34 02a60078o0361c        0  17.848168