         MJD         m       dm  uJy  duJy F  err  chi/N        RA     Dec        x        y  maj  min   phi  apfit  mag5sig   Sky            Obs  __tmp_SN     Mask
57396.587948 18.978793      NaN   26    19 c    0   1.54 210.91688 54.3204  7756.93  2239.45 4.00 3.60   7.8 -0.428    19.59 21.57 02a57396o0607c  1.894737   524288
57396.598947 19.510313      NaN  -31    19 c    0   1.88 210.91688 54.3204  7470.65  1666.46 4.10 3.60   5.1 -0.444    19.60 21.58 02a57396o0625c -1.105263   524288
57396.614233 18.214605      NaN   61    39 c    0   1.12 210.91688 54.3204  8284.06  2810.45 3.80 3.60  20.0 -0.419    19.60 21.56 02a57396o0650c  1.820513   524288
57396.627717 18.566153      NaN   -6    44 c    0   1.07 210.91688 54.3204  8546.54  1048.95 4.33 3.66  11.1 -0.431    19.59 21.57 02a57396o0672c  0.090909   524288
57424.598946 19.051202      NaN   20    19 c    0   1.41 210.91688 54.3204  8255.43  1565.20 4.33 3.76  10.3 -0.440    19.70 21.79 02a57424o0633c  1.578947        0
57424.604067 19.142275      NaN   13    19 c    0   1.61 210.91688 54.3204  8519.32  2135.29 4.25 3.83  15.1 -0.423    19.68 21.79 02a57424o0641c  1.210526        0
57424.621336 18.944322      NaN   32    18 c    0   1.77 210.91688 54.3204  7364.21  2753.05 4.02 3.71   9.8 -0.416    19.70 21.79 02a57424o0667c  2.333333   524288
57424.633626 19.367717      NaN    4    17 c    0   1.29 210.91688 54.3204  7287.17  2846.91 3.97 3.67  11.3 -0.418    19.70 21.79 02a57424o0685c  0.823529        0
57448.521048 19.102305      NaN    7    22 c    0   1.41 210.91688 54.3204  7922.09  1756.16 4.00 3.65  14.9 -0.450    19.26 20.81 02a57448o0458c  0.772727        0
57448.543577 19.351140      NaN  -19    22 c    0   1.61 210.91688 54.3204  8213.98  2336.47 3.94 3.73  22.8 -0.441    19.21 20.77 02a57448o0497c -0.409091   524288
57448.565924 19.256669      NaN  -15    24 c    0   1.24 210.91688 54.3204  7073.43  2958.82 4.38 3.91  -1.1 -0.389    19.09 20.75 02a57448o0536c -0.208333        0
57448.596475 19.351140      NaN  -12    22 c    0   1.70 210.91688 54.3204  3354.77  7839.31 3.87 3.61 -70.4 -0.422    19.20 20.80 02a57448o0592c -0.090909        0
57449.515332 19.401649      NaN  -33    21 c    0   1.50 210.91688 54.3204  8158.78  1706.76 4.05 3.63  15.4 -0.462    19.45 21.19 02a57449o0610c -1.095238        0
57449.538360 19.076453      NaN   12    21 c    0   1.25 210.91688 54.3204  8457.08  2284.61 3.82 3.59  30.2 -0.457    19.42 21.11 02a57449o0650c  1.047619        0
57449.558557 19.076453      NaN   15    20 c    0   1.48 210.91688 54.3204  7316.78  2912.38 3.78 3.62  14.8 -0.428    19.39 21.07 02a57449o0688c  1.250000        0
57449.570520 19.436675      NaN   -9    20 c    0   1.36 210.91688 54.3204  7298.65  2851.72 3.76 3.57  17.9 -0.440    19.39 21.06 02a57449o0709c  0.050000        0
57458.509881 19.510313      NaN  -16    19 c    0   1.34 210.91688 54.3204  8241.30  1559.28 4.32 3.77  15.3 -0.446    19.65 21.70 02a57458o0606c -0.315789   524288
57458.513259 19.076453      NaN   18    19 c    0   1.71 210.91688 54.3204  8527.07  2128.04 4.21 3.91  23.6 -0.426    19.61 21.68 02a57458o0613c  1.473684        0
57458.536888 18.967180      NaN   33    17 c    0   1.51 210.91688 54.3204  7400.26  2753.81 4.12 3.83   2.1 -0.403    19.60 21.68 02a57458o0653c  2.529412  4195328
57458.567769 19.569016      NaN  -35    18 c    0   1.28 210.91688 54.3204  3351.08  7837.22 3.85 3.61 -72.9 -0.421    19.64 21.68 02a57458o0708c -1.388889   524288
57488.426551 19.454622      NaN  -28    20 c    0   1.47 210.91688 54.3204  8373.62  1631.57 4.33 3.81  20.0 -0.478    19.60 21.59 02a57488o0373c -0.900000   524288
57488.444090 18.816441      NaN   38    20 c    0   1.38 210.91688 54.3204  8660.92  2188.01 4.18 3.80  29.4 -0.461    19.60 21.61 02a57488o0405c  2.400000        0
57488.465855 19.026525      NaN   25    18 c    0   2.04 210.91688 54.3204  7539.16  2835.08 4.06 3.72  15.5 -0.447    19.57 21.56 02a57488o0444c  1.944444   524288
57488.475297 19.454622      NaN  -28    20 c    0   1.50 210.91688 54.3204  3337.11  7828.89 3.99 3.61 -65.0 -0.439    19.55 21.54 02a57488o0460c -0.900000        0
57512.362600 18.910912      NaN   26    21 c    0   1.47 210.91688 54.3204  9561.02  2698.25 4.67 4.15  38.2 -0.436    19.51 21.58 02a57512o0305c  1.714286        0
57512.371077 19.510313      NaN  -16    19 c    0   1.69 210.91688 54.3204  9583.92  2734.55 4.58 4.08  39.5 -0.441    19.53 21.60 02a57512o0322c -0.315789   524288
57512.373986 19.569016      NaN  -59    18 c    0   2.10 210.91688 54.3204   378.08  2622.62 5.07 3.82 -34.1 -0.413    19.58 21.60 02a57512o0328c -2.722222   524288
57512.383392 19.454622      NaN  -32    20 c    0   1.25 210.91688 54.3204   397.92  2659.79 5.11 3.92 -33.9 -0.414    19.54 21.60 02a57512o0347c -1.100000        0
57512.386899 19.384550      NaN    0    18 c    0   1.33 210.91688 54.3204   979.66  7910.17 4.45 3.82 -58.3 -0.428    19.55 21.63 02a57512o0354c  0.555556   524288
57512.388945 19.454622      NaN  -45    20 c    0   1.78 210.91688 54.3204   332.07  2583.33 5.16 3.88 -31.4 -0.404    19.57 21.61 02a57512o0358c -1.750000   524288
57512.397027 19.454622      NaN  -22    20 c    0   1.77 210.91688 54.3204  1010.14  7790.93 4.39 3.76 -57.8 -0.428    19.55 21.60 02a57512o0374c -0.600000   524288
57512.407432 19.510313      NaN  -25    19 c    0   1.57 210.91688 54.3204 10200.03  7855.82 4.60 3.71  81.1 -0.426    19.54 21.62 02a57512o0395c -0.789474        0
57512.416849 19.569016      NaN  -29    18 c    0   2.30 210.91688 54.3204  3611.30  8663.53 4.15 3.80 -61.8 -0.410    19.52 21.58 02a57512o0414c -1.055556        0
57515.371866 19.026525      NaN   16    21 c    0   1.62 210.91688 54.3204  1953.92   516.00 5.35 3.74 -16.2 -0.484    19.58 21.68 02a57515o0321c  1.238095        0
57515.372987 18.944322      NaN    5    27 c    0   1.69 210.91688 54.3204  7391.25   251.07 5.30 3.91  10.3 -0.491    19.61 21.70 02a57515o0323c  0.555556   524288
57515.374441 19.510313 0.361912   47    19 c    0   1.61 210.91688 54.3204  8561.03 10084.34 4.30 3.85  75.6 -0.415    19.60 21.66 02a57515o0326c  3.000000   524288
57515.383262 19.569016      NaN  -16    18 c    0   1.58 210.91688 54.3204  3099.73 10276.74 4.24 3.95 -48.2 -0.399    19.61 21.73 02a57515o0344c -0.333333        0
57515.385734 18.836735      NaN   36    20 c    0   1.85 210.91688 54.3204  8489.46 10004.82 4.17 3.76  74.6 -0.422    19.61 21.65 02a57515o0348c  2.300000        0
57515.386824 19.454622      NaN   -4    18 c    0   2.12 210.91688 54.3204  3151.79 10361.22 4.28 3.97 -54.0 -0.401    19.61 21.70 02a57515o0350c  0.333333        0
57515.400161 19.510313      NaN  -11    19 c    0   1.88 210.91688 54.3204  3186.28 10240.98 4.17 3.92 -48.2 -0.389    19.61 21.69 02a57515o0376c -0.052632   524288
57515.402098 18.826541      NaN   34    21 c    0   1.69 210.91688 54.3204  2035.60   441.78 5.17 3.65 -16.0 -0.485    19.58 21.64 02a57515o0380c  2.095238   524288
57515.409082 19.454622      NaN  -13    20 c    0   1.60 210.91688 54.3204  1986.87   504.44 5.24 3.65 -15.0 -0.478    19.58 21.61 02a57515o0393c -0.150000        0
57515.410533 19.401649      NaN   -4    19 c    0   1.65 210.91688 54.3204  3145.35 10304.67 4.12 3.91 -42.3 -0.391    19.61 21.65 02a57515o0396c  0.315789        0
57545.329395 19.183773      NaN   10    19 c    0   1.97 210.91688 54.3204  1114.66  8168.69 4.40 3.95 -56.1 -0.415    19.59 21.73 02a57545o0190c  1.052632        0
57545.338129 19.212347      NaN   -1    22 c    0   1.46 210.91688 54.3204  1101.78  8131.35 4.40 3.93 -61.1 -0.432    19.58 21.75 02a57545o0208c  0.409091   524288
57545.345896 19.212347      NaN   11    18 c    0   1.78 210.91688 54.3204 10312.39  8249.82 4.55 3.64  80.2 -0.430    19.64 21.77 02a57545o0224c  1.166667        0
57545.355107 19.631075      NaN  -37    17 c    0   1.83 210.91688 54.3204  1160.21  8207.15 4.16 3.77 -57.0 -0.430    19.62 21.73 02a57545o0243c -1.588235  4194560
57545.356559 19.569016      NaN  -26    18 c    0   1.37 210.91688 54.3204 10300.51  8212.14 4.65 3.62  82.6 -0.426    19.64 21.79 02a57545o0246c -0.888889        0
57545.358980 18.955691      NaN   34    17 c    0   1.52 210.91688 54.3204 10357.55  8294.17 4.63 3.65  81.3 -0.434    19.64 21.79 02a57545o0251c  2.588235   524288
57545.361400 19.197966      NaN    9    19 c    0   2.30 210.91688 54.3204  1173.13  8089.85 4.39 3.92 -58.1 -0.425    19.56 21.74 02a57545o0256c  1.000000        0
57545.371093 19.287255      NaN    3    19 c    0   1.98 210.91688 54.3204  1140.48  8150.54 4.36 3.89 -56.8 -0.427    19.46 21.59 02a57545o0276c  0.684211   524288
57545.380784 19.401649      NaN  -43    21 c    0   1.54 210.91688 54.3204 10370.21  8181.49 4.68 3.68  80.3 -0.420    19.41 21.51 02a57545o0296c -1.571429        0
57545.390661 19.197966      NaN    6    20 c    0   1.48 210.91688 54.3204 10332.66  8241.33 4.89 3.82  79.3 -0.419    19.52 21.66 02a57545o0315c  0.800000        0
57549.332077 19.401649      NaN   -4    19 c    0   2.17 210.91688 54.3204  2402.49  9694.05 4.08 3.84 -54.9 -0.424    19.44 21.31 02a57549o0078c  0.315789        0
57549.342782 19.063754      NaN   19    19 c    0   2.29 210.91688 54.3204  2392.33  9654.26 4.17 3.87 -53.6 -0.416    19.44 21.33 02a57549o0100c  1.526316        0
57549.359807 19.454622      NaN  -11    20 c    0   1.54 210.91688 54.3204  2448.66  9729.66 4.12 3.83 -48.2 -0.419    19.46 21.36 02a57549o0135c -0.050000   524288
57549.367069 18.990530 0.271434   82    23 c    0   8.67 210.91688 54.3204  2461.32  9612.85 4.13 3.84 -53.5 -0.423    19.47 21.39 02a57549o0150c  4.000000  4194561
57549.375839 18.990530      NaN   22    20 c    0   1.57 210.91688 54.3204  2429.87  9676.58 4.25 3.90 -49.1 -0.415    19.49 21.47 02a57549o0168c  1.600000        0
57581.293250 19.302877      NaN  -25    23 c    0   1.57 210.91688 54.3204  3732.64  6930.64 4.17 3.83 -76.9 -0.443    19.01 20.64 02a57581o0088c -0.652174   524288
57581.304631 19.128787      NaN  -68    27 c    0   1.29 210.91688 54.3204  3720.05  6889.28 4.12 3.85 -62.0 -0.443    19.01 20.65 02a57581o0111c -2.148148        0
57581.321240 18.826541      NaN   28    23 c    0   1.55 210.91688 54.3204  3775.45  6963.76 3.97 3.69 -62.7 -0.451    19.00 20.58 02a57581o0145c  1.652174        0
57581.328019 18.990530      NaN    1    27 c    0   1.40 210.91688 54.3204  3787.82  6846.38 3.92 3.63 -72.1 -0.454    19.00 20.57 02a57581o0159c  0.407407        0
57581.338880 18.738855      NaN   22    28 c    0   1.08 210.91688 54.3204  3755.07  6905.37 3.99 3.68 -65.9 -0.453    18.93 20.48 02a57581o0181c  1.142857        0
57605.257770 18.304885      NaN   49    38 c    0   1.15 210.91688 54.3204  3995.91  7005.34 4.26 3.91  41.4 -0.371    18.85 21.71 02a57605o0052c  1.552632  4194560
57605.266058 18.657725      NaN   13    34 c    0   2.39 210.91688 54.3204  3972.98  6964.77 4.44 4.23  41.7 -0.398    18.84 21.70 02a57605o0066c  0.676471   532480
57605.277177 18.208845      NaN   56    41 c    0   1.21 210.91688 54.3204  4029.18  7038.23 5.25 5.14  64.6 -0.323    18.70 21.72 02a57605o0085c  1.609756  4194560
57605.290850 18.757738      NaN   35    23 c    0   1.88 210.91688 54.3204  4052.85  6922.15 4.92 4.71 -64.5 -0.356    19.19 21.41 02a57605o0109c  1.956522  4194560
57605.303123 18.944322      NaN   26    20 c    0   2.14 210.91688 54.3204  4007.54  6977.98 4.12 3.93 -60.0 -0.388    19.35 21.41 02a57605o0133c  1.800000   532480
57609.251150 19.026525      NaN   -2    27 c    0   1.30 210.91688 54.3204  1290.46 10139.46 4.18 3.79 -54.7 -0.423    19.04 20.57 02a57609o0045c  0.296296        0
57609.257024 18.191747      NaN  -41    64 c    0   0.65 210.91688 54.3204 10513.57 10261.37 4.94 3.91  81.8 -0.424    19.23 20.92 02a57609o0055c -0.484375  4196352
57609.260345 18.933071      NaN   15    24 c    0   1.62 210.91688 54.3204  1266.66 10097.93 4.25 3.89 -54.1 -0.429    19.15 20.84 02a57609o0061c  1.041667        0
57609.274446 19.089302      NaN    8    22 c    0   1.57 210.91688 54.3204  1321.79 10173.73 4.24 4.00 -55.1 -0.430    19.15 20.86 02a57609o0086c  0.818182        0
57609.275582 18.657725      NaN    4    37 c    0   1.81 210.91688 54.3204 10499.48 10218.81 5.08 4.04  81.4 -0.384    19.23 20.97 02a57609o0088c  0.378378  4194560
57609.283416 18.748255      NaN   24    27 c    0   1.17 210.91688 54.3204  1333.69 10050.84 4.35 3.86 -54.8 -0.412    19.11 20.83 02a57609o0102c  1.259259        0
57609.293767 18.693037      NaN   36    25 c    0   1.20 210.91688 54.3204  1297.45 10115.13 4.49 3.95 -54.1 -0.403    19.06 20.79 02a57609o0120c  1.840000        0
57746.613969 19.334813      NaN    0    19 c    0   1.54 210.91688 54.3204  9621.93  2361.20 4.06 3.82  81.8 -0.423    19.61 21.65 02a57746o0819c  0.526316        0
57746.625461 19.155932      NaN   15    18 c    0   1.98 210.91688 54.3204  9632.30  2400.83 4.08 3.83  80.8 -0.421    19.61 21.63 02a57746o0841c  1.388889        0
57746.627011 19.038793      NaN   24    18 c    0   1.41 210.91688 54.3204   426.50  2292.75 4.23 4.16 -88.0 -0.369    19.54 21.57 02a57746o0844c  1.888889   524288
57746.636855 18.978793      NaN   29    18 c    0   1.83 210.91688 54.3204  9576.79  2327.94 4.24 4.02  81.0 -0.404    19.60 21.66 02a57746o0863c  2.166667   524288
57746.638445 19.384550      NaN    0    18 c    0   1.38 210.91688 54.3204   439.12  2332.95 4.28 4.21  86.4 -0.365    19.56 21.60 02a57746o0866c  0.555556   524288
57746.648259 19.115465      NaN   18    18 c    0   1.65 210.91688 54.3204  9562.77  2446.11 4.17 3.92  78.8 -0.408    19.60 21.66 02a57746o0885c  1.555556   524288
57746.650355 19.302877      NaN   11    16 c    0   1.68 210.91688 54.3204   380.36  2250.58 4.15 4.02  86.0 -0.380    19.60 21.59 02a57746o0889c  1.312500   524288
57746.659628 19.287255      NaN    0    20 c    0   1.36 210.91688 54.3204  9598.92  2387.84 4.06 3.80  79.6 -0.417    19.52 21.38 02a57746o0907c  0.500000        0
57746.661195 19.454622      NaN  -20    20 c    0   1.18 210.91688 54.3204   369.37  2387.11 4.09 3.96  84.5 -0.381    19.40 21.16 02a57746o0910c -0.500000   524288
57746.669931 18.649074      NaN  -47    42 c    0   1.05 210.91688 54.3204   402.66  2311.50 4.32 4.15  80.2 -0.359    18.45 19.40 02a57746o0927c -0.880952        0
57778.570698 18.910912      NaN   38    17 c    0   1.85 210.91688 54.3204  9112.82 10185.25 4.12 3.71 -88.2 -0.431    19.77 21.82 02a57778o0568c  2.823529   524288
57778.576629 18.836735      NaN   30    22 c    0   1.51 210.91688 54.3204  7888.54   384.16 4.00 3.78  15.2 -0.454    19.75 21.80 02a57778o0578c  1.818182   524288
57778.584061 19.510313      NaN   -7    18 c    0   1.78 210.91688 54.3204  9126.18 10226.72 4.09 3.68 -88.2 -0.432    19.77 21.81 02a57778o0592c  0.166667        0
57778.589437 18.867907      NaN   39    18 c    0   1.93 210.91688 54.3204  7900.81   425.06 3.94 3.77  18.1 -0.452    19.77 21.82 02a57778o0602c  2.722222   524288
57778.596885 19.436675 0.320381   51    18 c    0   1.53 210.91688 54.3204  9068.83 10152.70 4.09 3.73  89.4 -0.433    19.78 21.83 02a57778o0616c  3.388889        0
57778.602290 18.978793      NaN   23    20 c    0   1.91 210.91688 54.3204  7858.30   349.70 3.95 3.73  15.1 -0.453    19.79 21.85 02a57778o0626c  1.650000   524288
57778.609876 19.287255 0.310210   60    20 c    0   1.35 210.91688 54.3204  9046.71 10273.87 4.04 3.68 -88.5 -0.432    19.80 21.86 02a57778o0640c  3.500000   524288
57778.615190 19.510313      NaN  -27    19 c    0   1.49 210.91688 54.3204  7837.72   473.40 3.85 3.67  17.6 -0.453    19.81 21.88 02a57778o0650c -0.894737        0
57778.622705 19.002397      NaN   21    20 c    0   1.28 210.91688 54.3204  9092.19 10214.36 3.99 3.63 -89.0 -0.436    19.82 21.89 02a57778o0664c  1.550000        0
57778.628048 18.933071      NaN   21    22 c    0   2.10 210.91688 54.3204  7871.84   414.30 3.99 3.81  15.3 -0.447    19.77 21.86 02a57778o0674c  1.409091   524288
57782.565439 19.696897      NaN  -16    16 c    0   1.64 210.91688 54.3204  8324.32  1384.05 3.86 3.76  84.1 -0.417    19.82 21.96 02a57782o0717c -0.375000        0
57782.579866 19.696897      NaN   -4    14 c    0   2.53 210.91688 54.3204  8346.27  1423.98 3.89 3.75 -88.5 -0.409    19.84 21.99 02a57782o0743c  0.428571        0
57782.593858 19.155932      NaN   18    17 c    0   1.32 210.91688 54.3204  8289.97  1350.93 3.81 3.67  86.7 -0.414    19.88 22.03 02a57782o0769c  1.647059        0
57782.607900 19.631075      NaN  -28    17 c    0   1.69 210.91688 54.3204  8267.01  1474.53 3.93 3.77  83.5 -0.405    19.81 21.96 02a57782o0795c -1.058824  4194560
57782.621826 19.529530      NaN   -5    17 c    0   1.47 210.91688 54.3204  8315.53  1416.40 3.86 3.71  85.6 -0.415    19.84 21.99 02a57782o0821c  0.294118        0
57786.563706 19.436675      NaN   -3    18 c    0   1.44 210.91688 54.3204  9339.94  9904.93 3.91 3.50 -86.1 -0.426    19.80 21.89 02a57786o0507c  0.388889   524288
57786.566299 19.197966      NaN    6    20 c    0   1.72 210.91688 54.3204  8097.43   105.04 3.90 3.68  12.7 -0.447    19.82 21.92 02a57786o0512c  0.800000        0
57786.576403 19.696897      NaN  -19    16 c    0   2.41 210.91688 54.3204  9351.11  9945.22 3.98 3.59 -88.6 -0.418    19.82 21.94 02a57786o0531c -0.562500   524288
57786.579012 19.401649      NaN  -24    21 c    0   2.04 210.91688 54.3204  8109.70   145.60 3.88 3.68  17.1 -0.448    19.85 21.96 02a57786o0536c -0.666667        0
57786.589214 19.472870      NaN    1    16 c    0   1.65 210.91688 54.3204  9292.95  9869.79 3.94 3.57 -90.0 -0.429    19.83 21.94 02a57786o0555c  0.687500   524288
57786.591848 18.990530      NaN   16    22 c    0   2.16 210.91688 54.3204  8053.99    69.90 3.91 3.71  15.4 -0.449    19.68 21.79 02a57786o0560c  1.181818   524288
57786.602149 19.256669      NaN  -36    24 c    0   1.53 210.91688 54.3204  9270.22  9991.49 3.98 3.64  85.5 -0.433    19.48 21.55 02a57786o0579c -1.083333        0
57786.604786 19.351140      NaN  -35    22 c    0   1.91 210.91688 54.3204  8042.65   191.07 3.88 3.76  18.7 -0.442    19.84 21.98 02a57786o0584c -1.136364   524288
57786.615038 19.569016      NaN  -28    18 c    0   1.62 210.91688 54.3204  9315.17  9932.77 3.95 3.59  86.1 -0.426    19.78 21.88 02a57786o0603c -1.000000   524288
57786.617646 19.318728      NaN   -5    21 c    0   1.53 210.91688 54.3204  8077.03   134.50 3.90 3.74  24.5 -0.449    19.84 21.99 02a57786o0608c  0.238095        0
57806.543426 18.889197      NaN   31    20 c    0   1.44 210.91688 54.3204  9199.92  1287.37 3.85 3.71  59.7 -0.446    19.76 21.82 02a57806o0606c  2.050000        0
57806.546470 19.142275      NaN   13    19 c    0   1.75 210.91688 54.3204  9226.19  1324.52 3.98 3.84  54.9 -0.429    19.74 21.83 02a57806o0612c  1.210526   524288
57806.563479 19.631075      NaN  -36    17 c    0   1.95 210.91688 54.3204  9168.74  1251.80 4.05 3.88  52.1 -0.427    19.76 21.89 02a57806o0643c -1.529412        0
57806.577726 19.351140      NaN   -1    19 c    0   1.91 210.91688 54.3204  9148.37  1370.97 3.91 3.72  64.9 -0.441    19.76 21.84 02a57806o0669c  0.473684   524288
57806.591596 19.384550      NaN    0    18 c    0   1.95 210.91688 54.3204  9198.44  1310.25 3.91 3.71  60.6 -0.439    19.72 21.75 02a57806o0695c  0.555556        0
57834.492888 19.549093      NaN   -9    18 c    0   2.16 210.91688 54.3204  8100.55  3355.97 3.99 3.71  87.7 -0.381    19.07 21.15 02a57834o0443c  0.055556        0
57834.503330 19.384550      NaN   -6    20 c    0   1.58 210.91688 54.3204  2382.00  7055.30 3.82 3.69  44.4 -0.427    19.11 21.19 02a57834o0463c  0.200000        0
57834.527024 19.169763      NaN    5    21 c    0   1.53 210.91688 54.3204  2429.31  7131.29 3.82 3.67  46.0 -0.424    19.04 21.02 02a57834o0506c  0.714286   524288
57834.542612 19.351140      NaN  -27    22 c    0   2.02 210.91688 54.3204  2448.50  7016.14 4.01 3.88  51.6 -0.408    18.92 20.83 02a57834o0535c -0.772727        0
57834.554663 19.197966      NaN   -3    23 c    0   1.24 210.91688 54.3204  2403.41  7077.54 4.05 3.88  49.4 -0.393    18.86 20.73 02a57834o0557c  0.304348        0
57838.492206 19.334813      NaN   -3    20 c    0   1.90 210.91688 54.3204   123.02   605.64 4.44 4.38 -73.7 -0.377    19.01 21.19 02a57838o0454c  0.350000   524288
57838.492735 19.302877      NaN  -29    23 c    0   1.69 210.91688 54.3204  1484.79 10414.58 4.33 4.18  26.0 -0.383    19.04 21.20 02a57838o0455c -0.826087   524288
57838.494486 19.401649      NaN  -13    21 c    0   2.88 210.91688 54.3204  9026.39    74.25 4.03 3.88  39.2 -0.448    19.06 21.21 02a57838o0458c -0.142857   524288
57838.495005 19.302877 0.346177   59    22 c    0   2.30 210.91688 54.3204 10390.03  9886.52 4.46 4.08  80.9 -0.413    19.01 21.18 02a57838o0459c  3.136364  4194560
57838.505700 18.955691      NaN   25    20 c    0   2.35 210.91688 54.3204 10318.56  9811.34 4.42 4.09  82.0 -0.403    19.02 21.17 02a57838o0479c  1.750000   524288
57838.524714 18.757738      NaN   41    21 c    0   1.55 210.91688 54.3204   181.57   522.44 4.25 4.18 -14.6 -0.373    19.03 21.14 02a57838o0515c  2.428571   524288
57838.528687 19.401649      NaN  -24    21 c    0   2.37 210.91688 54.3204  1533.72 10329.56 4.13 3.95  18.5 -0.401    19.04 21.15 02a57838o0522c -0.666667  4194560
57838.541835 19.510313      NaN  -22    19 c    0   1.98 210.91688 54.3204  1505.92 10392.10 4.23 3.75   9.2 -0.384    19.03 21.12 02a57838o0547c -0.631579   524288
57838.542881 18.910912      NaN   29    20 c    0   1.64 210.91688 54.3204   148.11   577.99 4.09 3.98 -88.0 -0.398    19.06 21.09 02a57838o0549c  1.950000        0
57842.515338 19.401649      NaN  -11    21 c    0   1.90 210.91688 54.3204  3828.94  6742.32 4.04 3.91  55.0 -0.397    18.98 21.04 02a57842o0427c -0.047619   524288
57842.526432 19.142275      NaN    1    23 c    0   1.48 210.91688 54.3204  3872.09  6817.98 4.26 4.09  67.0 -0.387    18.93 21.04 02a57842o0448c  0.478261        0
57842.544005 19.197966      NaN    3    21 c    0   1.65 210.91688 54.3204  3893.16  6697.75 4.12 3.96  75.5 -0.378    18.94 20.97 02a57842o0481c  0.619048        0
57862.478560 18.955691      NaN   22    21 c    0   1.32 210.91688 54.3204  3521.30  6974.11 3.82 3.70  86.0 -0.396    18.84 20.47 02a57862o0525c  1.523810        0
57862.500554 18.889197      NaN   25    22 c    0   1.15 210.91688 54.3204  3498.39  6934.15 3.78 3.66  86.6 -0.403    18.76 20.25 02a57862o0570c  1.590909        0
57862.510937 18.857417      NaN   28    22 c    0   1.20 210.91688 54.3204  3555.24  7009.84 3.72 3.61  84.8 -0.412    18.74 20.17 02a57862o0591c  1.727273   524288
57862.522570 19.128787      NaN   -4    25 c    0   0.98 210.91688 54.3204  3579.20  6891.38 3.74 3.65  71.8 -0.402    18.68 20.07 02a57862o0615c  0.240000        0
57862.530436 19.454622      NaN  -11    20 c    0   1.46 210.91688 54.3204  3546.11  6950.30 3.69 3.59  76.1 -0.414    18.67 20.02 02a57862o0631c -0.050000   524288
57870.492158 20.137125      NaN   -8    10 c    0   1.60 210.91688 54.3204  1893.70  8618.32 2.43 2.28   7.4 -0.466    19.53 20.68 02a57870o0440c  0.200000        0
57870.509600 19.841877      NaN  -15    14 c    0   0.70 210.91688 54.3204  1870.52  8580.37 2.45 2.28   5.6 -0.462    19.48 20.63 02a57870o0473c -0.357143        0
57870.517991 19.868040      NaN   -5    12 c    0   1.33 210.91688 54.3204  1925.78  8652.35 2.46 2.31   6.9 -0.469    19.46 20.60 02a57870o0489c  0.416667        0
57870.530201 20.137125      NaN   -8    10 c    0   1.39 210.91688 54.3204  1951.46  8534.83 2.48 2.35   1.2 -0.461    19.42 20.58 02a57870o0512c  0.200000        0
57870.541671 19.436675      NaN   12    13 c    0   0.91 210.91688 54.3204  1918.70  8592.52 2.47 2.35   0.5 -0.467    19.42 20.55 02a57870o0534c  1.692308        0
57894.386745 19.367717      NaN   13    14 c    0   1.23 210.91688 54.3204  1316.75  9793.03 2.54 2.33 -11.7 -0.462    19.65 21.54 02a57894o0292c  1.642857        0
57894.416893 19.841877      NaN   -4    12 c    0   1.03 210.91688 54.3204  1293.68  9752.28 2.60 2.36 -14.0 -0.467    19.81 21.74 02a57894o0349c  0.500000   524288
57894.419529 20.103715      NaN  -11    11 c    0   1.07 210.91688 54.3204  1351.13  9824.55 2.58 2.37  -6.5 -0.466    19.78 21.70 02a57894o0354c -0.090909        0
57894.441778 20.207197      NaN  -40    10 c    0   1.52 210.91688 54.3204  1365.61  9704.67 2.54 2.29  -7.6 -0.472    19.68 21.53 02a57894o0396c -3.000000  4194560
57894.453543 20.009244      NaN  -33    12 c    0   1.36 210.91688 54.3204  1330.55  9763.84 2.53 2.30  -4.4 -0.473    19.49 21.27 02a57894o0418c -1.916667   524288
57898.389114 19.979496      NaN   -6    11 c    0   1.47 210.91688 54.3204  1851.90  8743.18 2.66 2.37  -5.4 -0.481    19.73 21.69 02a57898o0138c  0.363636        0
57898.398663 20.009244      NaN  -15    12 c    0   1.22 210.91688 54.3204  1828.26  8703.19 2.48 2.29  -1.1 -0.503    19.78 21.72 02a57898o0156c -0.416667        0
57898.417223 19.609992      NaN    9    11 c    0   1.37 210.91688 54.3204  1883.76  8777.02 2.59 2.34 -12.1 -0.486    19.75 21.68 02a57898o0191c  1.727273        0
57898.437402 19.841877      NaN  -10    14 c    0   0.88 210.91688 54.3204  1909.69  8656.28 2.46 2.25   1.8 -0.503    19.75 21.62 02a57898o0229c  0.000000        0
57898.446924 19.696897      NaN    2    12 c    0   1.29 210.91688 54.3204  1875.67  8713.76 2.67 2.48   1.4 -0.486    19.69 21.60 02a57898o0247c  1.000000        0
57902.386132 19.609992      NaN    9    11 c    0   1.10 210.91688 54.3204  4374.89  7553.40 2.52 2.42  -3.5 -0.452    19.81 21.63 02a57902o0297c  1.727273        0
57902.397408 19.816329      NaN   -3    12 c    0   1.09 210.91688 54.3204  4364.37  7513.50 2.57 2.47  -9.0 -0.461    19.77 21.60 02a57902o0319c  0.583333        0
57902.399963 19.589310      NaN    4    13 c    0   0.82 210.91688 54.3204  4411.26  7591.47 2.59 2.45  -2.5 -0.450    19.78 21.58 02a57902o0324c  1.076923   524288
57902.422768 19.384550      NaN   18    12 c    0   1.20 210.91688 54.3204  4435.52  7472.40 2.56 2.44  -0.0 -0.464    19.79 21.63 02a57902o0368c  2.333333        0
57902.433611 19.841877      NaN  -17    14 c    0   0.76 210.91688 54.3204  4400.38  7529.20 2.61 2.52  -1.7 -0.455    19.67 21.49 02a57902o0389c -0.500000   524288
58020.235926 19.841877      NaN  -19    14 c    0   0.94 210.91688 54.3204  3540.62  3790.15 2.41 2.31 -78.2 -0.409    19.28 20.64 02a58020o0006c -0.642857 12583168
58194.569176 20.009244      NaN  -14    12 c    0   1.42 210.91688 54.3204  2261.23  8907.09 2.55 2.35  22.2 -0.453    19.73 21.58 02a58194o0731c -0.333333        0
58194.580281 20.137125      NaN   -8    10 c    0   1.63 210.91688 54.3204  2236.99  8868.74 2.56 2.31  25.0 -0.453    19.75 21.58 02a58194o0749c  0.200000        0
58194.590959 20.207197      NaN  -13    10 c    0   1.58 210.91688 54.3204  2286.83  8940.95 2.64 2.46  14.8 -0.445    19.72 21.58 02a58194o0768c -0.300000        0
58194.602403 20.009244      NaN  -21    12 c    0   0.89 210.91688 54.3204  2296.68  8821.98 2.42 2.21  17.3 -0.466    19.75 21.57 02a58194o0786c -0.916667        0
58196.529228 18.389700      NaN   12    46 c    0   0.94 210.91688 54.3204  4957.10  3723.55 2.58 2.44  19.4 -0.397    17.79 19.73 02a58196o0652c  0.478261   524288
58196.535461 20.103715      NaN  -11    11 c    0   1.91 210.91688 54.3204  4925.78  3687.56 2.45 2.31  46.0 -0.411    19.80 21.89 02a58196o0663c -0.090909        0
58196.543979 17.664614      NaN -148   104 c    0   1.23 210.91688 54.3204  4981.66  3762.76 2.44 2.34  37.7 -0.438    16.95 18.82 02a58196o0680c -1.326923        0
58251.578978 19.841877      NaN   -7    13 c    0   1.04 210.91688 54.3204  4125.60  3802.20 2.73 2.54 -52.9 -0.387    19.50 21.34 02a58251o0733c  0.230769  8388608
58251.587115 19.766969 0.289530   35    12 c    0   1.43 210.91688 54.3204  4124.87  3806.19 2.83 2.62 -51.2 -0.378    19.45 21.26 02a58251o0749c  3.750000  8912896
58251.594640 20.009244      NaN  -32    12 c    0   1.09 210.91688 54.3204  4113.32  3809.79 2.68 2.55 -50.3 -0.388    19.43 21.20 02a58251o0764c -1.833333  8912896
58251.602316 19.351140      NaN   11    15 c    0   1.23 210.91688 54.3204  4123.32  3812.52 3.00 2.79 -53.4 -0.380    19.28 21.09 02a58251o0779c  1.400000  8912896
58252.572007 19.652575      NaN    1    13 c    0   1.28 210.91688 54.3204  4125.07  3798.32 2.58 2.45 -49.8 -0.394    19.44 21.13 02a58252o0684c  0.846154        0
58252.582264 20.009244      NaN  -15    12 c    0   1.09 210.91688 54.3204  4124.09  3803.57 2.51 2.40 -48.5 -0.402    19.46 21.08 02a58252o0703c -0.416667   524288
58252.589663 19.155932      NaN   27    14 c    0   1.49 210.91688 54.3204  4112.34  3806.87 2.54 2.45 -46.7 -0.398    19.40 21.05 02a58252o0718c  2.642857        0
58252.598499 19.367717      NaN   13    14 c    0   1.09 210.91688 54.3204  4123.47  3809.91 2.49 2.39 -52.9 -0.397    19.37 20.99 02a58252o0735c  1.642857        0
58256.417856 16.675346      NaN  151   205 c    0   1.06 210.91688 54.3204  3194.98  5395.47 2.37 2.34 -15.2 -0.425    19.82 21.77 02a58256o0256c  0.785366        2
58256.432475 20.321591      NaN  -29     9 c    0   1.45 210.91688 54.3204  3172.97  5355.00 2.41 2.41  17.6 -0.425    19.76 21.79 02a58256o0287c -2.111111  4194560
58256.449876 19.589310      NaN   16     9 c    0   2.60 210.91688 54.3204  3229.04  5431.10 2.34 2.31  10.8 -0.431    19.80 21.75 02a58256o0324c  2.888889     8192
58256.458792 19.791368      NaN    1    11 c    0   1.16 210.91688 54.3204  3252.94  5311.96 2.38 2.30  39.4 -0.425    19.79 21.74 02a58256o0343c  1.000000   532480
58280.393689 20.207197      NaN  -26    10 c    0   1.03 210.91688 54.3204  5358.44  4915.71 2.45 2.41 -68.6 -0.419    19.75 21.71 02a58280o0323c -1.600000        0
58280.407270 20.009244      NaN  -24    12 c    0   0.86 210.91688 54.3204  5348.14  4879.60 2.52 2.51  53.3 -0.412    19.67 21.62 02a58280o0352c -1.166667        0
58280.414598 19.454622      NaN   14    12 c    0   1.66 210.91688 54.3204  5403.47  4953.38 2.44 2.41  53.5 -0.422    19.45 21.31 02a58280o0368c  2.000000        0
58280.424534 19.791368      NaN   -2    12 c    0   1.10 210.91688 54.3204  5414.62  4841.04 2.42 2.38  53.1 -0.418    19.72 21.59 02a58280o0389c  0.666667        0
58284.387122 19.766969      NaN   -1    12 c    0   1.37 210.91688 54.3204  2832.10  5666.81 2.36 2.29   0.6 -0.420    19.59 21.41 02a58284o0307c  0.750000        0
58284.391741 20.009244      NaN  -17    12 c    0   0.86 210.91688 54.3204  2806.55  5628.27 2.35 2.28   3.8 -0.422    19.62 21.46 02a58284o0317c -0.583333        0
58284.403480 20.009244      NaN  -11    12 c    0   1.07 210.91688 54.3204  2865.05  5705.78 2.40 2.34  20.3 -0.428    19.67 21.53 02a58284o0342c -0.083333        0
58284.411716 20.009244      NaN  -11    12 c    0   0.99 210.91688 54.3204  2886.37  5585.19 2.44 2.38  21.5 -0.431    19.70 21.54 02a58284o0360c -0.083333        0
58308.365311 19.696897      NaN    2    12 c    0   0.89 210.91688 54.3204  5570.05  3935.90 2.75 2.47 -51.1 -0.410    19.67 21.59 02a58308o0015c  1.000000  4194560
58308.374538 19.979496 0.352131   27    12 c    0   1.51 210.91688 54.3204  5591.47  3817.41 2.67 2.48 -51.9 -0.409    19.64 21.54 02a58308o0035c  3.083333     8192
58312.333401 19.589310      NaN   10    11 c    0   1.44 210.91688 54.3204  5121.10  3974.73 2.52 2.35 -53.6 -0.416    19.75 21.63 02a58312o0193c  1.818182        0
58312.339561 19.719755      NaN    1    12 c    0   1.29 210.91688 54.3204  5095.90  3934.38 2.69 2.42 -54.6 -0.407    19.71 21.63 02a58312o0206c  0.916667        0
58312.349040 19.841877      NaN   -4    12 c    0   1.56 210.91688 54.3204  5153.25  4011.05 2.58 2.48 -50.7 -0.410    19.67 21.61 02a58312o0226c  0.500000        0
58312.361108 19.719755      NaN    1    12 c    0   1.08 210.91688 54.3204  5175.47  3893.63 2.53 2.47 -49.8 -0.408    19.68 21.58 02a58312o0252c  0.916667        0
58316.328042 19.743105      NaN   -6    14 c    0   1.08 210.91688 54.3204  3260.70  3455.11 3.09 2.96 -61.8 -0.381    19.36 21.19 02a58316o0183c  0.285714   524288
58316.337992 19.609992      NaN    3    13 c    0   1.22 210.91688 54.3204  3249.70  3414.06 3.04 3.00  68.7 -0.365    19.34 21.27 02a58316o0204c  1.000000   524288
58316.346903 19.950541 0.342864   28    12 c    0   2.11 210.91688 54.3204  3305.24  3489.48 2.82 2.80  34.3 -0.379    19.44 21.34 02a58316o0223c  3.166667        0
58316.359453 19.384550 0.237505   54    14 c    0   2.55 210.91688 54.3204  3327.27  3372.06 3.39 3.33 -52.5 -0.358    19.31 21.41 02a58316o0250c  4.571429   524288
58344.281357 20.009244      NaN  -19    12 c    0   1.37 210.91688 54.3204  3980.05  2699.44 2.61 2.40 -55.0 -0.387    19.46 21.13 02a58344o0108c -0.750000        0
58344.290487 19.436675      NaN    3    16 c    0   0.77 210.91688 54.3204  3968.93  2660.17 2.74 2.55 -63.0 -0.394    19.41 21.10 02a58344o0127c  0.812500   524288
58344.299671 19.652575 0.347436   40    16 c    0   0.98 210.91688 54.3204  4025.25  2736.11 2.67 2.48 -55.5 -0.385    19.08 20.79 02a58344o0146c  3.125000        0
58344.308612 19.674510      NaN   -9    16 c    0   0.88 210.91688 54.3204  4046.92  2613.89 2.62 2.50 -51.9 -0.392    19.43 21.14 02a58344o0165c  0.062500        0
58376.224249 18.967180      NaN    6    26 c    0   1.04 210.91688 54.3204  5662.94  2188.70 2.62 2.39 -58.5 -0.397    18.75 19.69 02a58376o0028c  0.615385   524288
58376.230043 19.569016      NaN  -20    18 c    0   1.59 210.91688 54.3204  5651.27  2148.85 2.56 2.41 -63.9 -0.391    18.99 20.12 02a58376o0040c -0.555556        0
58376.238331 19.841877      NaN  -37    14 c    0   1.65 210.91688 54.3204  5706.16  2251.25 2.68 2.50 -61.0 -0.388    19.11 20.35 02a58376o0057c -1.928571  4195840
58376.247461 19.002397      NaN   24    19 c    0   2.08 210.91688 54.3204  5729.48  2124.77 2.89 2.78 -67.6 -0.379    19.00 20.36 02a58376o0076c  1.789474        0
58520.663770 19.922338      NaN   -7    11 c    0   1.58 210.91688 54.3204  4397.18  7855.50 2.59 2.36  19.1 -0.464    19.68 21.60 02a58520o0274c  0.545455     8192
58520.673685 18.786693      NaN   -4    34 c    0   0.97 210.91688 54.3204  4371.59  7815.69 2.64 2.45  19.7 -0.473    18.45 19.41 02a58520o0295c  0.264706     8192
58576.556729 19.271854      NaN   19    13 c    0   1.23 210.91688 54.3204  7702.71   119.47 2.48 2.10 -60.0 -0.405    19.78 21.80 02a58576o0718c  2.461538   524288
58576.558102 20.321591      NaN  -17     9 c    0   2.01 210.91688 54.3204  7969.73  9856.57 2.67 2.50 -64.4 -0.402    19.80 21.82 02a58576o0721c -0.444444        0
58576.570795 19.922338      NaN  -10    12 c    0   1.10 210.91688 54.3204  7945.37  9815.49 2.75 2.52 -54.3 -0.415    19.76 21.80 02a58576o0748c  0.250000        0
58576.571708 19.302877      NaN   14    14 c    0   1.45 210.91688 54.3204  7679.43    77.79 2.54 2.17 -54.6 -0.394    19.74 21.77 02a58576o0750c  1.928571        0
58576.577207 19.841877      NaN  -17    14 c    0   1.08 210.91688 54.3204  7744.91   157.61 2.56 2.18 -55.4 -0.421    19.76 21.75 02a58576o0762c -0.285714        0
58576.578589 19.529530      NaN   13    10 c    0   2.10 210.91688 54.3204  8000.47  9896.24 2.83 2.48 -54.1 -0.409    19.73 21.78 02a58576o0765c  2.600000        0
58576.591620 19.791368 0.320786   31    13 c    0   1.97 210.91688 54.3204  8021.04  9779.02 2.90 2.51 -53.5 -0.401    19.67 21.74 02a58576o0792c  3.384615        0
58580.533459 19.922338      NaN  -17    13 c    0   1.70 210.91688 54.3204  7581.87  7893.30 2.64 2.49  45.0 -0.407    19.60 21.43 02a58580o0667c -0.307692   524288
58580.553444 19.922338      NaN  -14    13 c    0   0.99 210.91688 54.3204  7614.80  7931.50 2.56 2.54  82.2 -0.405    19.66 21.40 02a58580o0709c -0.076923        0
58580.565220 19.652575      NaN   -5    14 c    0   1.73 210.91688 54.3204  7635.89  7813.71 2.60 2.53  67.8 -0.409    19.59 21.37 02a58580o0734c  0.571429        0
58604.470220 20.009244      NaN  -13    12 c    0   1.52 210.91688 54.3204  7308.09  4012.90 2.38 2.30  44.5 -0.399    19.60 21.61 02a58604o0438c  0.000000        0
58604.485174 20.103715      NaN  -17    11 c    0   1.83 210.91688 54.3204  7284.97  3973.62 2.37 2.30 -64.9 -0.409    19.59 21.62 02a58604o0470c -0.363636        0
58604.494705 19.589310      NaN   10    10 c    0   2.01 210.91688 54.3204  7338.68  4048.64 2.41 2.38  48.6 -0.404    19.60 21.58 02a58604o0490c  2.300000        0
58604.501777 19.950541      NaN  -11    12 c    0   2.38 210.91688 54.3204  7361.15  3935.02 2.48 2.38 -61.6 -0.399    19.53 21.55 02a58604o0505c  0.166667        0
58612.399959 19.241693      NaN   21    13 c    0   0.84 210.91688 54.3204  9077.33  6908.63 2.56 2.46  58.6 -0.421    19.76 21.60 02a58612o0365c  2.615385        0
58612.401822 19.419021      NaN   13    12 c    0   0.95 210.91688 54.3204  9057.64  6868.90 2.56 2.46  57.5 -0.404    19.79 21.60 02a58612o0369c  2.166667        0
58612.407474 19.318728      NaN   19    12 c    0   1.08 210.91688 54.3204  9113.82  6948.61 2.57 2.49  79.4 -0.419    19.76 21.61 02a58612o0381c  2.666667        0
58612.432540 19.351140      NaN   17    12 c    0   3.24 210.91688 54.3204  9123.43  6831.10 2.59 2.47  47.9 -0.462    19.78 21.63 02a58612o0433c  2.500000        1
58636.335628 19.652575      NaN    1    12 c    0   2.16 210.91688 54.3204  1831.98  7463.94 2.48 2.37 -15.5 -0.428    19.71 21.76 02a58636o0227c  1.166667        0
58636.341238 20.103715      NaN  -16    11 c    0   1.14 210.91688 54.3204  8747.29  3068.03 2.37 2.27 -64.1 -0.421    19.80 21.76 02a58636o0239c -0.272727        0
58636.347261 19.743105      NaN    3    10 c    0   1.37 210.91688 54.3204  8811.41  3157.44 2.44 2.25 -62.3 -0.410    19.80 21.77 02a58636o0252c  1.600000        0
58636.365477 19.549093      NaN   12    10 c    0   1.73 210.91688 54.3204  8825.81  3037.93 2.46 2.25 -63.6 -0.412    19.75 21.70 02a58636o0291c  2.500000        0
58664.300439 20.009244      NaN  -35    12 c    0   1.28 210.91688 54.3204  2489.62  1227.02 2.38 2.29 -65.4 -0.432    19.78 21.60 02a58664o0137c -1.833333   524288
58664.303183 19.922338      NaN   -7    11 c    0   1.37 210.91688 54.3204  2468.61  1188.12 2.42 2.27 -59.8 -0.420    19.81 21.61 02a58664o0143c  0.545455        0
58664.308728 20.103715      NaN  -18    11 c    0   1.58 210.91688 54.3204  2526.26  1261.83 2.35 2.28 -78.2 -0.405    19.80 21.64 02a58664o0155c -0.454545        0
58664.318819 20.009244      NaN  -15    12 c    0   1.43 210.91688 54.3204  2546.83  1143.84 2.35 2.24 -75.3 -0.431    19.82 21.68 02a58664o0177c -0.166667        0
58668.360430 19.743105      NaN   -3    12 c    0   1.43 210.91688 54.3204  6967.02  4796.53 2.58 2.30  40.6 -0.393    19.70 21.53 02a58668o0259c  0.833333        0
58668.363476 19.719755 0.323411   34    14 c    0   2.07 210.91688 54.3204  6947.41  4756.31 2.61 2.25  40.6 -0.578    19.74 21.50 02a58668o0265c  3.357143        0
58668.370013 19.549093      NaN    6    12 c    0   1.32 210.91688 54.3204  7002.79  4832.59 2.68 2.25  39.4 -0.389    19.70 21.46 02a58668o0279c  1.583333        0
58668.381748 19.719755      NaN   -2    12 c    0   1.05 210.91688 54.3204  7022.02  4714.38 2.56 2.27  38.0 -0.388    19.72 21.46 02a58668o0304c  0.916667        0
58692.299708 19.743105      NaN    3    10 c    0   1.57 210.91688 54.3204  8872.17  5240.75 2.65 2.49  41.5 -0.392    19.68 21.66 02a58692o0140c  1.600000        0
58692.302589 19.529530      NaN   13    10 c    0   1.50 210.91688 54.3204  8851.96  5200.69 2.65 2.45  38.1 -0.389    19.70 21.66 02a58692o0146c  2.600000        0
58692.308687 19.454622 0.180956   47    10 c    0   4.01 210.91688 54.3204  8907.57  5280.23 2.53 2.46  53.3 -0.394    19.67 21.63 02a58692o0157c  6.000000        1
58692.318540 19.696897      NaN   -1    12 c    0   1.53 210.91688 54.3204  8926.10  5163.80 2.56 2.44  41.4 -0.392    19.70 21.60 02a58692o0178c  1.000000        0
58696.259275 19.589310      NaN    7    11 c    0   2.38 210.91688 54.3204  8878.63  5243.90 2.77 2.47 -64.3 -0.398    19.61 21.39 02a58696o0060c  1.818182        0
58696.263160 20.071303 0.319334   21    10 c    0   4.67 210.91688 54.3204  8857.77  5203.48 2.89 2.48 -64.6 -0.397    19.64 21.51 02a58696o0068c  3.400000        1
58696.268990 19.652575      NaN    4    11 c    0   1.84 210.91688 54.3204  8914.58  5283.52 2.87 2.52 -64.1 -0.401    19.66 21.57 02a58696o0080c  1.545455        0
58696.279054 19.766969      NaN   -7    13 c    0   2.67 210.91688 54.3204  8930.52  5173.89 2.99 2.56 -63.8 -0.397    19.61 21.57 02a58696o0101c  0.461538        0
58700.300639 19.436675      NaN   12    12 c    0   2.32 210.91688 54.3204  3337.13  7115.98 2.45 2.42   5.0 -0.386    19.55 21.20 02a58700o0151c  2.083333        0
58700.303953 19.287255      NaN   15    14 c    0   0.88 210.91688 54.3204  3318.43  7075.96 2.38 2.34  -2.4 -0.391    19.59 21.19 02a58700o0158c  2.000000        0
58700.310446 19.868040      NaN   -8    12 c    0   1.40 210.91688 54.3204  3374.48  7153.96 2.47 2.37  26.1 -0.380    19.54 21.19 02a58700o0172c  0.416667        0
58700.320640 19.419021      NaN   13    12 c    0   2.13 210.91688 54.3204  3394.20  7035.02 2.44 2.40  -1.6 -0.390    19.55 21.17 02a58700o0194c  2.166667        0
58708.299948 18.786693      NaN  -17    37 c    0   1.09 210.91688 54.3204  4759.80  3225.76 2.88 2.31  41.6 -0.386    18.22 19.07 02a58708o0161c -0.108108   524288
58708.302750 18.147425      NaN   13    58 c    0   0.73 210.91688 54.3204  4738.75  3187.13 2.82 2.29  42.4 -0.399    18.06 18.90 02a58708o0167c  0.448276        0
58708.309789 18.261819      NaN   38    43 c    0   1.20 210.91688 54.3204  4798.61  3266.12 2.95 2.35  42.1 -0.375    17.75 18.71 02a58708o0182c  1.186047        0
58708.319771 18.147425      NaN   55    44 c    0   0.77 210.91688 54.3204  4819.99  3147.56 2.72 2.33  39.4 -0.400    18.16 18.98 02a58708o0203c  1.545455        0
58724.254212 19.894850      NaN   -9    12 c    0   1.87 210.91688 54.3204  5031.32  4868.28 2.75 2.32  34.2 -0.404    19.58 21.32 02a58724o0081c  0.333333        0
58724.257423 19.766969      NaN   -4    12 c    0   1.96 210.91688 54.3204  5012.83  4830.03 2.64 2.29  38.4 -0.401    19.54 21.31 02a58724o0088c  0.750000        0
58724.263511 19.367717      NaN   13    13 c    0   1.61 210.91688 54.3204  5067.95  4905.88 2.76 2.32  36.7 -0.393    19.50 21.30 02a58724o0101c  2.000000        0
58724.275107 19.766969      NaN  -21    15 c    0   1.24 210.91688 54.3204  5088.78  4792.21 2.72 2.32  36.3 -0.394    19.49 21.25 02a58724o0126c -0.533333        0
58872.552407 19.950541      NaN   -5    10 c    0   1.89 210.91688 54.3204  3602.36  5777.59 2.53 2.32  43.9 -0.392    19.85 22.00 02a58872o0760c  0.800000     8192
58872.555279 19.652575      NaN    1    12 c    0   1.32 210.91688 54.3204  3624.42  5815.41 2.36 2.33 -56.7 -0.411    19.81 21.99 02a58872o0766c  1.166667     8192
58872.561131 20.103715      NaN  -27    11 c    0   1.54 210.91688 54.3204  3566.92  5736.24 2.35 2.31 -49.4 -0.410    19.84 21.99 02a58872o0778c -1.272727  4194560
58872.571799 20.137125 0.339293   19    10 c    0   3.82 210.91688 54.3204  3536.37  5856.74 2.52 2.31  40.8 -0.394    19.84 22.02 02a58872o0799c  3.200000        1
58876.651589 20.103715      NaN  -16    11 c    0   1.98 210.91688 54.3204  1963.47  9624.05 2.41 2.33 -37.8 -0.427    19.70 21.82 02a58876o0927c -0.272727   524288
58876.655266 19.491430      NaN   -9    18 c    0   1.56 210.91688 54.3204  1982.63  9662.89 2.50 2.37 -43.2 -0.418    19.31 21.31 02a58876o0935c  0.222222        0
58876.662978 19.696897      NaN  -53    16 c    0   1.63 210.91688 54.3204  1924.99  9583.87 2.45 2.31 -39.5 -0.420    19.30 21.14 02a58876o0951c -2.500000   524288
58876.669196 18.847027      NaN    8    28 c    0   1.70 210.91688 54.3204  1903.95  9700.35 2.46 2.31 -35.1 -0.428    18.50 19.82 02a58876o0963c  0.750000   524288
58884.593779 20.207197      NaN    2    10 c    0   2.44 210.91688 54.3204  5090.55  1929.14 2.49 2.27  50.5 -0.395    19.82 21.99 02a58884o0827c -0.100000        0
58884.596741 20.171596 0.350237   34    10 c    0   2.33 210.91688 54.3204  5115.29  1964.59 2.44 2.20 -61.4 -0.403    19.85 21.98 02a58884o0833c  3.100000   528384
58884.605408 19.816329      NaN   19     9 c    0   3.42 210.91688 54.3204  5060.12  1888.20 2.47 2.26 -62.7 -0.402    19.81 21.98 02a58884o0851c  1.777778        1
58884.615927 20.207197      NaN    2    10 c    0   1.67 210.91688 54.3204  5038.51  2007.00 2.42 2.26  52.7 -0.400    19.81 21.99 02a58884o0873c -0.100000        0
58900.591861 19.766969      NaN    9    13 c    0   2.12 210.91688 54.3204  7251.60  3467.71 2.54 2.48  71.7 -0.387    19.55 21.59 02a58900o0772c  0.461538        0
58900.593725 19.419021      NaN   23    14 c    0   3.16 210.91688 54.3204  7273.60  3499.50 2.56 2.43 -67.7 -0.390    19.32 21.32 02a58900o0776c  1.428571        1
58900.597390 19.652575      NaN    5    16 c    0   1.66 210.91688 54.3204  7215.62  3427.91 2.87 2.78 -67.4 -0.394    19.29 21.41 02a58900o0783c  0.125000        0
58900.608099 19.979496      NaN    4    12 c    0   1.64 210.91688 54.3204  3389.18  7036.61 2.76 2.65 -56.3 -0.386    19.52 21.66 02a58900o0803c  0.083333        0
58932.513609 19.868040 0.317776   44    12 c    0   1.48 210.91688 54.3204  3618.37  8770.91 2.67 2.33 -51.9 -0.412    19.73 21.71 02a58932o0633c  3.416667   528384
58932.516828 19.922338      NaN    3    13 c    0   1.55 210.91688 54.3204  3599.54  8731.51 2.70 2.37 -52.4 -0.412    19.70 21.70 02a58932o0640c  0.000000        0
58932.522331 20.009244      NaN   -4    12 c    0   1.34 210.91688 54.3204  3654.31  8807.24 2.66 2.29 -51.7 -0.416    19.71 21.69 02a58932o0652c -0.583333        0
58932.532128 19.696897      NaN    6    15 c    0   0.95 210.91688 54.3204  3672.87  8690.03 2.65 2.33 -52.4 -0.413    19.72 21.67 02a58932o0673c  0.200000        0
58956.480280 19.766969      NaN   18    10 c    0   2.09 210.91688 54.3204   389.31  1422.79 2.72 2.33 -57.7 -0.410    19.70 21.69 02a58956o0530c  1.500000        0
58956.483493 20.207197      NaN    1    10 c    0   1.50 210.91688 54.3204   368.76  1383.93 2.74 2.36 -59.2 -0.412    19.68 21.70 02a58956o0537c -0.200000        0
58956.489223 19.609992      NaN   19    12 c    0   1.37 210.91688 54.3204   428.56  1453.54 2.73 2.35 -57.8 -0.413    19.70 21.68 02a58956o0549c  1.333333        0
58956.499532 20.009244      NaN    2    12 c    0   1.17 210.91688 54.3204   448.51  1332.33 2.77 2.39 -59.4 -0.415    19.66 21.63 02a58956o0570c -0.083333        0
58960.425104 20.009244      NaN  -19    12 c    0   3.37 210.91688 54.3204 10198.46  9154.73 2.96 2.81  45.3 -0.373    19.66 21.55 02a58960o0416c -1.833333        1
58960.428590 20.103715      NaN  -14    11 c    0   1.50 210.91688 54.3204   360.71  1387.62 2.56 2.33 -59.0 -0.412    19.70 21.56 02a58960o0423c -1.545455        0
58960.434799 20.009244      NaN  -23    12 c    0   1.30 210.91688 54.3204   421.35  1458.19 2.48 2.33 -57.4 -0.416    19.72 21.56 02a58960o0436c -2.166667        0
58960.471580 20.103715      NaN  -15    11 c    0   1.32 210.91688 54.3204   446.83  1334.73 2.37 2.29  75.7 -0.421    19.72 21.63 02a58960o0459c -1.636364        0
58964.430982 19.128787      NaN  -16    27 c    0   0.93 210.91688 54.3204  7122.81  6929.32 2.52 2.47 -81.9 -0.404    18.74 20.40 02a58964o0427c -0.703704        0
58964.434180 18.675237      NaN   12    38 c    0   1.53 210.91688 54.3204  7104.11  6889.75 2.54 2.51  85.6 -0.397    18.18 19.79 02a58964o0434c  0.236842        0
58964.440185 19.142275      NaN   17    22 c    0   0.96 210.91688 54.3204  7160.31  6969.21 2.64 2.59 -70.2 -0.392    19.01 20.86 02a58964o0447c  0.636364   524288
58964.475522 20.009244      NaN   -1    12 c    0   0.97 210.91688 54.3204  7175.95  6853.85 2.63 2.56  42.3 -0.395    19.59 21.44 02a58964o0523c -0.333333        0
58984.385056 20.009244      NaN   -1    12 c    0   1.11 210.91688 54.3204  1456.32  6806.49 2.37 2.24  10.8 -0.404    19.75 21.72 02a58984o0250c -0.333333        0
58984.388259 19.696897      NaN    6    15 c    0   0.86 210.91688 54.3204  1437.98  6765.75 2.38 2.20 -51.1 -0.415    19.79 21.70 02a58984o0257c  0.200000        0
58984.393747 20.103715      NaN  -28    11 c    0   0.93 210.91688 54.3204  1495.75  6842.58 2.38 2.20 -48.3 -0.421    19.78 21.71 02a58984o0269c -2.818182        0
58984.404468 20.009244      NaN  -10    12 c    0   0.87 210.91688 54.3204  1521.08  6724.90 2.37 2.20 -46.0 -0.416    19.79 21.73 02a58984o0290c -1.083333        0
58988.407142 19.979496      NaN    4    12 c    0   0.97 210.91688 54.3204  6721.85  3141.23 2.59 2.29  35.4 -0.390    19.71 21.63 02a58988o0375c  0.083333        0
58988.410344 20.103715      NaN   -7    11 c    0   1.44 210.91688 54.3204  6704.59  3102.59 2.44 2.34  34.8 -0.395    19.73 21.61 02a58988o0382c -0.909091        0
58988.415874 20.207197      NaN    6     9 c    0   1.95 210.91688 54.3204  6762.25  3179.21 2.45 2.31  38.3 -0.393    19.70 21.59 02a58988o0394c  0.333333        0
58988.427368 19.950541      NaN    5    12 c    0   0.69 210.91688 54.3204  6786.80  3066.24 2.36 2.34  78.1 -0.396    19.72 21.59 02a58988o0419c  0.166667        0
58992.358373 20.009244      NaN    3    12 c    0   1.22 210.91688 54.3204  6728.24  3148.58 2.63 2.41  33.3 -0.390    19.73 21.75 02a58992o0269c  0.000000        0
58992.361575 19.922338      NaN  -13    13 c    0   0.91 210.91688 54.3204  6708.33  3108.71 2.55 2.36  32.6 -0.393    19.72 21.74 02a58992o0276c -1.230769        0
58992.367526 20.103715      NaN   -3    11 c    0   1.19 210.91688 54.3204  6766.77  3186.32 2.59 2.39  31.5 -0.387    19.74 21.75 02a58992o0289c -0.545455        0
58992.401785 19.719755      NaN   14    12 c    0   1.21 210.91688 54.3204  6783.47  3067.26 2.64 2.38  29.0 -0.385    19.70 21.75 02a58992o0362c  0.916667        0
59011.354173 20.009244      NaN  -12    12 c    0   1.26 210.91688 54.3204  9029.44  6903.98 3.00 2.95  56.8 -0.382    19.64 21.96 02a59011o0241c -1.250000        0
59011.357398 19.609992      NaN   13    14 c    0   1.07 210.91688 54.3204  9007.92  6858.36 2.93 2.86  55.7 -0.384    19.67 21.95 02a59011o0248c  0.714286   524288
59011.363858 19.841877      NaN   12    11 c    0   1.65 210.91688 54.3204  9064.55  6939.48 2.94 2.90  49.0 -0.384    19.68 21.95 02a59011o0262c  0.818182        0
59011.384568 19.436675      NaN   22    14 c    0   1.55 210.91688 54.3204  9076.37  6820.88 3.91 3.56  31.2 -0.330    19.44 21.95 02a59011o0306c  1.357143   524288
59015.333919 20.009244      NaN   -7    12 c    0   1.02 210.91688 54.3204  9028.59  6898.50 2.65 2.57  58.0 -0.399    19.78 21.91 02a59015o0200c -0.833333        0
59015.337583 20.009244      NaN    2    12 c    0   1.06 210.91688 54.3204  9009.80  6857.62 2.63 2.55  63.9 -0.398    19.79 21.90 02a59015o0208c -0.083333        0
59015.343104 20.103715      NaN    2    11 c    0   1.95 210.91688 54.3204  9063.54  6938.51 2.76 2.45  36.0 -0.390    19.78 21.90 02a59015o0220c -0.090909        0
59015.354141 19.743105      NaN   16    11 c    0   1.95 210.91688 54.3204  9082.63  6823.91 2.69 2.59  67.8 -0.396    19.76 21.87 02a59015o0244c  1.181818        0
59020.330908 20.009244      NaN    0    12 c    0   1.52 210.91688 54.3204  6557.88   999.32 2.45 2.32 -69.6 -0.404    19.50 21.38 02a59020o0132c -0.250000        0
59020.334109 19.922338      NaN   12    10 c    0   1.14 210.91688 54.3204  6537.31   959.10 2.44 2.30 -64.1 -0.401    19.75 21.74 02a59020o0139c  0.900000        0
59020.341236 20.071303      NaN    4    11 c    0   1.46 210.91688 54.3204  6597.01  1039.97 2.54 2.42  87.0 -0.392    19.60 21.65 02a59020o0154c  0.090909        0
59020.352367 19.696897      NaN    1    16 c    0   1.25 210.91688 54.3204  6616.02   916.72 2.36 2.31 -85.3 -0.405    19.43 21.35 02a59020o0178c -0.125000        0
59040.285251 19.841877      NaN   -3    14 c    0   1.73 210.91688 54.3204  8730.22  3112.19 2.87 2.73 -62.1 -0.377    19.58 21.62 02a59040o0091c -0.428571        0
59040.288469 20.009244      NaN  -14    12 c    0   1.27 210.91688 54.3204  8710.50  3072.09 2.82 2.71 -57.9 -0.372    19.58 21.62 02a59040o0098c -1.416667        0
59040.295427 19.510313      NaN   24    12 c    0   1.27 210.91688 54.3204  8769.91  3149.70 2.74 2.65 -60.0 -0.378    19.70 21.65 02a59040o0113c  1.750000        0
59040.306084 20.103715      NaN   -1    11 c    0   1.45 210.91688 54.3204  8791.26  3031.95 2.80 2.70  40.8 -0.379    19.65 21.66 02a59040o0136c -0.363636        0
59044.317072 20.321591      NaN  -19     9 c    0   1.75 210.91688 54.3204   783.53  3043.93 2.48 2.27 -55.5 -0.400    19.71 21.76 02a59044o0158c -2.444444        0
59044.320832 19.979496      NaN   10    10 c    0   1.72 210.91688 54.3204   761.88  3003.89 2.53 2.34 -61.2 -0.402    19.68 21.77 02a59044o0166c  0.700000  4194560
59044.327714 20.009244      NaN  -13    12 c    0   1.18 210.91688 54.3204   824.44  3082.01 2.61 2.46 -60.4 -0.405    19.62 21.76 02a59044o0181c -1.333333        0
59044.337475 20.009244      NaN   -6    12 c    0   2.74 210.91688 54.3204   847.57  2961.62 2.75 2.44 -57.4 -0.396    19.60 21.71 02a59044o0202c -0.750000        0
59048.285981 20.103715      NaN  -25    11 c    0   2.07 210.91688 54.3204   789.76  3048.30 2.55 2.35  33.7 -0.395    19.64 21.53 02a59048o0095c -2.545455        0
59048.290126 19.841877      NaN  -26    14 c    0   1.50 210.91688 54.3204   769.00  3009.63 2.65 2.36  36.3 -0.389    19.44 21.30 02a59048o0104c -2.071429        0
59048.296595 19.922338      NaN  -11    13 c    0   1.60 210.91688 54.3204   827.97  3083.04 2.56 2.32  35.5 -0.393    19.57 21.51 02a59048o0118c -1.076923        0
59048.308077 20.321591      NaN    1     9 c    0   1.58 210.91688 54.3204   851.80  2963.50 2.36 2.33  15.3 -0.405    19.68 21.65 02a59048o0143c -0.222222        0
59108.240914 19.384550      NaN   25    14 c    0   1.40 210.91688 54.3204  4748.73  3217.37 2.37 2.34  59.9 -0.401    19.32 20.86 02a59108o0046c  1.571429        0
59108.246004 19.334813      NaN   13    19 c    0   1.04 210.91688 54.3204  4728.44  3190.46 2.56 2.39  37.5 -0.392    19.27 20.84 02a59108o0057c  0.526316        0
59108.250126 19.384550      NaN   22    15 c    0   1.47 210.91688 54.3204  4788.00  3261.72 2.42 2.39  50.8 -0.395    19.30 20.84 02a59108o0066c  1.266667        0
59108.260706 19.510313      NaN  -14    19 c    0   1.17 210.91688 54.3204  4807.46  3151.61 2.62 2.44 -52.2 -0.395    19.22 20.80 02a59108o0089c -0.894737        0
59206.608827 20.009244      NaN  -21    12 c    0   1.35 210.91688 54.3204  4760.11  3204.93 2.53 2.47 -30.9 -0.369    19.71 21.84 01a59206o0880c -2.000000        0
59206.612058 20.009244      NaN   -8    12 c    0   2.66 210.91688 54.3204  4738.18  3170.04 2.57 2.51 -32.4 -0.367    19.69 21.85 01a59206o0887c -0.916667        0
59206.617585 20.009244      NaN   -3    12 c    0   2.27 210.91688 54.3204  4799.32  3246.45 2.73 2.64  -8.0 -0.359    19.62 21.85 01a59206o0899c -0.500000        0
59206.631405 20.009244      NaN  -15    12 c    0   2.66 210.91688 54.3204  4817.72  3134.62 2.76 2.58  21.6 -0.358    19.63 21.85 01a59206o0929c -1.500000        0
59208.639885 19.766969      NaN   -9    15 c    0   1.00 210.91688 54.3204  8804.20  1639.50 2.61 2.32 -54.2 -0.407    19.68 21.64 02a59208o0962c -0.800000        0
59208.650450 20.103715      NaN   -5    11 c    0   2.27 210.91688 54.3204  8824.57  1678.48 2.62 2.33 -53.8 -0.404    19.70 21.65 02a59208o0985c -0.727273        0
59208.655955 20.039830      NaN    5    11 c    0   3.18 210.91688 54.3204  8770.01  1605.19 2.58 2.31 -55.2 -0.401    19.67 21.61 02a59208o0997c  0.181818        1
59208.664725 19.472870      NaN   20    14 c    0   1.74 210.91688 54.3204  8751.73  1725.91 2.57 2.33 -56.4 -0.404    19.41 20.84 02a59208o1016c  1.214286        0
59228.630646 20.009244      NaN    0    12 c    0   1.11 210.91688 54.3204  7502.53  5578.00 2.68 2.51  50.3 -0.390    19.74 21.88 02a59228o0867c -0.250000        0
59228.633851 19.922338      NaN    1    13 c    0   2.68 210.91688 54.3204  7522.74  5616.31 2.71 2.51  48.7 -0.388    19.72 21.88 02a59228o0874c -0.153846        0
59228.650265 20.103715      NaN    1    11 c    0   4.24 210.91688 54.3204  7470.62  5542.58 2.70 2.49  48.1 -0.390    19.76 21.90 02a59228o0909c -0.181818        1
59228.658974 20.009244      NaN   -5    12 c    0   2.50 210.91688 54.3204  7451.40  5659.76 2.69 2.45  45.8 -0.392    19.80 21.83 02a59228o0928c -0.666667        0
59230.596813 20.321591      NaN  -23     9 c    0   2.32 210.91688 54.3204  3639.79  8742.92 2.94 2.61 -76.6 -0.397    19.72 22.31 01a59230o0856c -2.888889  4194560
59230.600047 20.207197      NaN   -2    10 c    0   3.68 210.91688 54.3204  3620.46  8705.28 2.90 2.59 -77.1 -0.395    19.77 22.33 01a59230o0863c -0.500000        1
59230.605590 20.207197      NaN   -5    10 c    0   3.04 210.91688 54.3204  3678.70  8778.65 2.80 2.62 -83.5 -0.389    19.76 22.34 01a59230o0875c -0.800000        1
59230.615358 20.207197      NaN  -25    10 c    0   1.73 210.91688 54.3204  3697.15  8662.82 2.75 2.58 -80.8 -0.393    19.78 22.39 01a59230o0896c -2.800000     8192
59238.585766 20.207197      NaN  -39    10 c    0   1.23 210.91688 54.3204  1128.28  5161.05 2.29 2.19 -63.9 -0.397    19.95 22.17 01a59238o0765c -4.200000   528384
59238.588065 20.103715      NaN   -8    11 c    0   1.26 210.91688 54.3204  1108.20  5123.91 2.37 2.29 -67.1 -0.389    19.94 22.16 01a59238o0770c -1.000000        0
59238.590826 20.321591      NaN   -2     9 c    0   3.08 210.91688 54.3204  1167.08  5200.90 2.39 2.33 -75.2 -0.385    19.95 22.18 01a59238o0776c -0.555556        1
59238.595897 20.009244      NaN   -7    12 c    0   1.03 210.91688 54.3204  1186.13  5082.89 2.46 2.42 -78.6 -0.383    19.88 22.19 01a59238o0787c -0.833333        0
59254.582395 20.009244      NaN  -25    12 c    0   1.92 210.91688 54.3204   373.25  1427.78 2.77 2.47  45.1 -0.394    19.64 22.07 01a59254o0809c -2.333333  4194560
59254.584237 19.841877      NaN  -33    14 c    0   1.78 210.91688 54.3204   345.39  1393.28 2.60 2.34  67.3 -0.431    19.62 22.01 01a59254o0813c -2.571429  4194560
59254.587068 17.252588      NaN  207    84 c    0   2.96 210.91688 54.3204   412.33  1465.85 2.53 2.31  66.1 -0.427    19.24 21.52 01a59254o0819c  2.428571     8192
59254.593104 19.922338      NaN  -16    13 c    0   1.38 210.91688 54.3204   429.51  1348.16 2.51 2.28  67.8 -0.427    19.76 22.16 01a59254o0832c -1.461538    12288
59256.529166 20.321591      NaN   -9     9 c    0   3.81 210.91688 54.3204  5340.83  3572.34 2.50 2.34  47.4 -0.402    19.79 21.98 02a59256o0695c -1.333333        1
59256.532384 20.103715      NaN  -19    11 c    0   1.58 210.91688 54.3204  5360.12  3611.80 2.63 2.39  45.7 -0.397    19.76 21.98 02a59256o0702c -2.000000  4194560
59256.537897 19.922338      NaN    3    13 c    0   1.27 210.91688 54.3204  5303.70  3534.81 2.56 2.33  43.2 -0.401    19.81 21.97 02a59256o0714c  0.000000     8192
59256.543014 20.137125      NaN    5    10 c    0   3.35 210.91688 54.3204  5285.36  3650.42 2.62 2.40  46.3 -0.397    19.76 21.98 02a59256o0725c  0.200000        1
59258.571978 19.922338      NaN   15     9 c    0   1.44 210.91688 54.3204  7136.94  6898.73 2.55 2.52  66.6 -0.368    19.75 22.04 01a59258o0790c  1.333333        0
59258.573832 19.979496      NaN   10    10 c    0   2.43 210.91688 54.3204  7121.60  6856.52 2.73 2.59  43.8 -0.356    19.73 22.03 01a59258o0794c  0.700000        0
59258.576596 20.103715      NaN   -6    11 c    0   1.24 210.91688 54.3204  7177.14  6936.48 2.70 2.64  62.8 -0.366    19.74 22.04 01a59258o0800c -0.818182        0
59258.582589 20.449472      NaN  -14     8 c    0   3.05 210.91688 54.3204  7194.37  6821.99 2.52 2.48  79.2 -0.375    19.80 22.04 01a59258o0813c -2.125000        1
59262.501830 20.103715      NaN  -16    11 c    0   0.97 210.91688 54.3204  7134.44  6898.98 2.40 2.25 -88.4 -0.395    19.77 21.77 01a59262o0623c -1.727273        0
59262.504607 20.137125      NaN    5    10 c    0   1.56 210.91688 54.3204  7115.68  6859.27 2.40 2.28 -87.5 -0.390    19.78 21.82 01a59262o0629c  0.200000        0
59262.508306 20.207197      NaN   -3    10 c    0   0.97 210.91688 54.3204  7174.05  6936.52 2.46 2.36  83.4 -0.379    19.75 21.86 01a59262o0637c -0.600000        0
59262.514297 20.103715      NaN  -19    11 c    0   0.97 210.91688 54.3204  7192.33  6820.40 2.49 2.41  85.9 -0.374    19.77 21.85 01a59262o0650c -2.000000        0
59288.544037 20.103715      NaN    1    11 c    0   1.21 210.91688 54.3204  5475.12  8646.93 2.42 2.34  53.0 -0.408    19.81 21.80 02a59288o0704c -0.181818        0
59288.579411 20.207197      NaN   -5    10 c    0   1.08 210.91688 54.3204  5452.60  8606.29 2.56 2.32  34.2 -0.396    19.77 21.76 02a59288o0780c -0.800000        0
59288.607793 19.401649      NaN   15    17 c    0   1.55 210.91688 54.3204  5503.67  8680.09 2.61 2.36  33.4 -0.390    18.70 20.56 02a59288o0841c  0.705882   524288
59288.632589 20.009244      NaN  -12    12 c    0   1.01 210.91688 54.3204  5518.61  8560.19 2.77 2.35  41.2 -0.386    19.67 21.69 02a59288o0894c -1.250000        0
59292.459472 19.652575      NaN   17    12 c    0   1.94 210.91688 54.3204  1718.24  5331.79 2.49 2.30  55.8 -0.413    19.75 21.80 02a59292o0510c  1.166667        0
59292.462673 20.103715      NaN    0    11 c    0   2.29 210.91688 54.3204  1741.40  5371.41 2.46 2.31  60.5 -0.409    19.74 21.78 02a59292o0517c -0.272727        0
59292.466844 20.207197      NaN  -16    10 c    0   3.47 210.91688 54.3204  1680.82  5292.10 2.59 2.36  48.1 -0.401    19.72 21.79 02a59292o0526c -1.900000   524289
59292.473270 20.103715      NaN   -4    11 c    0   1.93 210.91688 54.3204  1662.54  5407.32 2.52 2.31  48.3 -0.404    19.74 21.81 02a59292o0540c -0.636364        0
59292.649611 19.631075      NaN   -4    17 c    0   1.18 210.91688 54.3204  8877.66  5213.16 2.51 2.32  36.5 -0.396    19.18 20.41 02a59292o0918c -0.411765        0
59310.449546 20.207197      NaN   -5    10 c    0   0.91 210.91688 54.3204  9037.12  6868.54 2.61 2.41  87.6 -0.400    20.01 21.98 01a59310o0425c -0.800000        0
59310.451851 20.207197      NaN    3    10 c    0   1.34 210.91688 54.3204  9017.68  6829.02 2.58 2.43 -85.1 -0.392    20.03 21.99 01a59310o0430c  0.000000        0
59310.455624 19.791368      NaN   20     9 c    0   1.06 210.91688 54.3204  9079.62  6905.97 2.54 2.41  87.4 -0.394    20.01 21.99 01a59310o0438c  1.888889  4194560
59310.464868 20.071303      NaN   10     9 c    0   1.31 210.91688 54.3204  9095.86  6790.08 2.61 2.55 -83.5 -0.385    19.96 22.08 01a59310o0457c  0.777778        0
59314.443833 20.321591      NaN    1     9 c    0   1.17 210.91688 54.3204  6530.34   984.41 2.46 2.29   5.9 -0.392    19.96 21.85 01a59314o0481c -0.222222        0
59314.445680 19.922338      NaN   12    10 c    0   1.72 210.91688 54.3204  6511.12   945.22 2.67 2.39  -6.2 -0.369    19.94 21.88 01a59314o0485c  0.900000        0
59314.448467 20.009244      NaN    3    12 c    0   0.89 210.91688 54.3204  6572.81  1024.15 2.62 2.37  -2.3 -0.372    19.95 21.87 01a59314o0491c  0.000000        0
59314.453560 20.009244      NaN   -9    12 c    0   0.98 210.91688 54.3204  6587.77   911.02 2.40 2.20 -18.9 -0.396    19.97 21.86 01a59314o0502c -1.000000        0
59318.482085 20.207197      NaN   -8    10 c    0   5.34 210.91688 54.3204  4049.04  9600.46 2.42 2.28 -41.2 -0.387    19.76 21.52 01a59318o0559c -1.100000        1
59318.517343 20.207197      NaN   -6    10 c    0   2.17 210.91688 54.3204  4076.21  9634.21 2.29 2.10 -51.5 -0.388    19.89 21.56 01a59318o0635c -0.900000     8192
59318.520566 20.207197      NaN  -17    10 c    0   2.53 210.91688 54.3204  4016.73  9556.45 2.28 2.08 -45.1 -0.388    19.89 21.57 01a59318o0642c -2.000000     8192
59318.543605 20.321591      NaN    0     9 c    0   3.37 210.91688 54.3204  4002.58  9670.25 2.28 2.10 -53.5 -0.387    19.86 21.46 01a59318o0691c -0.333333   524289
59322.408613 20.321591      NaN  -14     9 c    0   1.92 210.91688 54.3204  3065.74  5000.07 2.30 2.21 -81.9 -0.395    19.96 21.79 01a59322o0383c -1.888889   524288
59322.410910 20.207197      NaN  -19    10 c    0   1.95 210.91688 54.3204  3045.90  4961.83 2.29 2.17 -84.0 -0.398    19.97 21.80 01a59322o0388c -2.200000        0
59322.414135 20.071303      NaN    7    10 c    0   1.23 210.91688 54.3204  3103.52  5037.40 2.24 2.12 -74.7 -0.401    19.99 21.81 01a59322o0395c  0.400000        0
59322.419674 20.009244      NaN    2    12 c    0   0.95 210.91688 54.3204  3121.96  4922.23 2.33 2.19 -67.1 -0.399    19.92 21.79 01a59322o0407c -0.083333        0
59344.419514 20.009244      NaN  -18    12 c    0   0.86 210.91688 54.3204  1117.21  5176.46 2.37 2.24 -41.2 -0.422    19.73 21.69 02a59344o0385c -1.750000   524288
59344.423635 20.103715      NaN  -11    11 c    0   1.49 210.91688 54.3204  1097.66  5137.75 2.39 2.26 -41.4 -0.418    19.71 21.70 02a59344o0394c -1.272727        0
59344.429702 20.009244      NaN  -15    12 c    0   0.97 210.91688 54.3204  1158.13  5211.28 2.40 2.26 -46.4 -0.424    19.71 21.72 02a59344o0407c -1.500000        0
59344.462022 20.207197      NaN   -8    10 c    0   1.61 210.91688 54.3204  1176.28  5088.54 2.33 2.28 -18.7 -0.419    19.69 21.62 02a59344o0474c -1.100000        0
59370.364702 20.321591      NaN   -6     9 c    0   1.44 210.91688 54.3204  1995.77  9664.72 2.28 2.04 -63.1 -0.402    19.99 22.07 01a59370o0279c -1.000000        0
59370.367930 19.816329      NaN   16    10 c    0   1.95 210.91688 54.3204  2017.18  9703.88 2.32 2.08 -64.6 -0.402    20.00 22.06 01a59370o0286c  1.300000        0
59370.374378 20.449472      NaN   -6     8 c    0   1.93 210.91688 54.3204  1955.04  9623.79 2.25 1.99 -65.1 -0.405    20.01 22.04 01a59370o0300c -1.125000        0
59370.408119 20.207197      NaN   -6    10 c    0   1.71 210.91688 54.3204  1939.61  9737.17 2.37 2.12 -61.8 -0.407    19.96 22.00 01a59370o0367c -0.900000        0
59374.345057 20.207197      NaN   -9    10 c    0   2.90 210.91688 54.3204  1997.00  9667.60 2.45 2.21 -61.5 -0.392    19.98 22.03 01a59374o0234c -1.200000        0
59374.348286 19.868040      NaN   14    10 c    0   1.34 210.91688 54.3204  2018.35  9705.80 2.30 2.10 -65.4 -0.401    19.98 22.02 01a59374o0241c  1.100000        0
59374.353832 20.321591      NaN  -20     9 c    0   1.53 210.91688 54.3204  1959.84  9627.55 2.30 2.10 -53.9 -0.390    19.99 22.02 01a59374o0253c -2.555556        0
59374.364434 20.207197      NaN    6     9 c    0   1.32 210.91688 54.3204  1939.39  9742.62 2.38 2.11 -62.2 -0.402    19.97 22.04 01a59374o0276c  0.333333        0
59378.326788 20.039830      NaN   11     9 c    0   1.59 210.91688 54.3204  5020.91  1930.78 2.15 2.08  53.0 -0.401    19.98 21.72 01a59378o0193c  0.888889        0
59378.330008 20.039830      NaN    8    10 c    0   1.93 210.91688 54.3204  5041.80  1971.26 2.17 2.12  31.7 -0.400    19.93 21.73 01a59378o0200c  0.500000        0
59378.335546 20.321591      NaN    3     9 c    0   2.74 210.91688 54.3204  4985.82  1892.97 2.21 2.11  19.8 -0.398    19.97 21.75 01a59378o0212c  0.000000        0
59378.348438 19.652575      NaN   20    11 c    0   2.87 210.91688 54.3204  4971.22  2008.20 2.24 2.16  11.2 -0.391    19.97 21.87 01a59378o0240c  1.545455        0
59404.284177 19.169763      NaN   39    14 c    0   1.35 210.91688 54.3204  1746.43  8924.95 2.63 1.98 -48.8 -0.449    19.74 21.54 02a59404o0088c  2.571429  4194560
59404.287411 19.841877      NaN   -3    14 c    0   0.64 210.91688 54.3204  1726.53  8886.15 2.68 2.01 -50.2 -0.440    19.73 21.54 02a59404o0095c -0.428571        0
59404.292910 19.841877      NaN   -1    14 c    0   1.02 210.91688 54.3204  1780.93  8958.83 2.61 2.07 -51.0 -0.432    19.70 21.51 02a59404o0107c -0.285714        0
59404.302990 19.631075      NaN   18    12 c    0   1.35 210.91688 54.3204  1801.03  8839.73 2.68 2.07 -50.0 -0.437    19.66 21.51 02a59404o0129c  1.250000        0
59408.274563 19.454622      NaN   18    15 c    0   1.09 210.91688 54.3204  1748.97  8924.13 2.59 2.03 -48.8 -0.440    19.66 21.40 02a59408o0068c  1.000000        0
59408.277767 20.009244      NaN  -21    12 c    0   1.47 210.91688 54.3204  1727.64  8884.96 2.61 2.15 -52.1 -0.423    19.64 21.42 02a59408o0075c -2.000000        0
59408.283262 20.009244      NaN   -4    12 c    0   1.01 210.91688 54.3204  1782.62  8959.92 2.58 2.16 -51.3 -0.431    19.62 21.42 02a59408o0087c -0.583333        0
59408.295675 19.791368      NaN    8    13 c    0   0.82 210.91688 54.3204  1804.35  8839.14 2.52 2.08 -47.9 -0.435    19.67 21.47 02a59408o0114c  0.384615        0
59426.249901 19.922338      NaN   -5    13 c    0   1.65 210.91688 54.3204  6884.84  1774.54 2.36 2.16 -72.7 -0.407    19.54 20.73 01a59426o0032c -0.615385        0
59426.253177 19.841877      NaN  -13    14 c    0   1.15 210.91688 54.3204  6903.86  1814.54 2.40 2.20 -74.4 -0.404    19.71 21.20 01a59426o0039c -1.142857        0
59426.258716 19.894850      NaN    7    12 c    0   1.54 210.91688 54.3204  6849.60  1739.45 2.29 2.16 -72.6 -0.405    19.86 21.60 01a59426o0051c  0.333333        0
59426.272762 20.039830      NaN   11     9 c    0   2.48 210.91688 54.3204  6833.48  1857.04 2.31 2.17 -74.9 -0.407    19.88 21.67 01a59426o0081c  0.888889   524288
59430.242183 19.051202      NaN  -55    29 c    0   0.97 210.91688 54.3204  6884.99  1779.20 2.31 2.17 -36.2 -0.390    18.64 19.07 01a59430o0020c -2.000000        0
59430.244954 19.183773      NaN   14    22 c    0   1.08 210.91688 54.3204  6905.16  1815.71 2.29 2.14 -75.3 -0.400    19.10 19.81 01a59430o0026c  0.500000        0
59430.250541 20.207197      NaN  -19    10 c    0   1.99 210.91688 54.3204  6853.78  1741.72 2.31 2.15 -75.1 -0.398    19.66 20.96 01a59430o0038c -2.200000        0
59430.260749 20.009244      NaN    1    12 c    0   2.21 210.91688 54.3204  6835.48  1856.74 2.35 2.19 -80.1 -0.402    19.86 21.60 01a59430o0060c -0.166667        0
59434.246925 19.569016      NaN  -18    18 c    0   0.94 210.91688 54.3204  9430.45  5334.02 2.85 2.42 -84.2 -0.365    19.33 20.53 01a59434o0034c -1.166667   524288
59434.250609 19.922338      NaN  -31    13 c    0   1.44 210.91688 54.3204  9450.75  5369.14 2.84 2.40 -87.2 -0.376    19.54 21.12 01a59434o0042c -2.615385        0
59434.256155 19.549093      NaN   19    13 c    0   1.26 210.91688 54.3204  9392.22  5299.03 2.78 2.39 -81.9 -0.380    19.71 21.52 01a59434o0054c  1.230769        0
59434.267220 19.922338      NaN  -22    13 c    0   1.59 210.91688 54.3204  9375.69  5418.13 2.50 2.22 -79.5 -0.399    19.85 21.64 01a59434o0078c -1.923077        0
59588.641428 20.009244      NaN  -21    12 c    0   2.15 210.91688 54.3204  3842.02  7434.08 2.64 2.40  46.7 -0.398    19.65 21.81 02a59588o0978c -2.000000        0
59588.646929 19.766969      NaN    9    13 c    0   2.62 210.91688 54.3204  3862.88  7472.49 2.57 2.39  44.6 -0.407    19.61 21.81 02a59588o0990c  0.461538        0
59588.658083 19.841877      NaN   -4    14 c    0   1.55 210.91688 54.3204  3803.05  7393.25 2.56 2.35  45.7 -0.405    19.61 21.75 02a59588o1014c -0.500000        0
59588.665789 19.719755      NaN    5    15 c    0   1.68 210.91688 54.3204  3779.64  7512.79 2.65 2.37  46.6 -0.397    19.46 21.22 02a59588o1030c  0.133333        0
59615.558656 19.894850      NaN    7    12 c    0   1.43 210.91688 54.3204  1530.67  3690.37 2.42 2.36  62.3 -0.422    19.60 21.48 02a59615o0775c  0.333333        0
59615.561412 20.039830      NaN    5    11 c    0   2.57 210.91688 54.3204  1550.34  3729.41 2.41 2.34  54.9 -0.424    19.61 21.49 02a59615o0781c  0.181818  4194560
59615.564167 20.103715      NaN  -11    11 c    0   1.58 210.91688 54.3204  1491.89  3649.63 2.54 2.37  44.4 -0.417    19.59 21.49 02a59615o0787c -1.272727        0
59615.571520 19.549093      NaN   19    13 c    0   1.22 210.91688 54.3204  1474.49  3764.63 2.45 2.37  59.0 -0.420    19.60 21.51 02a59615o0803c  1.230769   524288
59619.586609 19.743105      NaN    4    15 c    0   1.17 210.91688 54.3204  4028.79  9585.50 2.54 2.48  49.1 -0.406    19.67 21.67 02a59619o0807c  0.066667        0
59619.588435 19.766969      NaN  -23    15 c    0   1.45 210.91688 54.3204  4048.74  9625.03 2.57 2.47  49.9 -0.405    19.66 21.67 02a59619o0811c -1.733333        0
59619.592559 19.841877      NaN    1    14 c    0   1.30 210.91688 54.3204  3986.40  9545.99 2.64 2.44  46.4 -0.396    19.63 21.67 02a59619o0820c -0.142857        0
59619.610269 19.569016      NaN  -11    18 c    0   1.15 210.91688 54.3204  3965.17  9663.46 2.66 2.46  42.7 -0.396    19.65 21.62 02a59619o0858c -0.777778        0
59639.510262 19.529530      NaN   23    12 c    0   1.96 210.91688 54.3204  1842.10  7488.80 2.33 2.28  62.6 -0.428    19.73 21.72 02a59639o0653c  1.666667        0
59639.513468 19.696897      NaN   15    12 c    0   3.32 210.91688 54.3204  1862.11  7528.99 2.44 2.32  41.6 -0.416    19.69 21.70 02a59639o0660c  1.000000        1
59639.516215 19.816329      NaN    7    13 c    0   1.04 210.91688 54.3204  1802.64  7447.92 2.32 2.27  60.9 -0.433    19.71 21.71 02a59639o0666c  0.307692        0
59639.522156 20.103715      NaN  -14    11 c    0   1.38 210.91688 54.3204  1782.61  7563.83 2.36 2.31  70.5 -0.429    19.72 21.72 02a59639o0679c -1.545455        0
59643.579606 19.419021      NaN   23    14 c    0   1.49 210.91688 54.3204   794.22  3033.35 2.23 2.10   6.5 -0.449    19.23 21.76 02a59643o0746c  1.428571        0
59643.582534 19.922338      NaN  -37    13 c    0   1.41 210.91688 54.3204   772.58  2992.82 2.24 2.12   2.1 -0.448    19.21 21.75 02a59643o0752c -3.076923        0
59643.617736 19.766969      NaN  -10    15 c    0   1.05 210.91688 54.3204   830.98  3066.30 2.33 2.09  29.9 -0.440    19.25 21.72 02a59643o0823c -0.866667        0
59643.623182 19.766969      NaN  -21    15 c    0   1.18 210.91688 54.3204   852.07  2944.46 2.25 2.12   8.5 -0.448    19.22 21.71 02a59643o0834c -1.600000        0
59647.511394 19.256669      NaN  -58    24 c    0   1.00 210.91688 54.3204  9793.48  7537.90 2.70 2.33  86.7 -0.448    18.96 21.75 02a59647o0432c -2.541667   524288
59647.514333 19.401649      NaN  -10    21 c    0   1.48 210.91688 54.3204  9814.62  7575.20 2.73 2.33  80.0 -0.441    18.94 21.77 02a59647o0438c -0.619048   524288
59647.519354 18.174913      NaN  -19    65 c    0   1.11 210.91688 54.3204  9755.57  7502.56 2.65 2.37  80.0 -0.451    17.72 20.47 02a59647o0448c -0.338462        0
59647.539712 19.212347      NaN    6    24 c    0   1.02 210.91688 54.3204  9740.37  7622.65 2.89 2.56  68.1 -0.421    18.89 21.75 02a59647o0488c  0.125000        0
59671.401837 19.491430      NaN   13    16 c    0   1.33 210.91688 54.3204  3617.45  5806.56 2.72 2.52  41.0 -0.395    19.49 21.62 02a59671o0314c  0.625000        0
59671.428617 19.696897      NaN   -5    16 c    0   1.52 210.91688 54.3204  3651.41  5843.88 2.79 2.53  42.7 -0.393    19.53 21.63 02a59671o0371c -0.500000   524288
59671.431827 19.696897      NaN  -10    16 c    0   1.37 210.91688 54.3204  3593.50  5769.56 2.92 2.59  44.1 -0.384    19.45 21.63 02a59671o0378c -0.812500        0
59671.437311 19.652575      NaN   11    14 c    0   1.72 210.91688 54.3204  3573.81  5886.34 2.95 2.56  40.6 -0.386    19.42 21.63 02a59671o0390c  0.571429   524288
59675.445368 16.646354      NaN   86   238 c    0   1.48 210.91688 54.3204  1938.66  9610.78 2.53 2.40  40.6 -0.389    16.29 18.27 02a59675o0501c  0.348739  4196354
59675.451766 18.504094      NaN -213    48 c    0   2.94 210.91688 54.3204  1918.35  9726.79 2.41 2.35  28.7 -0.457    18.45 20.52 02a59675o0515c -4.500000   532480
59679.432660 18.836735      NaN   31    26 c    0   1.02 210.91688 54.3204  1974.98  9650.55 2.54 2.39  41.3 -0.435    18.97 20.69 02a59679o0440c  1.076923        0
59679.438161 18.910912      NaN   30    24 c    0   1.16 210.91688 54.3204  1995.44  9688.71 2.48 2.38  33.4 -0.440    18.97 20.71 02a59679o0452c  1.125000        0
59679.439989 19.351140      NaN    0    22 c    0   2.04 210.91688 54.3204  1934.45  9608.61 2.48 2.36  33.3 -0.449    18.99 20.72 02a59679o0456c -0.136364        0
59679.445014 19.302877      NaN  -25    23 c    0   1.19 210.91688 54.3204  1912.48  9726.29 2.48 2.41  31.1 -0.442    19.00 20.75 02a59679o0467c -1.217391        0
59695.447397 19.549093      NaN   16    14 c    0   0.92 210.91688 54.3204  8860.87  5237.74 2.73 2.49  32.2 -0.401    19.49 21.38 02a59695o0478c  0.928571        0
59695.450623 19.841877      NaN   -3    14 c    0   0.91 210.91688 54.3204  8841.41  5197.41 2.66 2.39  33.1 -0.403    19.51 21.38 02a59695o0485c -0.428571        0
59695.485942 19.841877      NaN  -10    14 c    0   1.25 210.91688 54.3204  8891.41  5276.77 2.75 2.44  30.1 -0.390    19.47 21.34 02a59695o0561c -0.928571   524288
59695.514381 19.183773      NaN   20    20 c    0   1.37 210.91688 54.3204  8908.44  5161.24 2.77 2.40  28.4 -0.395    19.02 20.86 02a59695o0622c  0.850000   524288
59699.416003 16.141346      NaN  -16   423 c    0   1.08 210.91688 54.3204  3336.29  7117.29 2.64 2.33  24.5 -0.397    15.53 16.82 02a59699o0410c -0.044917  4196354
59699.419220 18.702047      NaN  -41    40 c    0   0.91 210.91688 54.3204  3319.13  7081.92 2.59 2.33  26.3 -0.397    18.25 19.68 02a59699o0417c -1.100000     8192
59699.424739 17.870951      NaN  -18    86 c    0   1.48 210.91688 54.3204  3375.05  7155.87 2.63 2.33  24.3 -0.400    17.23 18.61 02a59699o0429c -0.244186     8192
59699.459844 19.051202      NaN    0    29 c    0   0.53 210.91688 54.3204  3380.70  7036.83 2.58 2.25  27.3 -0.396    18.82 20.34 02a59699o0505c -0.103448  4194560
59723.379391 19.841877      NaN    3    14 c    0   1.23 210.91688 54.3204  5015.70  4876.02 2.69 2.33  28.8 -0.399    19.57 21.29 02a59723o0312c  0.000000        0
59723.382603 19.841877      NaN  -20    14 c    0   1.23 210.91688 54.3204  4992.94  4834.83 2.96 2.46  29.7 -0.388    19.52 21.28 02a59723o0319c -1.642857        0
59723.388089 19.841877      NaN  -18    14 c    0   0.81 210.91688 54.3204  5053.88  4913.10 2.69 2.30  28.5 -0.402    19.58 21.25 02a59723o0331c -1.500000        0
59723.400898 19.979496      NaN    7    11 c    0   2.40 210.91688 54.3204  5072.51  4798.97 2.76 2.37  26.9 -0.397    19.55 21.26 02a59723o0359c  0.363636        0
59727.350487 18.158337      NaN -131    66 c    0   1.42 210.91688 54.3204  5020.25  4882.15 2.68 2.28  31.0 -0.399    17.52 18.91 02a59727o0248c -2.030303        0
59727.353687 19.128787      NaN   -5    27 c    0   0.94 210.91688 54.3204  5000.63  4842.78 2.65 2.25  29.9 -0.401    18.58 20.08 02a59727o0255c -0.296296        0
59727.360089 18.317510      NaN -143    57 c    0   1.45 210.91688 54.3204  5058.53  4918.35 2.64 2.25  30.6 -0.403    17.59 18.92 02a59727o0269c -2.561404  4194560
59727.371522 18.582238      NaN   14    41 c    0   1.39 210.91688 54.3204  5079.28  4801.00 2.81 2.30  31.3 -0.389    18.00 19.43 02a59727o0294c  0.268293   524288
59731.393020 19.922338      NaN   -1    13 c    0   1.14 210.91688 54.3204  3607.21  8764.35 2.74 2.68  34.8 -0.391    19.54 21.53 02a59731o0172c -0.307692        0
59731.398541 19.674510      NaN   10    14 c    0   1.65 210.91688 54.3204  3587.17  8725.19 2.84 2.66  42.4 -0.386    19.56 21.51 02a59731o0184c  0.500000        0
59731.401810 19.491430      NaN   16    15 c    0   0.76 210.91688 54.3204  3643.77  8802.14 2.61 2.58  48.2 -0.392    19.59 21.52 02a59731o0191c  0.866667        0
59731.414645 19.766969      NaN    6    14 c    0   1.17 210.91688 54.3204  3661.30  8681.39 2.70 2.54  25.1 -0.395    19.57 21.46 02a59731o0219c  0.214286        0
59751.314809 19.922338      NaN    0    13 c    0   0.89 210.91688 54.3204  4515.59  1095.64 2.41 2.29  78.5 -0.428    19.65 21.48 02a59751o0156c -0.230769        0
59751.318028 20.207197      NaN  -13    10 c    0   1.53 210.91688 54.3204  4495.36  1059.24 2.38 2.26  74.0 -0.429    19.63 21.48 02a59751o0163c -1.600000        0
59751.323522 20.103715      NaN   -1    11 c    0   1.52 210.91688 54.3204  4556.63  1134.42 2.33 2.24  79.7 -0.430    19.66 21.47 02a59751o0175c -0.363636        0
59751.334507 19.549093      NaN   25    11 c    0   1.74 210.91688 54.3204  4577.94  1022.19 2.51 2.36  84.1 -0.424    19.64 21.45 02a59751o0199c  2.000000        0
59783.267980 19.766969      NaN  -19    15 c    0   1.23 210.91688 54.3204  1464.13  6798.30 2.41 2.26 -40.3 -0.429    19.57 21.12 02a59783o0058c -1.466667        0
59783.271622 19.696897      NaN    0    16 c    0   1.21 210.91688 54.3204  1444.92  6759.24 2.58 2.37 -49.0 -0.424    19.53 21.16 02a59783o0066c -0.187500        0
59783.278464 19.491430      NaN   25    12 c    0   1.28 210.91688 54.3204  1501.20  6834.92 2.47 2.25 -47.3 -0.431    19.60 21.20 02a59783o0081c  1.833333        0
59783.292955 19.436675      NaN   16    16 c    0   0.79 210.91688 54.3204  1520.19  6714.60 2.37 2.17 -49.2 -0.441    19.57 21.12 02a59783o0113c  0.812500        0
59787.293213 19.791368      NaN    8    13 c    0   1.21 210.91688 54.3204  6732.09  3142.15 2.82 2.75  54.4 -0.404    19.41 21.28 02a59787o0117c  0.384615        0
59787.297291 19.569016      NaN   15    14 c    0   1.41 210.91688 54.3204  6711.86  3099.59 2.90 2.84  54.8 -0.387    19.39 21.27 02a59787o0126c  0.857143   524288
59787.303716 19.696897      NaN    2    16 c    0   1.04 210.91688 54.3204  6769.50  3174.99 2.86 2.76  41.3 -0.391    19.42 21.26 02a59787o0140c -0.062500        0
59787.318300 19.766969      NaN  -14    15 c    0   1.30 210.91688 54.3204  6790.75  3056.78 2.85 2.72  38.3 -0.391    19.44 21.27 02a59787o0172c -1.133333   524288
59811.240646 18.990530      NaN    8    29 c    0   2.14 210.91688 54.3204  9032.59  6895.63 2.67 2.41  28.6 -0.410    18.72 19.75 02a59811o0025c  0.172414        0
59811.243827 19.256669      NaN  -15    24 c    0   0.96 210.91688 54.3204  9012.04  6853.76 2.59 2.44  26.8 -0.415    19.14 20.36 02a59811o0032c -0.750000        0
59811.251095 19.696897      NaN   -9    16 c    0   0.95 210.91688 54.3204  9070.74  6931.83 2.65 2.50  25.0 -0.411    19.43 21.04 02a59811o0048c -0.750000        0
59811.262036 19.631075      NaN    9    15 c    0   1.55 210.91688 54.3204  9089.02  6813.63 2.61 2.49  24.1 -0.418    19.49 21.14 02a59811o0072c  0.400000        0
59819.241262 19.142275      NaN   38    15 c    0   1.23 210.91688 54.3204  6572.46   994.46 2.36 2.22  58.5 -0.407    19.14 20.53 02a59819o0037c  2.333333        0
59819.246702 19.491430      NaN   16    15 c    0   0.85 210.91688 54.3204  6551.19   954.62 2.35 2.24  85.2 -0.415    19.34 20.93 02a59819o0049c  0.866667        0
59819.249867 19.631075      NaN    9    15 c    0   1.00 210.91688 54.3204  6612.10  1034.75 2.52 2.40  83.6 -0.398    19.35 21.00 02a59819o0056c  0.400000        0
59819.259883 19.491430      NaN   16    15 c    0   1.09 210.91688 54.3204  6634.86   917.36 2.40 2.23 -75.1 -0.426    19.37 21.05 02a59819o0078c  0.866667        0
59841.218401 18.417189      NaN   -8    52 c    0   1.07 210.91688 54.3204  6981.36  9554.28 3.07 2.87  65.7 -0.352    17.82 19.42 01a59841o0022c -0.211538        0
59841.222104 18.921935      NaN   17    28 c    0   1.76 210.91688 54.3204  7002.15  9595.04 3.06 2.87  69.5 -0.351    18.50 20.18 01a59841o0030c  0.500000        0
59841.232292 19.510313      NaN  -13    19 c    0   1.11 210.91688 54.3204  6940.14  9523.33 3.10 2.92  72.9 -0.347    18.98 20.90 01a59841o0052c -0.842105        0
59841.238300 19.384550      NaN   13    18 c    0   1.80 210.91688 54.3204  6919.99  9640.18 3.11 2.95  71.8 -0.345    19.00 20.95 01a59841o0065c  0.555556        0
59999.634833 18.836735      NaN   25    28 c    0   1.21 210.91688 54.3204  9216.16  9035.20 2.78 2.66  59.4 -0.390    18.65 20.44 02a59999o0111c  0.785714   524288
59999.637641 18.836735      NaN   31    26 c    0   1.14 210.91688 54.3204  9196.91  8992.97 2.79 2.68  51.9 -0.385    18.85 20.68 02a59999o0117c  1.076923   524288
59999.650179 19.089302      NaN  -31    28 c    0   1.11 210.91688 54.3204  9251.06  9073.41 2.79 2.58  41.8 -0.389    18.66 20.40 02a59999o0142c -1.214286   524288
59999.656837 18.900000      NaN   37    22 c    0   1.12 210.91688 54.3204  9268.20  8954.64 2.74 2.67  55.5 -0.387    18.85 20.61 02a59999o0155c  1.545455  4194560
60048.393577 19.841877      NaN  -14    14 c    0   3.90 210.91688 54.3204  5679.77  7348.76 2.59 2.31  44.1 -0.410    19.52 21.42 02a60048o0341c -1.214286        1
60048.395386 19.922338      NaN  -11    13 c    0   3.78 210.91688 54.3204  5699.79  7387.45 2.60 2.33  43.3 -0.410    19.55 21.42 02a60048o0345c -1.076923        1
60048.401280 20.009244      NaN    0    12 c    0   1.75 210.91688 54.3204  5641.08  7311.02 2.65 2.34  41.5 -0.408    19.55 21.43 02a60048o0357c -0.250000     8192
60048.436787 19.922338      NaN   -3    13 c    0   2.54 210.91688 54.3204  5622.77  7430.40 2.60 2.30  36.8 -0.410    19.59 21.48 02a60048o0428c -0.461538     8192
60050.476350 19.841877      NaN   -9    14 c    0   1.72 210.91688 54.3204  7495.72  9067.30 2.56 2.41  41.1 -0.420    19.44 21.13 02a60050o0512c -0.857143        0
60050.479980 19.076453      NaN   28    20 c    0   0.92 210.91688 54.3204  7476.19  9025.91 2.54 2.42  44.3 -0.415    19.18 20.81 02a60050o0520c  1.250000   524288
60050.515339 19.155932      NaN   40    14 c    0   1.40 210.91688 54.3204  7530.90  9100.63 2.58 2.38  37.8 -0.410    19.51 21.22 02a60050o0595c  2.642857        0
60050.521155 19.696897      NaN   -3    16 c    0   0.89 210.91688 54.3204  7548.98  8980.66 2.62 2.41  36.5 -0.410    19.50 21.21 02a60050o0607c -0.375000   524288
60052.473293 19.491430      NaN   16    15 c    0   1.08 210.91688 54.3204  5209.48  4866.89 2.42 2.19  34.8 -0.405    19.31 20.97 02a60052o0517c  0.866667   524288
60052.476484 19.472870      NaN    5    19 c    0   0.89 210.91688 54.3204  5189.86  4827.31 2.52 2.21  29.4 -0.396    19.08 20.78 02a60052o0524c  0.105263        0
60052.509238 19.791368      NaN   11    12 c    0   1.51 210.91688 54.3204  5249.97  4896.63 2.54 2.21  32.3 -0.401    19.45 21.04 02a60052o0592c  0.666667        0
60052.515613 19.841877      NaN   15    10 c    0   1.85 210.91688 54.3204  5270.99  4778.29 2.56 2.21  33.7 -0.395    19.42 20.99 02a60052o0605c  1.200000        0
60056.426687 19.766969      NaN    3    15 c    0   1.00 210.91688 54.3204  1320.73  5162.63 2.48 2.28  20.2 -0.423    19.44 21.06 02a60056o0426c  0.000000        0
60056.430308 19.510313      NaN    9    17 c    0   1.62 210.91688 54.3204  1302.38  5122.29 2.60 2.46  11.7 -0.417    19.37 21.05 02a60056o0434c  0.352941        0
60056.465450 19.922338      NaN  -12    13 c    0   1.55 210.91688 54.3204  1354.66  5190.02 2.42 2.22  20.0 -0.426    19.49 21.06 02a60056o0509c -1.153846        0
60056.470537 19.922338      NaN   -3    13 c    0   1.34 210.91688 54.3204  1376.56  5071.31 2.42 2.23  16.7 -0.423    19.47 21.04 02a60056o0520c -0.461538        0
60058.400358 19.766969      NaN   -9    15 c    0   1.62 210.91688 54.3204  5920.20  9487.42 2.76 2.42  41.3 -0.397    19.41 21.02 02a60058o0368c -0.800000        0
60058.403081 19.384550      NaN   22    15 c    0   2.03 210.91688 54.3204  5941.34  9524.46 2.74 2.41  37.3 -0.401    19.44 21.03 02a60058o0374c  1.266667   524288
60058.406260 19.841877      NaN  -31    14 c    0   1.94 210.91688 54.3204  5879.30  9449.04 2.79 2.42  42.0 -0.393    19.44 21.03 02a60058o0381c -2.428571        0
60058.412604 19.766969      NaN   -3    15 c    0   2.10 210.91688 54.3204  5858.51  9568.58 2.73 2.40  39.1 -0.397    19.44 21.03 02a60058o0395c -0.400000  4194560
60076.451715 19.419021      NaN   26    13 c    0   1.08 210.91688 54.3204  6740.19   980.88 2.33 2.17 -71.8 -0.422    19.51 21.04 02a60076o0241c  1.769231        0
60076.455118 19.549093      NaN   16    14 c    0   0.99 210.91688 54.3204  6721.05   943.05 2.30 2.12 -75.4 -0.429    19.50 21.03 02a60076o0248c  0.928571        0
60076.458122 20.009244      NaN   -5    12 c    0   1.44 210.91688 54.3204  6782.58  1022.71 2.32 2.11 -72.6 -0.428    19.54 21.05 02a60076o0254c -0.666667        0
60076.463264 19.841877      NaN  -27    14 c    0   0.99 210.91688 54.3204  6802.22   900.79 2.30 2.12 -80.4 -0.428    19.48 21.02 02a60076o0264c -2.142857        0
60078.380061 19.894850      NaN   10    11 c    0   1.19 210.91688 54.3204  3249.83  4981.96 2.32 2.16  25.3 -0.414    19.63 21.30 02a60078o0314c  0.636364        0
60078.383226 19.743105      NaN   13    12 c    0   0.90 210.91688 54.3204  3230.54  4946.56 2.29 2.16  18.8 -0.424    19.62 21.30 02a60078o0321c  0.833333        0
60078.390093 20.103715      NaN   -8    11 c    0   1.32 210.91688 54.3204  3289.28  5021.85 2.29 2.15  24.6 -0.417    19.59 21.30 02a60078o0336c -1.000000        0
60078.401655 19.922338      NaN    3    13 c    0   1.01 210.91688 54.3204  3309.73  4903.45 2.34 2.16  23.4 -0.418    19.61 21.34 02a60078o0361c  0.000000        0