         MJD         m  dm    uJy  duJy   F  err  chi/N        RA      Dec        x        y  maj  min   phi  apfit  mag5sig   Sky            Obs  __tmp_SN    Mask
57396.587948 19.256669 NaN   21.0  18.0   c  0.0   1.25 210.89924 54.30499  7737.72  2270.06 3.99 3.60   7.8 -0.427    19.59 21.57 02a57396o0607c  1.000000 8388609
57396.598947 19.631075 NaN   -7.0  17.0   c  0.0   1.11 210.89924 54.30499  7451.31  1697.07 4.10 3.60   5.0 -0.444    19.60 21.58 02a57396o0625c -0.588235 8388609
57396.614233 18.590371 NaN   31.0  35.0   c  0.0   1.06 210.89924 54.30499  8265.02  2841.14 3.80 3.60  20.3 -0.418    19.60 21.56 02a57396o0650c  0.800000 8388609
57396.627717 18.261819 NaN   60.0  41.0   c  0.0   1.08 210.89924 54.30499  8527.42  1079.99 4.32 3.66  11.1 -0.431    19.59 21.57 02a57396o0672c  1.390244 8388609
57424.598946 19.510313 NaN  -15.0  19.0   c  0.0   1.03 210.89924 54.30499  8236.26  1596.05 4.32 3.76  10.2 -0.439    19.70 21.79 02a57424o0633c -0.947368    True
57424.604067 19.002397 NaN   34.0  20.0   c  0.0   0.84 210.89924 54.30499  8500.27  2166.13 4.25 3.83  15.1 -0.423    19.68 21.79 02a57424o0641c  1.550000    8192
57424.621336 19.696897 NaN  -59.0  16.0   c  0.0   1.20 210.89924 54.30499  7344.88  2783.47 4.01 3.71   9.8 -0.415    19.70 21.79 02a57424o0667c -3.875000    True
57424.633626 19.631075 NaN  -18.0  17.0   c  0.0   0.91 210.89924 54.30499  7267.81  2877.29 3.96 3.67  11.3 -0.417    19.70 21.79 02a57424o0685c -1.235294    8192
57448.521048 18.944322 NaN   27.0  24.0   c  0.0   0.95 210.89924 54.30499  7902.87  1786.89 3.99 3.65  14.9 -0.450    19.26 20.81 02a57448o0458c  1.000000   False
57448.543577 19.256669 NaN    6.0  23.0   c  0.0   0.95 210.89924 54.30499  8194.87  2367.20 3.94 3.73  23.1 -0.439    19.21 20.77 02a57448o0497c  0.130435    True
57448.565924 19.128787 NaN   18.0  22.0   c  0.0   1.09 210.89924 54.30499  7054.02  2989.14 4.37 3.91  -1.3 -0.388    19.09 20.75 02a57448o0536c  0.681818   False
57448.596475 19.401649 NaN   -9.0  21.0   c  0.0   1.15 210.89924 54.30499  3374.10  7808.88 3.87 3.61 -70.5 -0.422    19.20 20.80 02a57448o0592c -0.571429   False
57449.515332 19.454622 NaN  -12.0  20.0   c  0.0   1.02 210.89924 54.30499  8139.62  1737.57 4.04 3.63  15.4 -0.461    19.45 21.19 02a57449o0610c -0.750000   False
57449.538360 19.491430 NaN    7.0  18.0   c  0.0   1.13 210.89924 54.30499  8438.03  2315.42 3.82 3.59  30.5 -0.456    19.42 21.11 02a57449o0650c  0.222222   False
57449.558557 19.089302 NaN   21.0  22.0   c  0.0   0.77 210.89924 54.30499  7297.44  2942.77 3.78 3.62  14.8 -0.427    19.39 21.07 02a57449o0688c  0.818182   False
57449.570520 19.510313 NaN  -27.0  19.0   c  0.0   1.05 210.89924 54.30499  7279.30  2882.11 3.75 3.57  18.0 -0.439    19.39 21.06 02a57449o0709c -1.578947   False
57458.509881 19.351140 NaN   12.0  19.0   c  0.0   0.94 210.89924 54.30499  8222.14  1590.13 4.31 3.77  15.3 -0.446    19.65 21.70 02a57458o0606c  0.473684    True
57458.513259 19.454622 NaN  -11.0  20.0   c  0.0   0.86 210.89924 54.30499  8508.03  2158.89 4.20 3.90  23.7 -0.426    19.61 21.68 02a57458o0613c -0.700000    8192
57458.536888 19.569016 NaN   -5.0  18.0   c  0.0   1.02 210.89924 54.30499  7380.94  2784.25 4.12 3.83   1.9 -0.402    19.60 21.68 02a57458o0653c -0.444444    True
57458.567769 19.569016 NaN  -14.0  18.0   c  0.0   0.90 210.89924 54.30499  3370.41  7806.79 3.85 3.61 -73.0 -0.421    19.64 21.68 02a57458o0708c -0.944444    True
57488.426551 19.063754 NaN   32.0  19.0   c  0.0   1.05 210.89924 54.30499  8354.51  1662.45 4.31 3.81  20.0 -0.477    19.60 21.59 02a57488o0373c  1.526316   False
57488.444090 19.169763 NaN   21.0  20.0   c  0.0   0.86 210.89924 54.30499  8641.92  2218.90 4.17 3.80  29.6 -0.460    19.60 21.61 02a57488o0405c  0.900000   False
57488.465855 19.510313 NaN    1.0  19.0   c  0.0   0.88 210.89924 54.30499  7519.89  2865.54 4.05 3.72  15.5 -0.446    19.57 21.56 02a57488o0444c -0.105263    True
57488.475297 19.076453 NaN   31.0  19.0   c  0.0   0.94 210.89924 54.30499  3356.44  7798.45 3.98 3.61 -65.1 -0.439    19.55 21.54 02a57488o0460c  1.473684   False
57512.362600 19.014394 NaN   30.0  21.0   c  0.0   0.98 210.89924 54.30499  9542.29  2729.35 4.66 4.15  38.4 -0.435    19.51 21.58 02a57512o0305c  1.285714   False
57512.371077 19.401649 NaN  -13.0  21.0   c  0.0   1.06 210.89924 54.30499  9565.19  2765.65 4.57 4.07  39.8 -0.440    19.53 21.60 02a57512o0322c -0.761905    True
57512.373986 19.454622 NaN    1.0  20.0   c  0.0   1.02 210.89924 54.30499   356.14  2651.27 5.07 3.82 -34.3 -0.412    19.58 21.60 02a57512o0328c -0.100000    True
57512.383392 19.454622 NaN  -14.0  20.0   c  0.0   0.86 210.89924 54.30499   375.99  2688.43 5.10 3.92 -34.1 -0.413    19.54 21.60 02a57512o0347c -0.850000   False
57512.386899 19.155932 NaN   28.0  18.0   c  0.0   1.11 210.89924 54.30499   998.36  7879.02 4.45 3.81 -58.4 -0.429    19.55 21.63 02a57512o0354c  1.388889    True
57512.388945 19.454622 NaN  -28.0  20.0   c  0.0   0.75 210.89924 54.30499   310.12  2611.97 5.16 3.88 -31.6 -0.403    19.57 21.61 02a57512o0358c -1.550000    True
57512.397027 19.569016 NaN  -20.0  18.0   c  0.0   1.15 210.89924 54.30499  1028.84  7759.80 4.38 3.76 -57.8 -0.429    19.55 21.60 02a57512o0374c -1.277778    True
57512.407432 19.367717 NaN   14.0  18.0   c  0.0   1.03 210.89924 54.30499 10221.94  7827.15 4.60 3.71  81.1 -0.426    19.54 21.62 02a57512o0395c  0.611111   False
57512.416849 19.454622 NaN  -23.0  20.0   c  0.0   0.82 210.89924 54.30499  3630.76  8633.07 4.14 3.80 -62.0 -0.410    19.52 21.58 02a57512o0414c -1.300000   False
57515.371866 19.351140 NaN  -18.0  22.0   c  0.0   0.99 210.89924 54.30499  1972.57   485.01 5.36 3.74 -16.0 -0.483    19.58 21.68 02a57515o0321c -0.954545   False
57515.372987 19.128787 NaN  -20.0  27.0   c  0.0   1.06 210.89924 54.30499  7371.76   281.92 5.28 3.91  10.2 -0.491    19.61 21.70 02a57515o0323c -0.851852    True
57515.374441 19.102305 NaN   32.0  18.0   c  0.0   0.96 210.89924 54.30499  8542.30 10115.31 4.30 3.86  75.3 -0.415    19.60 21.66 02a57515o0326c  1.611111    True
57515.383262 19.318728 NaN   17.0  18.0   c  0.0   0.97 210.89924 54.30499  3119.15 10245.81 4.23 3.94 -48.7 -0.400    19.61 21.73 02a57515o0344c  0.777778   False
57515.385734 19.401649 NaN  -27.0  21.0   c  0.0   0.90 210.89924 54.30499  8470.71 10035.76 4.17 3.76  74.3 -0.422    19.61 21.65 02a57515o0348c -1.428571   False
57515.386824 19.569016 NaN  -23.0  18.0   c  0.0   1.10 210.89924 54.30499  3171.24 10330.29 4.28 3.96 -54.5 -0.403    19.61 21.70 02a57515o0350c -1.444444   False
57515.400161 19.454622 NaN  -14.0  20.0   c  0.0   0.79 210.89924 54.30499  3205.73 10210.09 4.17 3.91 -48.7 -0.391    19.61 21.69 02a57515o0376c -0.850000    True
57515.402098 19.401649 NaN    3.0  21.0   c  0.0   0.93 210.89924 54.30499  2054.30   410.81 5.17 3.65 -15.8 -0.484    19.58 21.64 02a57515o0380c  0.000000    True
57515.409082 19.351140 NaN    9.0  20.0   c  0.0   1.19 210.89924 54.30499  2005.55   473.47 5.25 3.65 -14.9 -0.478    19.58 21.61 02a57515o0393c  0.300000   False
57515.410533 19.128787 NaN   24.0  20.0   c  0.0   0.93 210.89924 54.30499  3164.80 10273.76 4.12 3.91 -42.9 -0.393    19.61 21.65 02a57515o0396c  1.050000   False
57545.329395 19.472870 NaN    8.0  18.0   c  0.0   1.06 210.89924 54.30499  1133.43  8137.55 4.40 3.94 -56.1 -0.416    19.59 21.73 02a57545o0190c  0.277778   False
57545.338129 19.401649 NaN    0.0  21.0   c  0.0   0.86 210.89924 54.30499  1120.54  8100.21 4.40 3.93 -61.1 -0.432    19.58 21.75 02a57545o0208c -0.142857    True
57545.345896 19.631075 NaN  -17.0  17.0   c  0.0   1.15 210.89924 54.30499 10334.35  8221.16 4.55 3.63  80.2 -0.431    19.64 21.77 02a57545o0224c -1.176471   False
57545.355107 19.631075 NaN  -23.0  17.0   c  0.0   1.12 210.89924 54.30499  1179.00  8176.02 4.15 3.77 -57.1 -0.430    19.62 21.73 02a57545o0243c -1.529412    True
57545.356559 19.226921 NaN   26.0  17.0   c  0.0   1.30 210.89924 54.30499 10322.47  8183.48 4.65 3.62  82.6 -0.426    19.64 21.79 02a57545o0246c  1.352941   False
57545.358980 19.569016 NaN  -46.0  18.0   c  0.0   0.86 210.89924 54.30499 10379.54  8265.51 4.64 3.65  81.3 -0.435    19.64 21.79 02a57545o0251c -2.722222    True
57545.361400 19.155932 NaN   22.0  20.0   c  0.0   0.90 210.89924 54.30499  1191.91  8058.75 4.39 3.92 -58.1 -0.425    19.56 21.74 02a57545o0256c  0.950000   False
57545.371093 19.351140 NaN  -13.0  22.0   c  0.0   0.88 210.89924 54.30499  1159.26  8119.41 4.36 3.89 -56.8 -0.427    19.46 21.59 02a57545o0276c -0.727273    True
57545.380784 19.351140 NaN  -33.0  22.0   c  0.0   1.20 210.89924 54.30499 10392.21  8152.85 4.68 3.68  80.3 -0.421    19.41 21.51 02a57545o0296c -1.636364   False
57545.390661 19.401649 NaN    6.0  20.0   c  0.0   0.97 210.89924 54.30499 10354.65  8212.67 4.89 3.82  79.3 -0.420    19.52 21.66 02a57545o0315c  0.150000   False
57549.332077 19.454622 NaN  -11.0  20.0   c  0.0   1.22 210.89924 54.30499  2421.71  9663.04 4.08 3.84 -55.4 -0.425    19.44 21.31 02a57549o0078c -0.700000   False
57549.342782 19.051202 NaN   24.0  22.0   c  0.0   0.86 210.89924 54.30499  2411.55  9623.26 4.16 3.87 -54.0 -0.417    19.44 21.33 02a57549o0100c  0.954545   False
57549.359807 19.454622 NaN  -45.0  20.0   c  0.0   0.92 210.89924 54.30499  2467.91  9698.67 4.11 3.83 -48.6 -0.420    19.46 21.36 02a57549o0135c -2.400000    True
57549.367069 19.089302 NaN   21.0  22.0   c  0.0   0.85 210.89924 54.30499  2480.56  9581.89 4.12 3.84 -53.9 -0.424    19.47 21.39 02a57549o0150c  0.818182    True
57549.375839 19.569016 NaN  -21.0  18.0   c  0.0   1.12 210.89924 54.30499  2449.11  9645.59 4.24 3.89 -49.4 -0.416    19.49 21.47 02a57549o0168c -1.333333   False
57581.293250 18.675237 NaN   51.0  25.0   c  0.0   1.07 210.89924 54.30499  3752.08  6900.41 4.16 3.83 -77.0 -0.443    19.01 20.64 02a57581o0088c  1.920000    True
57581.304631 19.256669 NaN   -8.0  24.0   c  0.0   1.07 210.89924 54.30499  3739.48  6859.05 4.12 3.85 -62.1 -0.443    19.01 20.65 02a57581o0111c -0.458333   False
57581.321240 19.169763 NaN   -9.0  26.0   c  0.0   1.00 210.89924 54.30499  3794.91  6933.55 3.97 3.69 -62.8 -0.452    19.00 20.58 02a57581o0145c -0.461538   False
57581.328019 18.574166 NaN   51.0  29.0   c  0.0   0.93 210.89924 54.30499  3807.28  6816.18 3.92 3.63 -72.2 -0.454    19.00 20.57 02a57581o0159c  1.655172   False
57581.338880 18.657725 NaN   50.0  26.0   c  0.0   1.01 210.89924 54.30499  3774.53  6875.16 3.99 3.68 -66.0 -0.453    18.93 20.48 02a57581o0181c  1.807692   False
57605.257770 18.816441 NaN  -31.0  36.0   c  0.0   1.38 210.89924 54.30499  4015.45  6975.19 4.25 3.91  41.5 -0.372    18.85 21.71 02a57605o0052c -0.944444 8388609
57605.266058 18.847027 NaN -116.0  35.0   c  0.0   1.12 210.89924 54.30499  3992.51  6934.62 4.44 4.23  41.9 -0.399    18.84 21.70 02a57605o0066c -3.400000 8388609
57605.277177 18.590371 NaN    4.0  44.0   c  0.0   0.96 210.89924 54.30499  4048.73  7008.09 5.25 5.14  64.6 -0.324    18.70 21.72 02a57605o0085c  0.022727 8388609
57605.290850 19.401649 NaN   -5.0  21.0   c  0.0   1.25 210.89924 54.30499  4072.40  6892.02 4.91 4.71 -64.6 -0.355    19.19 21.41 02a57605o0109c -0.380952 8388609
57605.303123 19.241693 NaN   22.0  18.0   c  0.0   1.10 210.89924 54.30499  4027.08  6947.84 4.12 3.93 -60.1 -0.388    19.35 21.41 02a57605o0133c  1.055556 8388609
57609.251150 18.847027 NaN   27.0  27.0   c  0.0   1.15 210.89924 54.30499  1309.50 10108.00 4.18 3.78 -54.7 -0.425    19.04 20.57 02a57609o0045c  0.888889   False
57609.257024       NaN NaN    NaN   NaN NaN  NaN    NaN       NaN      NaN      NaN      NaN  NaN  NaN   NaN    NaN      NaN   NaN            NaN       NaN   False
57609.260345 19.169763 NaN   -1.0  26.0   c  0.0   0.93 210.89924 54.30499  1285.70 10066.47 4.24 3.88 -54.2 -0.430    19.15 20.84 02a57609o0061c -0.153846    True
57609.274446 19.169763 NaN  -42.0  26.0   c  0.0   0.97 210.89924 54.30499  1340.85 10142.27 4.23 4.00 -55.3 -0.431    19.15 20.86 02a57609o0086c -1.730769   False
57609.275582 15.686107 NaN  262.0 557.0   c  0.0   0.03 210.89924 54.30499 10521.49 10189.99 5.08 4.03  81.4 -0.383    19.23 20.97 02a57609o0088c  0.464991    True
57609.283416 18.806434 NaN   31.0  27.0   c  0.0   0.96 210.89924 54.30499  1352.74 10019.42 4.35 3.86 -54.9 -0.414    19.11 20.83 02a57609o0102c  1.037037    True
57609.293767 19.169763 NaN  -27.0  26.0   c  0.0   1.11 210.89924 54.30499  1316.50 10083.68 4.49 3.94 -54.1 -0.405    19.06 20.79 02a57609o0120c -1.153846   False
57746.613969 19.631075 NaN  -24.0  17.0   c  0.0   1.06 210.89924 54.30499  9603.25  2392.40 4.06 3.81  81.9 -0.422    19.61 21.65 02a57746o0819c -1.588235   False
57746.625461 19.569016 NaN    3.0  18.0   c  0.0   1.06 210.89924 54.30499  9613.63  2432.02 4.08 3.83  80.9 -0.420    19.61 21.63 02a57746o0841c  0.000000   False
57746.627011 19.510313 NaN  -14.0  19.0   c  0.0   0.88 210.89924 54.30499   404.67  2321.47 4.23 4.16 -88.8 -0.368    19.54 21.57 02a57746o0844c -0.894737   False
57746.636855 19.241693 NaN   19.0  19.0   c  0.0   0.91 210.89924 54.30499  9558.09  2359.12 4.24 4.02  81.2 -0.403    19.60 21.66 02a57746o0863c  0.842105    True
57746.638445 19.569016 NaN  -22.0  18.0   c  0.0   0.99 210.89924 54.30499   417.29  2361.66 4.28 4.20  85.9 -0.364    19.56 21.60 02a57746o0866c -1.388889    True
57746.648259 19.384550 NaN   10.0  19.0   c  0.0   0.89 210.89924 54.30499  9544.08  2477.27 4.17 3.92  78.9 -0.407    19.60 21.66 02a57746o0885c  0.368421    True
57746.650355 19.631075 NaN  -30.0  17.0   c  0.0   0.97 210.89924 54.30499   358.51  2279.29 4.15 4.02  85.7 -0.380    19.60 21.59 02a57746o0889c -1.941176    True
57746.659628 19.401649 NaN    2.0  21.0   c  0.0   0.83 210.89924 54.30499  9580.22  2419.02 4.06 3.79  79.8 -0.417    19.52 21.38 02a57746o0907c -0.047619    True
57746.661195 19.401649 NaN    6.0  20.0   c  0.0   1.06 210.89924 54.30499   347.50  2415.80 4.09 3.96  84.2 -0.380    19.40 21.16 02a57746o0910c  0.150000   False
57746.669931 18.431198 NaN   34.0  41.0   c  0.0   1.05 210.89924 54.30499   380.80  2340.20 4.32 4.15  80.0 -0.358    18.45 19.40 02a57746o0927c  0.756098    True
57778.570698 19.401649 NaN   15.0  17.0   c  0.0   1.45 210.89924 54.30499  9094.37 10216.43 4.12 3.71 -88.1 -0.431    19.77 21.82 02a57778o0568c  0.705882   False
57778.576629 19.351140 NaN  -20.0  22.0   c  0.0   0.80 210.89924 54.30499  7869.25   415.16 4.00 3.78  15.2 -0.454    19.75 21.80 02a57778o0578c -1.045455   False
57778.584061 18.967180 NaN   37.0  20.0   c  0.0   0.87 210.89924 54.30499  9107.73 10257.90 4.09 3.68 -88.1 -0.432    19.77 21.81 02a57778o0592c  1.700000    True
57778.589437 19.569016 NaN  -16.0  18.0   c  0.0   0.87 210.89924 54.30499  7881.52   456.06 3.94 3.77  18.2 -0.451    19.77 21.82 02a57778o0602c -1.055556   False
57778.596885 19.436675 NaN    7.0  19.0   c  0.0   1.02 210.89924 54.30499  9050.35 10183.85 4.09 3.74  89.5 -0.433    19.78 21.83 02a57778o0616c  0.210526    True
57778.602290 19.631075 NaN  -29.0  17.0   c  0.0   1.42 210.89924 54.30499  7838.99   380.70 3.95 3.73  15.1 -0.452    19.79 21.85 02a57778o0626c -1.882353   False
57778.609876 19.510313 NaN  -14.0  19.0   c  0.0   0.76 210.89924 54.30499  9028.22 10305.04 4.04 3.68 -88.4 -0.432    19.80 21.86 02a57778o0640c -0.894737    True
57778.615190 19.569016 NaN  -17.0  18.0   c  0.0   1.14 210.89924 54.30499  7818.41   504.36 3.84 3.67  17.8 -0.453    19.81 21.88 02a57778o0650c -1.111111    True
57778.622705 19.569016 NaN   -8.0  18.0   c  0.0   0.98 210.89924 54.30499  9073.71 10245.52 3.98 3.63 -88.9 -0.436    19.82 21.89 02a57778o0664c -0.611111   False
57778.628048 19.454622 NaN  -31.0  20.0   c  0.0   0.93 210.89924 54.30499  7852.53   445.28 3.99 3.81  15.4 -0.447    19.77 21.86 02a57778o0674c -1.700000   False
57782.565439 19.569016 NaN  -42.0  18.0   c  0.0   0.83 210.89924 54.30499  8305.23  1415.00 3.86 3.75  84.3 -0.416    19.82 21.96 02a57782o0717c -2.500000    True
57782.579866 19.318728 NaN   23.0  16.0   c  0.0   0.87 210.89924 54.30499  8327.18  1454.91 3.89 3.75 -88.5 -0.409    19.84 21.99 02a57782o0743c  1.250000   False
57782.593858 19.401649 NaN   15.0  17.0   c  0.0   0.90 210.89924 54.30499  8270.85  1381.86 3.81 3.67  86.8 -0.414    19.88 22.03 02a57782o0769c  0.705882   False
57782.607900 19.454622 NaN  -19.0  20.0   c  0.0   0.71 210.89924 54.30499  8247.89  1505.43 3.93 3.77  83.5 -0.404    19.81 21.96 02a57782o0795c -1.100000   False
57782.621826 19.569016 NaN   -5.0  18.0   c  0.0   0.79 210.89924 54.30499  8296.41  1447.32 3.86 3.71  85.7 -0.415    19.84 21.99 02a57782o0821c -0.444444    True
57786.563706 19.569016 NaN  -11.0  18.0   c  0.0   0.97 210.89924 54.30499  9321.56  9936.11 3.91 3.51 -86.0 -0.427    19.80 21.89 02a57786o0507c -0.777778   False
57786.566299 19.401649 NaN  -31.0  21.0   c  0.0   1.01 210.89924 54.30499  8078.16   136.18 3.89 3.68  12.7 -0.447    19.82 21.92 02a57786o0512c -1.619048    True
57786.576403 19.419021 NaN   14.0  17.0   c  0.0   1.07 210.89924 54.30499  9332.73  9976.41 3.97 3.59 -88.6 -0.418    19.82 21.94 02a57786o0531c  0.647059   False
57786.579012 19.287255 NaN   10.0  21.0   c  0.0   1.01 210.89924 54.30499  8090.43   176.72 3.87 3.68  17.2 -0.448    19.85 21.96 02a57786o0536c  0.333333    True
57786.589214 19.454622 NaN    3.0  20.0   c  0.0   0.90 210.89924 54.30499  9274.54  9900.94 3.94 3.57 -89.9 -0.429    19.83 21.94 02a57786o0555c  0.000000   False
57786.591848 19.351140 NaN    6.0  21.0   c  0.0   0.86 210.89924 54.30499  8034.69   101.02 3.90 3.71  15.5 -0.449    19.68 21.79 02a57786o0560c  0.142857    True
57786.602149 19.226921 NaN   11.0  22.0   c  0.0   1.43 210.89924 54.30499  9251.80 10022.65 3.98 3.64  85.5 -0.434    19.48 21.55 02a57786o0579c  0.363636    True
57786.604786 19.302877 NaN   -7.0  23.0   c  0.0   0.98 210.89924 54.30499  8023.36   222.16 3.88 3.76  19.1 -0.442    19.84 21.98 02a57786o0584c -0.434783    True
57786.615038 19.696897 NaN    3.0  16.0   c  0.0   1.13 210.89924 54.30499  9296.76  9963.93 3.95 3.59  86.1 -0.425    19.78 21.88 02a57786o0603c  0.000000    True
57786.617646 19.401649 NaN    2.0  21.0   c  0.0   0.93 210.89924 54.30499  8057.74   165.60 3.90 3.74  24.8 -0.448    19.84 21.99 02a57786o0608c -0.047619    True
57806.543426 19.569016 NaN  -17.0  18.0   c  0.0   1.04 210.89924 54.30499  9181.01  1318.60 3.85 3.71  60.4 -0.446    19.76 21.82 02a57806o0606c -1.111111   False
57806.546470 19.569016 NaN  -24.0  18.0   c  0.0   0.89 210.89924 54.30499  9207.28  1355.75 3.97 3.84  55.6 -0.429    19.74 21.83 02a57806o0612c -1.500000   False
57806.563479 19.631075 NaN  -15.0  17.0   c  0.0   1.06 210.89924 54.30499  9149.80  1283.02 4.05 3.88  52.6 -0.427    19.76 21.89 02a57806o0643c -1.058824    True
57806.577726 19.510313 NaN  -34.0  19.0   c  0.0   0.97 210.89924 54.30499  9129.43  1402.16 3.91 3.72  65.2 -0.440    19.76 21.84 02a57806o0669c -1.947368   False
57806.591596 19.696897 NaN   -1.0  16.0   c  0.0   1.20 210.89924 54.30499  9179.51  1341.46 3.91 3.71  61.0 -0.439    19.72 21.75 02a57806o0695c -0.250000    True
57834.492888 19.569016 NaN  -17.0  18.0   c  0.0   0.90 210.89924 54.30499  8081.50  3386.57 3.99 3.71  87.7 -0.381    19.07 21.15 02a57834o0443c -1.111111   False
57834.503330 19.454622 NaN    1.0  20.0   c  0.0   1.11 210.89924 54.30499  2401.01  7024.68 3.82 3.69  45.0 -0.427    19.11 21.19 02a57834o0463c -0.100000   False
57834.527024 19.183773 NaN    8.0  24.0   c  0.0   0.90 210.89924 54.30499  2448.35  7100.68 3.82 3.67  46.5 -0.423    19.04 21.02 02a57834o0506c  0.208333   False
57834.542612 19.302877 NaN  -26.0  23.0   c  0.0   0.91 210.89924 54.30499  2467.55  6985.54 4.01 3.88  52.1 -0.407    18.92 20.83 02a57834o0535c -1.260870    True
57834.554663 19.002397 NaN   25.0  23.0   c  0.0   1.06 210.89924 54.30499  2422.45  7046.93 4.05 3.88  49.7 -0.393    18.86 20.73 02a57834o0557c  0.956522   False
57838.492206 19.302877 NaN   -5.0  23.0   c  0.0   0.77 210.89924 54.30499   141.03   574.19 4.44 4.39 -72.7 -0.376    19.01 21.19 02a57838o0454c -0.347826   False
57838.492735 19.128787 NaN   21.0  21.0   c  0.0   1.15 210.89924 54.30499  1503.88 10383.10 4.33 4.18  26.2 -0.384    19.04 21.20 02a57838o0455c  0.857143    True
57838.494486 19.142275 NaN   20.0  21.0   c  0.0   1.11 210.89924 54.30499  9007.28   105.69 4.02 3.88  39.7 -0.447    19.06 21.21 02a57838o0458c  0.809524    True
57838.495005 18.910912 NaN   36.0  22.0   c  0.0   1.06 210.89924 54.30499 10371.98  9917.96 4.46 4.09  80.9 -0.413    19.01 21.18 02a57838o0459c  1.500000    True
57838.505700 19.142275 NaN   20.0  21.0   c  0.0   1.10 210.89924 54.30499 10300.48  9842.75 4.42 4.10  81.9 -0.402    19.02 21.17 02a57838o0479c  0.809524    True
57838.524714 19.569016 NaN  -21.0  18.0   c  0.0   1.08 210.89924 54.30499   199.62   491.00 4.25 4.18 -14.6 -0.374    19.03 21.14 02a57838o0515c -1.333333    True
57838.528687 19.183773 NaN   14.0  22.0   c  0.0   1.20 210.89924 54.30499  1552.82 10298.13 4.13 3.95  18.6 -0.402    19.04 21.15 02a57838o0522c  0.500000   False
57838.541835 19.287255 NaN    7.0  22.0   c  0.0   0.92 210.89924 54.30499  1525.03 10360.64 4.23 3.75   9.1 -0.385    19.03 21.12 02a57838o0547c  0.181818    True
57838.542881 19.256669 NaN   12.0  21.0   c  0.0   0.82 210.89924 54.30499   166.16   546.56 4.09 3.99 -87.7 -0.398    19.06 21.09 02a57838o0549c  0.428571   False
57842.515338 19.384550 NaN    4.0  21.0   c  0.0   1.11 210.89924 54.30499  3848.39  6712.13 4.04 3.91  55.5 -0.397    18.98 21.04 02a57842o0427c  0.047619    True
57842.526432 19.351140 NaN   -7.0  22.0   c  0.0   1.09 210.89924 54.30499  3891.56  6787.81 4.26 4.09  67.3 -0.387    18.93 21.04 02a57842o0448c -0.454545    8192
57842.544005 19.351140 NaN    1.0  22.0   c  0.0   0.87 210.89924 54.30499  3912.65  6667.59 4.12 3.95  75.7 -0.378    18.94 20.97 02a57842o0481c -0.090909    8192
57862.478560 19.510313 NaN    1.0  19.0   c  0.0   1.21 210.89924 54.30499  3540.67  6943.83 3.82 3.70  86.1 -0.396    18.84 20.47 02a57862o0525c -0.105263   False
57862.500554 19.271854 NaN    5.0  23.0   c  0.0   0.73 210.89924 54.30499  3517.77  6903.87 3.78 3.66  86.8 -0.402    18.76 20.25 02a57862o0570c  0.086957   False
57862.510937 19.351140 NaN  -47.0  22.0   c  0.0   1.01 210.89924 54.30499  3574.64  6979.57 3.72 3.61  84.9 -0.412    18.74 20.17 02a57862o0591c -2.272727    True
57862.522570 19.302877 NaN    0.0  23.0   c  0.0   1.09 210.89924 54.30499  3598.61  6861.13 3.74 3.65  72.3 -0.401    18.68 20.07 02a57862o0615c -0.130435   False
57862.530436 19.212347 NaN    9.0  23.0   c  0.0   1.00 210.89924 54.30499  3565.50  6920.03 3.69 3.59  76.4 -0.414    18.67 20.02 02a57862o0631c  0.260870    True
57870.492158 20.207197 NaN  -20.0  10.0   c  0.0   1.00 210.89924 54.30499  1912.72  8587.38 2.42 2.27   7.7 -0.466    19.53 20.68 02a57870o0440c -2.300000   False
57870.509600 20.103715 NaN    1.0  11.0   c  0.0   1.01 210.89924 54.30499  1889.54  8549.44 2.44 2.28   5.8 -0.462    19.48 20.63 02a57870o0473c -0.181818   False
57870.517991 20.009244 NaN   -7.0  12.0   c  0.0   0.71 210.89924 54.30499  1944.82  8621.43 2.45 2.31   7.2 -0.469    19.46 20.60 02a57870o0489c -0.833333   False
57870.530201 20.103715 NaN  -13.0  11.0   c  0.0   0.96 210.89924 54.30499  1970.50  8503.93 2.48 2.35   1.4 -0.461    19.42 20.58 02a57870o0512c -1.454545    True
57870.541671 20.039830 NaN    5.0  11.0   c  0.0   1.24 210.89924 54.30499  1937.74  8561.60 2.47 2.35   0.7 -0.466    19.42 20.55 02a57870o0534c  0.181818   False
57894.386745 19.766969 NaN    6.0  14.0   c  0.0   0.74 210.89924 54.30499  1335.80  9761.59 2.54 2.32 -11.4 -0.464    19.65 21.54 02a57894o0292c  0.214286    8192
57894.416893 20.009244 NaN    3.0  12.0   c  0.0   1.23 210.89924 54.30499  1312.73  9720.85 2.59 2.35 -13.8 -0.468    19.81 21.74 02a57894o0349c  0.000000    True
57894.419529 20.207197 NaN   -4.0  10.0   c  0.0   1.15 210.89924 54.30499  1370.20  9793.12 2.58 2.37  -6.3 -0.467    19.78 21.70 02a57894o0354c -0.700000    8192
57894.441778 19.549093 NaN   25.0  11.0   c  0.0   1.38 210.89924 54.30499  1384.68  9673.28 2.53 2.29  -7.5 -0.473    19.68 21.53 02a57894o0396c  2.000000    True
57894.453543 20.009244 NaN   -5.0  12.0   c  0.0   1.12 210.89924 54.30499  1349.62  9732.42 2.53 2.30  -4.3 -0.474    19.49 21.27 02a57894o0418c -0.666667    True
57898.389114 20.103715 NaN  -13.0  11.0   c  0.0   1.19 210.89924 54.30499  1870.97  8712.13 2.66 2.37  -5.2 -0.481    19.73 21.69 02a57898o0138c -1.454545   False
57898.398663 20.207197 NaN   -2.0  10.0   c  0.0   1.07 210.89924 54.30499  1847.32  8672.14 2.48 2.29  -0.7 -0.503    19.78 21.72 02a57898o0156c -0.500000   False
57898.417223 19.950541 NaN   11.0  10.0   c  0.0   1.56 210.89924 54.30499  1902.84  8745.98 2.59 2.34 -11.9 -0.486    19.75 21.68 02a57898o0191c  0.800000   False
57898.437402 20.207197 NaN  -19.0  10.0   c  0.0   1.29 210.89924 54.30499  1928.77  8625.27 2.46 2.24   2.1 -0.504    19.75 21.62 02a57898o0229c -2.200000   False
57898.446924 20.009244 NaN    6.0  11.0   c  0.0   1.08 210.89924 54.30499  1894.75  8682.73 2.67 2.48   1.7 -0.486    19.69 21.60 02a57898o0247c  0.272727   False
57902.386132 20.103715 NaN   -1.0  11.0   c  0.0   1.09 210.89924 54.30499  4394.60  7523.25 2.52 2.42  -3.7 -0.451    19.81 21.63 02a57902o0297c -0.363636   False
57902.397408 20.321591 NaN  -13.0   9.0   c  0.0   1.59 210.89924 54.30499  4384.08  7483.35 2.57 2.47  -9.2 -0.461    19.77 21.60 02a57902o0319c -1.777778   False
57902.399963 19.950541 NaN    8.0  11.0   c  0.0   1.01 210.89924 54.30499  4430.99  7561.33 2.59 2.45  -2.7 -0.449    19.78 21.58 02a57902o0324c  0.454545    True
57902.422768 20.207197 NaN    0.0  10.0   c  0.0   1.21 210.89924 54.30499  4455.25  7442.28 2.56 2.45  -0.2 -0.463    19.79 21.63 02a57902o0368c -0.300000   False
57902.433611 20.009244 NaN  -14.0  12.0   c  0.0   1.34 210.89924 54.30499  4420.11  7499.07 2.61 2.52  -1.9 -0.455    19.67 21.49 02a57902o0389c -1.416667    True
58020.235926 19.841877 NaN  -14.0  14.0   c  0.0   1.31 210.89924 54.30499  3559.93  3759.95 2.42 2.31 -78.3 -0.409    19.28 20.64 02a58020o0006c -1.214286 8388609
58194.569176 20.009244 NaN   -9.0  12.0   c  0.0   0.65 210.89924 54.30499  2280.34  8876.20 2.55 2.35  22.1 -0.453    19.73 21.58 02a58194o0731c -1.000000    True
58194.580281 20.103715 NaN    6.0  10.0   c  0.0   0.90 210.89924 54.30499  2256.09  8837.84 2.56 2.31  24.9 -0.452    19.75 21.58 02a58194o0749c  0.300000   False
58194.590959 20.103715 NaN   -4.0  11.0   c  0.0   1.25 210.89924 54.30499  2305.96  8910.06 2.63 2.46  14.6 -0.444    19.72 21.58 02a58194o0768c -0.636364   False
58194.602403 19.922338 NaN   12.0  10.0   c  0.0   1.29 210.89924 54.30499  2315.81  8791.12 2.41 2.21  17.2 -0.466    19.75 21.57 02a58194o0786c  0.900000   False
58196.529228 18.526952 NaN  -23.0  47.0   c  0.0   1.07 210.89924 54.30499  4976.88  3693.64 2.58 2.44  19.6 -0.397    17.79 19.73 02a58196o0652c -0.553191    True
58196.535461 20.103715 NaN  -11.0  11.0   c  0.0   0.93 210.89924 54.30499  4945.56  3657.65 2.45 2.31  46.1 -0.411    19.80 21.89 02a58196o0663c -1.272727    8192
58196.543979 17.678623 NaN   20.0  97.0   c  0.0   1.05 210.89924 54.30499  5001.46  3732.87 2.45 2.34  37.9 -0.438    16.95 18.82 02a58196o0680c  0.175258    8192
58251.578978 20.207197 NaN  -11.0  10.0   c  0.0   1.83 210.89924 54.30499  4145.13  3772.14 2.73 2.54 -52.9 -0.388    19.50 21.34 02a58251o0733c -1.400000    8192
58251.587115 20.009244 NaN   -9.0  12.0   c  0.0   1.08 210.89924 54.30499  4144.40  3776.13 2.83 2.62 -51.2 -0.378    19.45 21.26 02a58251o0749c -1.000000    8192
58251.594640 19.436675 NaN   22.0  14.0   c  0.0   0.72 210.89924 54.30499  4132.84  3779.73 2.68 2.55 -50.4 -0.388    19.43 21.20 02a58251o0764c  1.357143    True
58251.602316 19.696897 NaN    2.0  16.0   c  0.0   0.81 210.89924 54.30499  4142.84  3782.47 3.00 2.79 -53.4 -0.380    19.28 21.09 02a58251o0779c -0.062500    True
58252.572007 19.922338 NaN   -8.0  13.0   c  0.0   1.09 210.89924 54.30499  4144.60  3768.26 2.58 2.45 -49.9 -0.394    19.44 21.13 02a58252o0684c -0.846154    True
58252.582264 20.009244 NaN    2.0  12.0   c  0.0   0.93 210.89924 54.30499  4143.62  3773.51 2.51 2.40 -48.7 -0.402    19.46 21.08 02a58252o0703c -0.083333    True
58252.589663 19.868040 NaN    8.0  12.0   c  0.0   0.85 210.89924 54.30499  4131.87  3776.81 2.54 2.45 -46.8 -0.398    19.40 21.05 02a58252o0718c  0.416667    8192
58252.598499 19.841877 NaN  -14.0  14.0   c  0.0   0.94 210.89924 54.30499  4142.99  3779.86 2.49 2.40 -53.0 -0.398    19.37 20.99 02a58252o0735c -1.214286    8192
58256.417856 18.684100 NaN   11.0  38.0   c  0.0   0.14 210.89924 54.30499  3214.19  5365.17 2.37 2.34 -16.2 -0.425    19.82 21.77 02a58256o0256c  0.210526   False
58256.432475 19.816329 NaN   16.0  10.0   c  0.0   1.10 210.89924 54.30499  3192.17  5324.70 2.41 2.41  20.9 -0.424    19.76 21.79 02a58256o0287c  1.300000   False
58256.449876 20.071303 NaN   10.0   9.0   c  0.0   1.51 210.89924 54.30499  3248.26  5400.81 2.34 2.31  11.3 -0.431    19.80 21.75 02a58256o0324c  0.777778   False
58256.458792 20.321591 NaN    3.0   9.0   c  0.0   1.12 210.89924 54.30499  3272.17  5281.68 2.38 2.30  39.7 -0.425    19.79 21.74 02a58256o0343c  0.000000    True
58280.393689 20.321591 NaN  -11.0   9.0   c  0.0   1.18 210.89924 54.30499  5378.42  4885.97 2.45 2.41 -69.3 -0.419    19.75 21.71 02a58280o0323c -1.555556   False
58280.407270 20.009244 NaN   -2.0  12.0   c  0.0   0.85 210.89924 54.30499  5368.12  4849.86 2.53 2.51  54.8 -0.412    19.67 21.62 02a58280o0352c -0.416667   False
58280.414598 19.894850 NaN    4.0  13.0   c  0.0   0.99 210.89924 54.30499  5423.48  4923.66 2.44 2.41  54.2 -0.422    19.45 21.31 02a58280o0368c  0.076923   False
58280.424534 20.071303 NaN    4.0  11.0   c  0.0   0.87 210.89924 54.30499  5434.63  4811.32 2.42 2.38  53.6 -0.418    19.72 21.59 02a58280o0389c  0.090909   False
58284.387122 20.207197 NaN   -4.0  10.0   c  0.0   1.52 210.89924 54.30499  2851.21  5636.42 2.36 2.30   0.6 -0.420    19.59 21.41 02a58284o0307c -0.700000   False
58284.391741 20.071303 NaN    4.0  11.0   c  0.0   0.93 210.89924 54.30499  2825.66  5597.87 2.35 2.29   3.9 -0.422    19.62 21.46 02a58284o0317c  0.090909   False
58284.403480 20.103715 NaN  -14.0  11.0   c  0.0   0.90 210.89924 54.30499  2884.18  5675.39 2.40 2.34  20.6 -0.428    19.67 21.53 02a58284o0342c -1.545455   False
58284.411716 19.510313 NaN   24.0  12.0   c  0.0   0.82 210.89924 54.30499  2905.50  5554.81 2.44 2.38  21.9 -0.431    19.70 21.54 02a58284o0360c  1.750000   False
58308.365311 19.950541 NaN   14.0   9.0   c  0.0   1.57 210.89924 54.30499  5590.13  3906.19 2.75 2.47 -51.2 -0.410    19.67 21.59 02a58308o0015c  1.222222    8192
58308.374538 19.922338 NaN    9.0  11.0   c  0.0   1.21 210.89924 54.30499  5611.57  3787.70 2.67 2.48 -52.0 -0.409    19.64 21.54 02a58308o0035c  0.545455    8192
58312.333401 20.321591 NaN   -1.0   9.0   c  0.0   1.03 210.89924 54.30499  5141.00  3944.91 2.52 2.35 -53.8 -0.416    19.75 21.63 02a58312o0193c -0.444444   False
58312.339561 20.321591 NaN   -6.0   9.0   c  0.0   1.35 210.89924 54.30499  5115.80  3904.56 2.69 2.43 -54.7 -0.407    19.71 21.63 02a58312o0206c -1.000000   False
58312.349040 20.207197 NaN   -7.0  10.0   c  0.0   1.27 210.89924 54.30499  5173.17  3981.24 2.58 2.48 -50.9 -0.410    19.67 21.61 02a58312o0226c -1.000000   False
58312.361108 20.009244 NaN    6.0  11.0   c  0.0   0.89 210.89924 54.30499  5195.40  3863.82 2.53 2.47 -50.2 -0.409    19.68 21.58 02a58312o0252c  0.272727   False
58316.328042 19.696897 NaN    9.0  14.0   c  0.0   0.90 210.89924 54.30499  3279.91  3424.80 3.09 2.96 -62.0 -0.381    19.36 21.19 02a58316o0183c  0.428571    True
58316.337992 19.922338 NaN    2.0  13.0   c  0.0   1.14 210.89924 54.30499  3268.91  3383.76 3.05 3.00  68.6 -0.366    19.34 21.27 02a58316o0204c -0.076923    True
58316.346903 19.922338 NaN  -10.0  13.0   c  0.0   0.88 210.89924 54.30499  3324.47  3459.19 2.82 2.80  35.7 -0.378    19.44 21.34 02a58316o0223c -1.000000    8192
58316.359453 19.841877 NaN  -37.0  14.0   c  0.0   0.89 210.89924 54.30499  3346.51  3341.77 3.39 3.33 -52.7 -0.357    19.31 21.41 02a58316o0250c -2.857143    True
58344.281357 19.922338 NaN   -4.0  13.0   c  0.0   0.95 210.89924 54.30499  3999.52  2669.27 2.61 2.40 -55.2 -0.387    19.46 21.13 02a58344o0108c -0.538462   False
58344.290487 20.009244 NaN  -16.0  12.0   c  0.0   1.18 210.89924 54.30499  3988.41  2629.99 2.74 2.55 -63.1 -0.394    19.41 21.10 02a58344o0127c -1.583333    True
58344.299671 19.766969 NaN  -15.0  15.0   c  0.0   0.95 210.89924 54.30499  4044.74  2705.95 2.67 2.48 -55.6 -0.384    19.08 20.79 02a58344o0146c -1.200000   False
58344.308612 20.103715 NaN   -9.0  11.0   c  0.0   1.16 210.89924 54.30499  4066.43  2583.73 2.62 2.50 -52.1 -0.392    19.43 21.14 02a58344o0165c -1.090909   False
58376.224249 19.454622 NaN  -60.0  20.0   c  0.0   1.39 210.89924 54.30499  5683.09  2158.87 2.62 2.39 -58.6 -0.397    18.75 19.69 02a58376o0028c -3.150000    True
58376.230043 19.454622 NaN  -22.0  20.0   c  0.0   1.07 210.89924 54.30499  5671.42  2119.01 2.56 2.41 -64.0 -0.391    18.99 20.12 02a58376o0040c -1.250000    8192
58376.238331 19.696897 NaN  -21.0  16.0   c  0.0   1.39 210.89924 54.30499  5726.33  2221.44 2.68 2.50 -61.1 -0.388    19.11 20.35 02a58376o0057c -1.500000    True
58376.247461 19.436675 NaN    4.0  20.0   c  0.0   0.95 210.89924 54.30499  5749.66  2094.95 2.89 2.78 -67.8 -0.379    19.00 20.36 02a58376o0076c  0.050000    8192
58520.663770 19.841877 NaN   -4.0  14.0   c  0.0   0.78 210.89924 54.30499  4416.80  7825.34 2.59 2.36  19.3 -0.464    19.68 21.60 02a58520o0274c -0.857143    8192
58520.673685 18.702047 NaN   38.0  30.0   c  0.0   1.56 210.89924 54.30499  4391.21  7785.53 2.64 2.45  19.8 -0.473    18.45 19.41 02a58520o0295c  1.000000    8192
58576.556729 20.009244 NaN    0.0  12.0   c  0.0   1.06 210.89924 54.30499  7723.92    89.66 2.48 2.09 -59.9 -0.404    19.78 21.80 02a58576o0718c -0.666667    True
58576.558102 20.207197 NaN    1.0  10.0   c  0.0   1.29 210.89924 54.30499  7990.68  9827.14 2.67 2.50 -64.7 -0.402    19.80 21.82 02a58576o0721c -0.700000   False
58576.570795 19.950541 NaN   10.0  12.0   c  0.0   0.85 210.89924 54.30499  7966.31  9786.07 2.75 2.52 -54.5 -0.414    19.76 21.80 02a58576o0748c  0.166667   False
58576.571708 19.076453 NaN   27.0  22.0   c  0.0   0.98 210.89924 54.30499  7700.63    47.98 2.55 2.17 -54.5 -0.392    19.74 21.77 02a58576o0750c  0.863636   False
58576.577207 19.696897 NaN   -7.0  16.0   c  0.0   0.74 210.89924 54.30499  7766.14   127.83 2.57 2.18 -55.4 -0.420    19.76 21.75 02a58576o0762c -0.937500   False
58576.578589 20.009244 NaN   -3.0  12.0   c  0.0   0.87 210.89924 54.30499  8021.43  9866.82 2.83 2.48 -54.2 -0.408    19.73 21.78 02a58576o0765c -0.916667   False
58576.591620 19.922338 NaN  -22.0  13.0   c  0.0   0.93 210.89924 54.30499  8042.02  9749.62 2.90 2.51 -53.6 -0.400    19.67 21.74 02a58576o0792c -2.307692   False
58580.533459 20.039830 NaN   10.0  11.0   c  0.0   0.96 210.89924 54.30499  7602.67  7864.01 2.64 2.49  45.0 -0.407    19.60 21.43 02a58580o0667c  0.181818    True
58580.553444 20.103715 NaN   -1.0  11.0   c  0.0   1.09 210.89924 54.30499  7635.62  7902.22 2.56 2.54  81.4 -0.405    19.66 21.40 02a58580o0709c -0.818182    8192
58580.565220 19.979496 NaN   12.0  11.0   c  0.0   1.50 210.89924 54.30499  7656.73  7784.44 2.60 2.53  67.7 -0.409    19.59 21.37 02a58580o0734c  0.363636    8192
58604.470220 20.103715 NaN    1.0  11.0   c  0.0   0.84 210.89924 54.30499  7328.86  3983.57 2.37 2.30  44.9 -0.399    19.60 21.61 02a58604o0438c -0.636364   False
58604.485174 20.321591 NaN   -1.0   9.0   c  0.0   1.46 210.89924 54.30499  7305.75  3944.29 2.38 2.30 -64.6 -0.409    19.59 21.62 02a58604o0470c -1.000000   False
58604.494705 20.207197 NaN    0.0  10.0   c  0.0   1.34 210.89924 54.30499  7359.47  4019.33 2.41 2.38  49.7 -0.404    19.60 21.58 02a58604o0490c -0.800000   False
58604.501777 20.103715 NaN   -7.0  11.0   c  0.0   1.39 210.89924 54.30499  7381.96  3905.71 2.48 2.38 -61.4 -0.399    19.53 21.55 02a58604o0505c -1.363636   False
58612.399959 20.103715 NaN  -10.0  11.0   c  0.0   0.94 210.89924 54.30499  9098.76  6879.73 2.56 2.46  58.9 -0.422    19.76 21.60 02a58612o0365c -1.636364   False
58612.401822 20.009244 NaN    6.0  12.0   c  0.0   1.13 210.89924 54.30499  9079.06  6840.00 2.56 2.46  57.8 -0.407    19.79 21.60 02a58612o0369c -0.166667   False
58612.407474 20.009244 NaN   -2.0  12.0   c  0.0   1.13 210.89924 54.30499  9135.26  6919.72 2.57 2.48  79.9 -0.421    19.76 21.61 02a58612o0381c -0.833333   False
58612.432540 19.841877 NaN   -1.0  14.0   c  0.0   0.64 210.89924 54.30499  9144.89  6802.22 2.59 2.47  48.0 -0.462    19.78 21.63 02a58612o0433c -0.642857   False
58636.335628 20.039830 NaN   13.0  10.0   c  0.0   1.58 210.89924 54.30499  1810.52  7493.06 2.48 2.37 -16.3 -0.429    19.71 21.76 02a58636o0227c  0.500000   False
58636.341238 20.321591 NaN    3.0   9.0   c  0.0   1.29 210.89924 54.30499  8768.76  3038.91 2.37 2.26 -63.6 -0.422    19.80 21.76 02a58636o0239c -0.555556   False
58636.347261 20.009244 NaN   11.0  11.0   c  0.0   0.84 210.89924 54.30499  8832.91  3128.35 2.44 2.24 -62.2 -0.411    19.80 21.77 02a58636o0252c  0.272727   False
58636.365477 20.207197 NaN   -5.0  10.0   c  0.0   1.34 210.89924 54.30499  8847.33  3008.83 2.46 2.24 -63.5 -0.412    19.75 21.70 02a58636o0291c -1.300000   False
58664.300439 20.207197 NaN    5.0  10.0   c  0.0   1.21 210.89924 54.30499  2508.51  1196.29 2.38 2.29 -65.4 -0.435    19.78 21.60 02a58664o0137c -0.300000    True
58664.303183 20.103715 NaN   -2.0  11.0   c  0.0   1.03 210.89924 54.30499  2487.48  1157.38 2.42 2.27 -59.9 -0.420    19.81 21.61 02a58664o0143c -0.909091    8192
58664.308728 20.207197 NaN    0.0  10.0   c  0.0   1.36 210.89924 54.30499  2545.16  1231.11 2.35 2.27 -78.0 -0.405    19.80 21.64 02a58664o0155c -0.800000    8192
58664.318819 20.009244 NaN  -18.0  12.0   c  0.0   0.71 210.89924 54.30499  2565.74  1113.11 2.35 2.23 -75.2 -0.432    19.82 21.68 02a58664o0177c -2.166667    True
58668.360430 20.009244 NaN  -11.0  12.0   c  0.0   0.84 210.89924 54.30499  6987.64  4767.18 2.58 2.30  40.7 -0.393    19.70 21.53 02a58668o0259c -1.583333   False
58668.363476 19.419021 NaN   28.0  14.0   c  0.0   1.11 210.89924 54.30499  6968.02  4726.95 2.61 2.25  40.7 -0.572    19.74 21.50 02a58668o0265c  1.428571   False
58668.370013 19.922338 NaN  -13.0  13.0   c  0.0   0.97 210.89924 54.30499  7023.43  4803.25 2.68 2.25  39.4 -0.390    19.70 21.46 02a58668o0279c -1.615385   False
58668.381748 19.894850 NaN   12.0  12.0   c  0.0   0.98 210.89924 54.30499  7042.68  4685.04 2.56 2.27  38.1 -0.387    19.72 21.46 02a58668o0304c  0.333333   False
58692.299708 20.321591 NaN   -3.0   9.0   c  0.0   1.52 210.89924 54.30499  8893.62  5211.84 2.65 2.49  41.4 -0.392    19.68 21.66 02a58692o0140c -1.222222   False
58692.302589 20.103715 NaN   -5.0  11.0   c  0.0   0.97 210.89924 54.30499  8873.40  5171.78 2.64 2.45  38.0 -0.389    19.70 21.66 02a58692o0146c -1.181818   False
58692.308687 20.103715 NaN  -10.0  11.0   c  0.0   0.77 210.89924 54.30499  8929.03  5251.33 2.53 2.46  53.8 -0.394    19.67 21.63 02a58692o0157c -1.636364   False
58692.318540 20.103715 NaN  -10.0  11.0   c  0.0   1.05 210.89924 54.30499  8947.58  5134.90 2.56 2.44  41.4 -0.392    19.70 21.60 02a58692o0178c -1.636364   False
58696.259275 20.207197 NaN    2.0  10.0   c  0.0   1.19 210.89924 54.30499  8900.07  5214.99 2.77 2.47 -64.3 -0.398    19.61 21.39 02a58696o0060c -0.600000   False
58696.263160 20.103715 NaN    3.0  11.0   c  0.0   0.78 210.89924 54.30499  8879.20  5174.56 2.89 2.48 -64.6 -0.397    19.64 21.51 02a58696o0068c -0.454545   False
58696.268990 20.207197 NaN    2.0  10.0   c  0.0   1.04 210.89924 54.30499  8936.04  5254.62 2.87 2.52 -64.2 -0.401    19.66 21.57 02a58696o0080c -0.600000   False
58696.279054 20.103715 NaN    5.0  11.0   c  0.0   1.13 210.89924 54.30499  8951.99  5144.99 3.00 2.56 -63.9 -0.397    19.61 21.57 02a58696o0101c -0.272727   False
58700.300639 20.009244 NaN   -9.0  12.0   c  0.0   1.26 210.89924 54.30499  3356.47  7085.65 2.45 2.42   8.1 -0.386    19.55 21.20 02a58700o0151c -1.416667   False
58700.303953 20.009244 NaN  -20.0  12.0   c  0.0   1.15 210.89924 54.30499  3337.76  7045.62 2.38 2.34   0.0 -0.391    19.59 21.19 02a58700o0158c -2.333333    True
58700.310446 19.549093 NaN   24.0  13.0   c  0.0   1.00 210.89924 54.30499  3393.83  7123.63 2.48 2.37  26.6 -0.380    19.54 21.19 02a58700o0172c  1.230769   False
58700.320640 19.922338 NaN    0.0  13.0   c  0.0   0.97 210.89924 54.30499  3413.55  7004.71 2.44 2.40   0.6 -0.389    19.55 21.17 02a58700o0194c -0.615385   False
58708.299948 18.304885 NaN   70.0  37.0   c  0.0   1.18 210.89924 54.30499  4779.57  3195.82 2.87 2.31  41.7 -0.386    18.22 19.07 02a58708o0161c  1.675676    True
58708.302750 18.504094 NaN  -38.0  48.0   c  0.0   1.11 210.89924 54.30499  4758.51  3157.17 2.82 2.29  42.5 -0.398    18.06 18.90 02a58708o0167c -0.958333   False
58708.309789 18.304885 NaN   58.0  41.0   c  0.0   1.08 210.89924 54.30499  4818.39  3236.19 2.95 2.35  42.2 -0.375    17.75 18.71 02a58708o0182c  1.219512   False
58708.319771 18.847027 NaN  -37.0  35.0   c  0.0   1.07 210.89924 54.30499  4839.78  3117.63 2.71 2.33  39.5 -0.400    18.16 18.98 02a58708o0203c -1.285714   False
58724.254212 19.491430 NaN   30.0  12.0   c  0.0   1.29 210.89924 54.30499  5051.18  4838.47 2.75 2.32  34.3 -0.404    19.58 21.32 02a58724o0081c  1.833333    True
58724.257423 19.922338 NaN   -5.0  13.0   c  0.0   0.94 210.89924 54.30499  5032.69  4800.22 2.64 2.29  38.4 -0.401    19.54 21.31 02a58724o0088c -1.000000   False
58724.263511 20.009244 NaN  -10.0  12.0   c  0.0   0.94 210.89924 54.30499  5087.83  4876.08 2.76 2.32  36.7 -0.394    19.50 21.30 02a58724o0101c -1.500000   False
58724.275107 19.674510 NaN   21.0  12.0   c  0.0   1.07 210.89924 54.30499  5108.66  4762.41 2.72 2.32  36.3 -0.394    19.49 21.25 02a58724o0126c  1.083333   False
58872.552407 19.719755 NaN   25.0  10.0   c  0.0   1.39 210.89924 54.30499  3581.84  5807.01 2.53 2.32  44.0 -0.392    19.85 22.00 02a58872o0760c  1.700000   False
58872.555279 19.631075 NaN   26.0  11.0   c  0.0   0.90 210.89924 54.30499  3603.91  5844.83 2.36 2.33 -56.3 -0.411    19.81 21.99 02a58872o0766c  1.636364   False
58872.561131 20.137125 NaN   10.0  10.0   c  0.0   1.23 210.89924 54.30499  3546.39  5765.65 2.35 2.31 -49.2 -0.410    19.84 21.99 02a58872o0778c  0.200000   False
58872.571799 20.207197 NaN    8.0  10.0   c  0.0   1.14 210.89924 54.30499  3515.81  5886.14 2.52 2.31  40.8 -0.393    19.84 22.02 02a58872o0799c  0.000000   False
58876.651589 20.103715 NaN   -3.0  11.0   c  0.0   0.92 210.89924 54.30499  1941.91  9653.54 2.41 2.33 -38.3 -0.427    19.70 21.82 02a58876o0927c -1.000000    8192
58876.655266 19.569016 NaN    8.0  18.0   c  0.0   0.76 210.89924 54.30499  1961.08  9692.40 2.50 2.37 -43.4 -0.418    19.31 21.31 02a58876o0935c  0.000000    True
58876.662978 19.696897 NaN    8.0  16.0   c  0.0   0.91 210.89924 54.30499  1903.41  9613.35 2.45 2.31 -39.6 -0.420    19.30 21.14 02a58876o0951c  0.000000    True
58876.669196 19.014394 NaN  -24.0  30.0   c  0.0   1.10 210.89924 54.30499  1882.35  9729.85 2.46 2.31 -35.3 -0.428    18.50 19.82 02a58876o0963c -1.066667    True
58884.593779 20.207197 NaN  -19.0  10.0   c  0.0   0.79 210.89924 54.30499  5070.56  1959.07 2.50 2.27  50.2 -0.395    19.82 21.99 02a58884o0827c -1.800000   False
58884.596741 20.171596 NaN    6.0   8.0   c  0.0   1.62 210.89924 54.30499  5095.30  1994.53 2.44 2.20 -61.5 -0.403    19.85 21.98 02a58884o0833c  0.875000    True
58884.605408 20.207197 NaN   -2.0  10.0   c  0.0   1.05 210.89924 54.30499  5040.10  1918.13 2.47 2.26 -62.8 -0.401    19.81 21.98 02a58884o0851c -0.100000   False
58884.615927 20.449472 NaN   -5.0   8.0   c  0.0   1.02 210.89924 54.30499  5018.48  2036.91 2.43 2.26  52.2 -0.400    19.81 21.99 02a58884o0873c -0.500000   False
58900.591861 19.472870 NaN   19.0  13.0   c  0.0   0.83 210.89924 54.30499  7232.32  3498.08 2.54 2.48  70.2 -0.387    19.55 21.59 02a58900o0772c  1.538462   False
58900.593725 19.868040 NaN    4.0  12.0   c  0.0   1.14 210.89924 54.30499  7254.33  3529.87 2.56 2.43 -67.9 -0.391    19.32 21.32 02a58900o0776c  0.416667   False
58900.597390 19.334813 NaN   18.0  16.0   c  0.0   0.93 210.89924 54.30499  7196.32  3458.26 2.87 2.78 -67.6 -0.395    19.29 21.41 02a58900o0783c  1.187500   False
58900.608099 20.009244 NaN   -5.0  12.0   c  0.0   1.16 210.89924 54.30499  3408.47  7006.26 2.76 2.65 -56.4 -0.386    19.52 21.66 02a58900o0803c -0.333333   False
58932.513609 19.979496 NaN    3.0  11.0   c  0.0   1.33 210.89924 54.30499  3637.81  8740.43 2.66 2.33 -51.9 -0.412    19.73 21.71 02a58932o0633c  0.363636    True
58932.516828 20.207197 NaN  -27.0  10.0   c  0.0   1.42 210.89924 54.30499  3618.98  8701.03 2.70 2.37 -52.4 -0.412    19.70 21.70 02a58932o0640c -2.600000   False
58932.522331 20.009244 NaN  -19.0  12.0   c  0.0   0.89 210.89924 54.30499  3673.77  8776.76 2.66 2.29 -51.7 -0.416    19.71 21.69 02a58932o0652c -1.500000   False
58932.532128 19.609992 NaN   15.0  12.0   c  0.0   1.03 210.89924 54.30499  3692.33  8659.59 2.64 2.33 -52.4 -0.413    19.72 21.67 02a58932o0673c  1.333333   False
58956.480280 19.950541 NaN    4.0  11.0   c  0.0   0.90 210.89924 54.30499   407.45  1391.53 2.72 2.33 -57.7 -0.410    19.70 21.69 02a58956o0530c  0.454545   False
58956.483493 20.071303 NaN    3.0  10.0   c  0.0   0.96 210.89924 54.30499   386.89  1352.66 2.74 2.36 -59.2 -0.412    19.68 21.70 02a58956o0537c  0.400000   False
58956.489223 20.071303 NaN    0.0  11.0   c  0.0   1.04 210.89924 54.30499   446.71  1422.29 2.73 2.35 -57.9 -0.413    19.70 21.68 02a58956o0549c  0.090909   False
58956.499532 20.321591 NaN   -9.0   9.0   c  0.0   1.55 210.89924 54.30499   466.67  1301.07 2.77 2.39 -59.4 -0.415    19.66 21.63 02a58956o0570c -0.888889   False
58960.425104 19.841877 NaN  -15.0  14.0   c  0.0   0.85 210.89924 54.30499 10180.34  9186.02 2.96 2.81  45.3 -0.374    19.66 21.55 02a58960o0416c -1.000000   False
58960.428590 20.171596 NaN    0.0  10.0   c  0.0   0.91 210.89924 54.30499   378.82  1356.34 2.56 2.33 -59.1 -0.412    19.70 21.56 02a58960o0423c  0.100000   False
58960.434799 20.207197 NaN    5.0   8.0   c  0.0   1.83 210.89924 54.30499   439.49  1426.93 2.48 2.33 -57.7 -0.416    19.72 21.56 02a58960o0436c  0.750000   False
58960.471580 20.207197 NaN   -3.0  10.0   c  0.0   1.37 210.89924 54.30499   464.99  1303.48 2.37 2.29  76.4 -0.420    19.72 21.63 02a58960o0459c -0.200000   False
58964.430982 19.212347 NaN  -11.0  25.0   c  0.0   1.34 210.89924 54.30499  7143.41  6899.95 2.52 2.46 -82.3 -0.404    18.74 20.40 02a58964o0427c -0.400000   False
58964.434180 18.623526 NaN  -67.0  43.0   c  0.0   1.11 210.89924 54.30499  7124.71  6860.38 2.54 2.51  85.1 -0.397    18.18 19.79 02a58964o0434c -1.534884   False
58964.440185 19.212347 NaN    8.0  22.0   c  0.0   0.81 210.89924 54.30499  7180.93  6939.85 2.64 2.59 -70.5 -0.392    19.01 20.86 02a58964o0447c  0.409091    True
58964.475522 20.009244 NaN    8.0   9.0   c  0.0   1.69 210.89924 54.30499  7196.59  6824.51 2.63 2.56  42.3 -0.395    19.59 21.44 02a58964o0523c  1.000000   False
58984.385056 20.321591 NaN  -19.0   9.0   c  0.0   1.50 210.89924 54.30499  1475.05  6775.62 2.37 2.24  11.5 -0.404    19.75 21.72 02a58984o0250c -2.000000   False
58984.388259 20.207197 NaN   -4.0  10.0   c  0.0   1.26 210.89924 54.30499  1456.71  6734.88 2.37 2.20 -51.0 -0.414    19.79 21.70 02a58984o0257c -0.300000   False
58984.393747 20.137125 NaN    1.0  10.0   c  0.0   1.38 210.89924 54.30499  1514.49  6811.72 2.38 2.21 -48.2 -0.420    19.78 21.71 02a58984o0269c  0.200000   False
58984.404468 20.071303 NaN    9.0   8.0   c  0.0   1.19 210.89924 54.30499  1539.83  6694.05 2.37 2.20 -45.8 -0.416    19.79 21.73 02a58984o0290c  1.250000   False
58988.407142 20.207197 NaN   -6.0  10.0   c  0.0   1.17 210.89924 54.30499  6742.40  3111.71 2.59 2.29  35.5 -0.390    19.71 21.63 02a58988o0375c -0.500000   False
58988.410344 20.103715 NaN  -16.0  11.0   c  0.0   0.83 210.89924 54.30499  6725.13  3073.06 2.44 2.34  35.1 -0.395    19.73 21.61 02a58988o0382c -1.363636   False
58988.415874 20.207197 NaN   -3.0  10.0   c  0.0   1.29 210.89924 54.30499  6782.82  3149.70 2.44 2.31  38.5 -0.393    19.70 21.59 02a58988o0394c -0.200000   False
58988.427368 20.071303 NaN    0.0  11.0   c  0.0   0.93 210.89924 54.30499  6807.39  3036.73 2.36 2.34  83.1 -0.396    19.72 21.59 02a58988o0419c  0.090909   False
58992.358373 20.449472 NaN  -10.0   8.0   c  0.0   1.57 210.89924 54.30499  6748.78  3119.05 2.63 2.41  33.3 -0.389    19.73 21.75 02a58992o0269c -1.125000   False
58992.361575 19.894850 NaN    9.0  10.0   c  0.0   1.33 210.89924 54.30499  6728.85  3079.18 2.55 2.36  32.6 -0.393    19.72 21.74 02a58992o0276c  1.000000   False
58992.367526 20.207197 NaN  -15.0  10.0   c  0.0   1.10 210.89924 54.30499  6787.32  3156.81 2.59 2.40  31.5 -0.386    19.74 21.75 02a58992o0289c -1.400000   False
58992.401785 19.743105 NaN   12.0  11.0   c  0.0   0.74 210.89924 54.30499  6804.05  3037.75 2.63 2.38  29.0 -0.384    19.70 21.75 02a58992o0362c  1.181818   False
59011.354173 19.979496 NaN    0.0  12.0   c  0.0   0.81 210.89924 54.30499  9050.86  6875.09 3.00 2.95  57.0 -0.382    19.64 21.96 02a59011o0241c  0.083333    8192
59011.357398 20.009244 NaN   -2.0  12.0   c  0.0   1.08 210.89924 54.30499  9029.34  6829.47 2.93 2.86  55.9 -0.384    19.67 21.95 02a59011o0248c -0.083333    True
59011.363858 19.589310 NaN   19.0  11.0   c  0.0   0.91 210.89924 54.30499  9085.99  6910.60 2.94 2.90  49.0 -0.385    19.68 21.95 02a59011o0262c  1.818182    True
59011.384568 20.009244 NaN  -14.0  12.0   c  0.0   1.30 210.89924 54.30499  9097.83  6792.01 3.91 3.56  31.1 -0.330    19.44 21.95 02a59011o0306c -1.083333    True
59015.333919 19.696897 NaN   17.0  10.0   c  0.0   1.16 210.89924 54.30499  9050.01  6869.60 2.65 2.57  58.2 -0.399    19.78 21.91 02a59015o0200c  1.800000    True
59015.337583 20.103715 NaN    5.0   9.0   c  0.0   1.56 210.89924 54.30499  9031.21  6828.72 2.63 2.55  64.1 -0.398    19.79 21.90 02a59015o0208c  0.666667    True
59015.343104 19.894850 NaN    9.0  10.0   c  0.0   1.00 210.89924 54.30499  9084.98  6909.62 2.76 2.45  36.0 -0.390    19.78 21.90 02a59015o0220c  1.000000    8192
59015.354141 19.743105 NaN   15.0  10.0   c  0.0   1.34 210.89924 54.30499  9104.08  6795.03 2.69 2.59  68.1 -0.396    19.76 21.87 02a59015o0244c  1.600000    8192
59020.330908 20.207197 NaN   -3.0  10.0   c  0.0   1.00 210.89924 54.30499  6578.45   969.48 2.45 2.32 -69.3 -0.404    19.50 21.38 02a59020o0132c -0.200000   False
59020.334109 20.207197 NaN  -10.0  10.0   c  0.0   0.77 210.89924 54.30499  6557.88   929.25 2.44 2.30 -64.0 -0.401    19.75 21.74 02a59020o0139c -0.900000   False
59020.341236 19.950541 NaN    1.0  12.0   c  0.0   0.59 210.89924 54.30499  6617.61  1010.14 2.54 2.42  88.2 -0.392    19.60 21.65 02a59020o0154c  0.166667   False
59020.352367 19.841877 NaN  -22.0  14.0   c  0.0   1.28 210.89924 54.30499  6636.63   886.88 2.36 2.31 -82.7 -0.405    19.43 21.35 02a59020o0178c -1.500000   False
59040.285251 20.009244 NaN   -4.0  12.0   c  0.0   1.09 210.89924 54.30499  8751.69  3083.09 2.87 2.73 -61.8 -0.377    19.58 21.62 02a59040o0091c -0.250000   False
59040.288469 19.510313 NaN   20.0  12.0   c  0.0   1.05 210.89924 54.30499  8731.97  3042.98 2.82 2.70 -57.7 -0.372    19.58 21.62 02a59040o0098c  1.750000   False
59040.295427 19.841877 NaN    5.0  12.0   c  0.0   0.80 210.89924 54.30499  8791.41  3120.61 2.74 2.65 -59.7 -0.379    19.70 21.65 02a59040o0113c  0.500000    True
59040.306084 20.207197 NaN   -8.0  10.0   c  0.0   1.17 210.89924 54.30499  8812.78  3002.85 2.80 2.70  41.1 -0.379    19.65 21.66 02a59040o0136c -0.700000   False
59044.317072 20.103715 NaN  -10.0  11.0   c  0.0   0.81 210.89924 54.30499   801.90  3012.95 2.48 2.27 -55.6 -0.400    19.71 21.76 02a59044o0158c -0.818182   False
59044.320832 20.207197 NaN   -8.0  10.0   c  0.0   1.04 210.89924 54.30499   780.23  2972.89 2.53 2.34 -61.4 -0.402    19.68 21.77 02a59044o0166c -0.700000    True
59044.327714 20.103715 NaN    2.0  10.0   c  0.0   1.13 210.89924 54.30499   842.82  3051.04 2.61 2.46 -60.6 -0.405    19.62 21.76 02a59044o0181c  0.300000   False
59044.337475 19.816329 NaN    9.0  11.0   c  0.0   0.92 210.89924 54.30499   865.95  2930.65 2.75 2.44 -57.4 -0.397    19.60 21.71 02a59044o0202c  0.909091   False
59048.285981 20.207197 NaN  -18.0  10.0   c  0.0   1.05 210.89924 54.30499   808.12  3017.31 2.55 2.35  34.0 -0.395    19.64 21.53 02a59048o0095c -1.700000   False
59048.290126 20.009244 NaN  -19.0  12.0   c  0.0   1.01 210.89924 54.30499   787.35  2978.63 2.65 2.36  36.6 -0.389    19.44 21.30 02a59048o0104c -1.500000   False
59048.296595 19.791368 NaN    4.0  13.0   c  0.0   0.69 210.89924 54.30499   846.35  3052.06 2.56 2.32  35.8 -0.393    19.57 21.51 02a59048o0118c  0.384615   False
59048.308077 19.979496 NaN    6.0  10.0   c  0.0   0.83 210.89924 54.30499   870.18  2932.52 2.36 2.33  17.0 -0.405    19.68 21.65 02a59048o0143c  0.700000    True
59108.240914 19.979496 NaN    0.0  12.0   c  0.0   1.82 210.89924 54.30499  4768.49  3187.43 2.37 2.34  61.5 -0.401    19.32 20.86 02a59108o0046c  0.083333   False
59108.246004 20.009244 NaN  -21.0  12.0   c  0.0   2.01 210.89924 54.30499  4748.19  3160.52 2.56 2.40  37.5 -0.391    19.27 20.84 02a59108o0057c -1.666667   False
59108.250126 19.226921 NaN   25.0  16.0   c  0.0   1.00 210.89924 54.30499  4807.77  3231.79 2.42 2.39  51.7 -0.395    19.30 20.84 02a59108o0066c  1.625000   False
59108.260706 19.472870 NaN   10.0  16.0   c  0.0   1.09 210.89924 54.30499  4827.24  3121.68 2.62 2.44 -52.2 -0.395    19.22 20.80 02a59108o0089c  0.687500   False
59206.608827 20.039830 NaN    1.0  11.0   c  0.0   0.87 210.89924 54.30499  4779.80  3174.97 2.53 2.47 -30.7 -0.370    19.71 21.84 01a59206o0880c  0.181818   False
59206.612058 20.103715 NaN  -11.0  11.0   c  0.0   0.88 210.89924 54.30499  4757.85  3140.08 2.57 2.51 -32.2 -0.367    19.69 21.85 01a59206o0887c -0.909091   False
59206.617585 20.207197 NaN   -4.0  10.0   c  0.0   1.28 210.89924 54.30499  4819.01  3216.50 2.73 2.64  -7.9 -0.359    19.62 21.85 01a59206o0899c -0.300000   False
59206.631405 19.631075 NaN   17.0  11.0   c  0.0   0.68 210.89924 54.30499  4837.40  3104.65 2.77 2.58  21.5 -0.358    19.63 21.85 01a59206o0929c  1.636364   False
59208.639885 20.103715 NaN   -5.0  11.0   c  0.0   1.12 210.89924 54.30499  8785.28  1670.58 2.61 2.33 -54.3 -0.407    19.68 21.64 02a59208o0962c -0.363636   False
59208.650450 19.868040 NaN    7.0  11.0   c  0.0   0.94 210.89924 54.30499  8805.65  1709.56 2.61 2.34 -53.9 -0.404    19.70 21.65 02a59208o0985c  0.727273   False
59208.655955 19.816329 NaN   12.0  10.0   c  0.0   1.05 210.89924 54.30499  8751.08  1636.26 2.58 2.31 -55.3 -0.401    19.67 21.61 02a59208o0997c  1.300000   False
59208.664725 19.609992 NaN   15.0  12.0   c  0.0   1.21 210.89924 54.30499  8732.79  1756.95 2.57 2.34 -56.6 -0.404    19.41 20.84 02a59208o1016c  1.333333   False
59228.630646 19.894850 NaN    3.0  12.0   c  0.0   0.94 210.89924 54.30499  7483.43  5608.36 2.68 2.51  50.1 -0.390    19.74 21.88 02a59228o0867c  0.333333   False
59228.633851 19.979496 NaN    3.0  11.0   c  0.0   0.94 210.89924 54.30499  7503.65  5646.68 2.71 2.51  48.6 -0.388    19.72 21.88 02a59228o0874c  0.363636   False
59228.650265 20.103715 NaN   -5.0  11.0   c  0.0   1.13 210.89924 54.30499  7451.50  5572.93 2.70 2.49  48.0 -0.390    19.76 21.90 02a59228o0909c -0.363636   False
59228.658974 20.207197 NaN   -3.0  10.0   c  0.0   1.19 210.89924 54.30499  7432.28  5690.10 2.69 2.45  45.7 -0.393    19.80 21.83 02a59228o0928c -0.200000   False
59230.596813 19.841877 NaN   11.0  10.0   c  0.0   0.92 210.89924 54.30499  3659.13  8712.43 2.94 2.60 -76.7 -0.397    19.72 22.31 01a59230o0856c  1.200000   False
59230.600047 20.103715 NaN   -4.0  11.0   c  0.0   0.82 210.89924 54.30499  3639.79  8674.80 2.90 2.59 -77.3 -0.395    19.77 22.33 01a59230o0863c -0.272727   False
59230.605590 20.449472 NaN  -13.0   8.0   c  0.0   1.01 210.89924 54.30499  3698.05  8748.17 2.80 2.62 -83.7 -0.389    19.76 22.34 01a59230o0875c -1.500000   False
59230.615358 20.039830 NaN    7.0   9.0   c  0.0   1.44 210.89924 54.30499  3716.48  8632.35 2.75 2.58 -81.0 -0.393    19.78 22.39 01a59230o0896c  0.888889   False
59238.585766 20.321591 NaN  -15.0   9.0   c  0.0   0.69 210.89924 54.30499  1146.67  5130.13 2.29 2.19 -63.8 -0.397    19.95 22.17 01a59238o0765c -1.555556    True
59238.588065 20.321591 NaN   -5.0   9.0   c  0.0   0.78 210.89924 54.30499  1126.58  5092.98 2.37 2.29 -67.2 -0.389    19.94 22.16 01a59238o0770c -0.444444   False
59238.590826 20.321591 NaN   -3.0   9.0   c  0.0   0.86 210.89924 54.30499  1185.49  5169.99 2.39 2.33 -75.6 -0.385    19.95 22.18 01a59238o0776c -0.222222   False
59238.595897 20.207197 NaN  -10.0  10.0   c  0.0   0.65 210.89924 54.30499  1204.53  5051.98 2.46 2.42 -79.2 -0.383    19.88 22.19 01a59238o0787c -0.900000   False
59254.582395 19.696897 NaN    8.0  13.0   c  0.0   0.92 210.89924 54.30499   391.20  1396.43 2.77 2.47  44.9 -0.394    19.64 22.07 01a59254o0809c  0.692308   False
59254.584237 19.743105 NaN    9.0  12.0   c  0.0   1.34 210.89924 54.30499   363.32  1361.92 2.60 2.34  66.9 -0.430    19.62 22.01 01a59254o0813c  0.833333   False
59254.587068 19.436675 NaN    3.0  19.0   c  0.0   0.56 210.89924 54.30499   430.29  1434.52 2.52 2.31  65.8 -0.427    19.24 21.52 01a59254o0819c  0.210526   False
59254.593104 20.207197 NaN  -13.0  10.0   c  0.0   1.11 210.89924 54.30499   447.46  1316.82 2.50 2.28  67.4 -0.426    19.76 22.16 01a59254o0832c -1.200000   False
59256.529166 20.321591 NaN  -17.0   9.0   c  0.0   0.77 210.89924 54.30499  5320.97  3602.20 2.50 2.34  47.2 -0.402    19.79 21.98 02a59256o0695c -1.777778   False
59256.532384 19.922338 NaN   11.0   9.0   c  0.0   0.89 210.89924 54.30499  5340.27  3641.67 2.63 2.39  45.6 -0.397    19.76 21.98 02a59256o0702c  1.333333    True
59256.537897 19.868040 NaN   10.0  10.0   c  0.0   0.97 210.89924 54.30499  5283.82  3564.67 2.56 2.33  43.1 -0.401    19.81 21.97 02a59256o0714c  1.100000   False
59256.543014 20.207197 NaN   -1.0  10.0   c  0.0   0.88 210.89924 54.30499  5265.48  3680.26 2.62 2.40  46.2 -0.397    19.76 21.98 02a59256o0725c  0.000000   False
59258.571978 20.449472 NaN   -9.0   8.0   c  0.0   1.00 210.89924 54.30499  7157.40  6869.32 2.55 2.52  66.0 -0.368    19.75 22.04 01a59258o0790c -1.000000   False
59258.573832 20.244005 NaN    1.0   9.0   c  0.0   1.07 210.89924 54.30499  7142.05  6827.10 2.73 2.59  43.8 -0.356    19.73 22.03 01a59258o0794c  0.222222   False
59258.576596 19.766969 NaN   14.0  10.0   c  0.0   1.08 210.89924 54.30499  7197.61  6907.07 2.70 2.64  62.5 -0.366    19.74 22.04 01a59258o0800c  1.500000   False
59258.582589 20.449472 NaN   -1.0   8.0   c  0.0   1.75 210.89924 54.30499  7214.85  6792.59 2.52 2.48  78.9 -0.375    19.80 22.04 01a59258o0813c  0.000000   False
59262.501830 20.207197 NaN   -9.0  10.0   c  0.0   0.93 210.89924 54.30499  7154.97  6869.62 2.40 2.25 -88.5 -0.395    19.77 21.77 01a59262o0623c -0.800000   False
59262.504607 19.791368 NaN   13.0  10.0   c  0.0   0.96 210.89924 54.30499  7136.20  6829.90 2.40 2.28 -87.6 -0.390    19.78 21.82 01a59262o0629c  1.400000   False
59262.508306 20.495680 NaN    1.0   7.0   c  0.0   2.51 210.89924 54.30499  7194.59  6907.16 2.46 2.36  83.2 -0.379    19.75 21.86 01a59262o0637c  0.285714   False
59262.514297 19.868040 NaN   10.0  10.0   c  0.0   1.25 210.89924 54.30499  7212.86  6791.03 2.49 2.41  85.8 -0.374    19.77 21.85 01a59262o0650c  1.100000   False
59288.544037 19.816329 NaN   12.0  10.0   c  0.0   1.41 210.89924 54.30499  5495.14  8616.99 2.43 2.34  52.1 -0.408    19.81 21.80 02a59288o0704c  1.300000   False
59288.579411 19.922338 NaN    8.0  10.0   c  0.0   1.10 210.89924 54.30499  5472.62  8576.36 2.56 2.31  34.1 -0.395    19.77 21.76 02a59288o0780c  0.900000   False
59288.607793 19.491430 NaN    0.0  19.0   c  0.0   0.95 210.89924 54.30499  5523.73  8650.17 2.61 2.36  33.4 -0.390    18.70 20.56 02a59288o0841c  0.052632    True
59288.632589 20.207197 NaN   -8.0  10.0   c  0.0   1.29 210.89924 54.30499  5538.68  8530.30 2.78 2.35  41.1 -0.386    19.67 21.69 02a59288o0894c -0.700000   False
59292.459472 20.207197 NaN   -7.0  10.0   c  0.0   1.11 210.89924 54.30499  1696.88  5360.75 2.49 2.30  55.9 -0.413    19.75 21.80 02a59292o0510c -0.600000   False
59292.462673 19.894850 NaN    9.0  10.0   c  0.0   1.31 210.89924 54.30499  1720.05  5400.38 2.46 2.31  60.7 -0.409    19.74 21.78 02a59292o0517c  1.000000   False
59292.466844 20.103715 NaN   -1.0  11.0   c  0.0   0.63 210.89924 54.30499  1659.45  5321.05 2.59 2.36  48.1 -0.401    19.72 21.79 02a59292o0526c  0.000000   False
59292.473270 19.766969 NaN   14.0  10.0   c  0.0   1.18 210.89924 54.30499  1641.15  5436.27 2.52 2.31  48.3 -0.405    19.74 21.81 02a59292o0540c  1.500000   False
59292.649611 19.454622 NaN    5.0  18.0   c  0.0   0.86 210.89924 54.30499  8899.10  5184.25 2.51 2.32  36.4 -0.396    19.18 20.41 02a59292o0918c  0.333333   False
59310.449546 20.207197 NaN   -5.0  10.0   c  0.0   0.85 210.89924 54.30499  9058.37  6839.56 2.61 2.41  87.5 -0.400    20.01 21.98 01a59310o0425c -0.400000   False
59310.451851 20.282105 NaN    0.0   9.0   c  0.0   1.23 210.89924 54.30499  9038.92  6800.04 2.59 2.43 -85.1 -0.393    20.03 21.99 01a59310o0430c  0.111111   False
59310.455624 20.449472 NaN   -2.0   8.0   c  0.0   1.04 210.89924 54.30499  9100.88  6877.00 2.54 2.42  87.3 -0.394    20.01 21.99 01a59310o0438c -0.125000    True
59310.464868 20.321591 NaN  -10.0   9.0   c  0.0   0.84 210.89924 54.30499  9117.13  6761.12 2.62 2.55 -83.5 -0.385    19.96 22.08 01a59310o0457c -1.000000   False
59314.443833 20.171596 NaN    3.0   9.0   c  0.0   0.84 210.89924 54.30499  6550.71   954.47 2.46 2.29   5.7 -0.392    19.96 21.85 01a59314o0481c  0.444444   False
59314.445680 20.321591 NaN   -7.0   9.0   c  0.0   1.05 210.89924 54.30499  6531.49   915.26 2.68 2.39  -6.3 -0.369    19.94 21.88 01a59314o0485c -0.666667   False
59314.448467 20.321591 NaN   -8.0   9.0   c  0.0   0.95 210.89924 54.30499  6593.20   994.22 2.62 2.37  -2.4 -0.372    19.95 21.87 01a59314o0491c -0.777778   False
59314.453560 20.321591 NaN   -9.0   9.0   c  0.0   0.80 210.89924 54.30499  6608.17   881.07 2.40 2.20 -18.8 -0.396    19.97 21.86 01a59314o0502c -0.888889   False
59318.482085 20.321591 NaN  -24.0   9.0   c  0.0   1.07 210.89924 54.30499  4028.95  9630.60 2.42 2.28 -41.2 -0.387    19.76 21.52 01a59318o0559c -2.555556   False
59318.517343 20.207197 NaN   -8.0  10.0   c  0.0   1.05 210.89924 54.30499  4056.12  9664.36 2.29 2.10 -51.5 -0.389    19.89 21.56 01a59318o0635c -0.700000   False
59318.520566 19.922338 NaN    8.0  10.0   c  0.0   0.80 210.89924 54.30499  3996.62  9586.57 2.28 2.07 -45.1 -0.388    19.89 21.57 01a59318o0642c  0.900000   False
59318.543605 20.405150 NaN    0.0   8.0   c  0.0   1.31 210.89924 54.30499  3982.45  9700.38 2.28 2.10 -53.4 -0.387    19.86 21.46 01a59318o0691c  0.125000   False
59322.408613 20.039830 NaN   10.0   8.0   c  0.0   1.37 210.89924 54.30499  3084.70  4969.66 2.30 2.21 -82.1 -0.395    19.96 21.79 01a59322o0383c  1.375000    True
59322.410910 20.171596 NaN    3.0   9.0   c  0.0   0.74 210.89924 54.30499  3064.85  4931.40 2.29 2.17 -84.1 -0.398    19.97 21.80 01a59322o0388c  0.444444   False
59322.414135 20.244005 NaN    4.0   8.0   c  0.0   0.93 210.89924 54.30499  3122.49  5006.99 2.24 2.12 -74.7 -0.401    19.99 21.81 01a59322o0395c  0.625000   False
59322.419674 19.766969 NaN   14.0  10.0   c  0.0   0.86 210.89924 54.30499  3140.93  4891.83 2.33 2.19 -67.0 -0.399    19.92 21.79 01a59322o0407c  1.500000   False
59344.419514 20.009244 NaN  -10.0  12.0   c  0.0   1.12 210.89924 54.30499  1135.75  5145.58 2.36 2.24 -41.1 -0.422    19.73 21.69 02a59344o0385c -0.750000   False
59344.423635 20.009244 NaN   -2.0  12.0   c  0.0   0.76 210.89924 54.30499  1116.19  5106.87 2.39 2.26 -41.3 -0.419    19.71 21.70 02a59344o0394c -0.083333   False
59344.429702 20.137125 NaN    1.0  10.0   c  0.0   1.01 210.89924 54.30499  1176.68  5180.41 2.40 2.26 -46.4 -0.423    19.71 21.72 02a59344o0407c  0.200000   False
59344.462022 20.071303 NaN    0.0  11.0   c  0.0   0.79 210.89924 54.30499  1194.85  5057.68 2.33 2.28 -17.4 -0.419    19.69 21.62 02a59344o0474c  0.090909   False
59370.364702 20.321591 NaN   -4.0   9.0   c  0.0   0.93 210.89924 54.30499  1974.67  9694.49 2.28 2.04 -63.0 -0.403    19.99 22.07 01a59370o0279c -0.333333   False
59370.367930 20.449472 NaN   -9.0   8.0   c  0.0   1.38 210.89924 54.30499  1996.09  9733.66 2.32 2.08 -64.5 -0.403    20.00 22.06 01a59370o0286c -1.000000   False
59370.374378 20.594452 NaN   -6.0   7.0   c  0.0   1.28 210.89924 54.30499  1933.92  9653.54 2.25 1.99 -65.0 -0.406    20.01 22.04 01a59370o0300c -0.714286    True
59370.408119 20.449472 NaN   -3.0   8.0   c  0.0   1.35 210.89924 54.30499  1918.46  9766.94 2.38 2.12 -61.7 -0.408    19.96 22.00 01a59370o0367c -0.250000   False
59374.345057 20.282105 NaN    0.0   9.0   c  0.0   1.03 210.89924 54.30499  1975.90  9697.38 2.45 2.21 -61.3 -0.393    19.98 22.03 01a59374o0234c  0.111111   False
59374.348286 20.449472 NaN   -8.0   8.0   c  0.0   1.34 210.89924 54.30499  1997.26  9735.59 2.30 2.10 -65.2 -0.402    19.98 22.02 01a59374o0241c -0.875000   False
59374.353832 20.321591 NaN   -1.0   9.0   c  0.0   1.03 210.89924 54.30499  1938.73  9657.30 2.31 2.10 -53.9 -0.391    19.99 22.02 01a59374o0253c  0.000000   False
59374.364434 20.449472 NaN  -12.0   8.0   c  0.0   1.38 210.89924 54.30499  1918.25  9772.40 2.39 2.11 -62.1 -0.403    19.97 22.04 01a59374o0276c -1.375000   False
59378.326788 20.282105 NaN    3.0   8.0   c  0.0   1.27 210.89924 54.30499  5001.32  1960.96 2.15 2.08  53.7 -0.401    19.98 21.72 01a59378o0193c  0.500000   False
59378.330008 20.171596 NaN    9.0   7.0   c  0.0   1.45 210.89924 54.30499  5022.22  2001.44 2.17 2.12  32.5 -0.400    19.93 21.73 01a59378o0200c  1.428571   False
59378.335546 20.321591 NaN  -16.0   9.0   c  0.0   1.19 210.89924 54.30499  4966.22  1923.15 2.21 2.11  20.2 -0.398    19.97 21.75 01a59378o0212c -1.666667   False
59378.348438 20.449472 NaN   -4.0   8.0   c  0.0   1.14 210.89924 54.30499  4951.61  2038.35 2.23 2.16  11.5 -0.391    19.97 21.87 01a59378o0240c -0.375000   False
59404.284177 20.039830 NaN    1.0  11.0   c  0.0   1.19 210.89924 54.30499  1765.43  8893.90 2.62 1.98 -48.8 -0.448    19.74 21.54 02a59404o0088c  0.181818   False
59404.287411 20.207197 NaN  -10.0  10.0   c  0.0   1.46 210.89924 54.30499  1745.52  8855.09 2.67 2.01 -50.2 -0.439    19.73 21.54 02a59404o0095c -0.900000   False
59404.292910 20.207197 NaN   -5.0  10.0   c  0.0   1.31 210.89924 54.30499  1799.94  8927.78 2.61 2.08 -50.9 -0.430    19.70 21.51 02a59404o0107c -0.400000   False
59404.302990 19.922338 NaN   -3.0  13.0   c  0.0   0.98 210.89924 54.30499  1820.04  8808.71 2.67 2.07 -50.0 -0.436    19.66 21.51 02a59404o0129c -0.153846    True
59408.274563 19.766969 NaN    2.0  14.0   c  0.0   0.62 210.89924 54.30499  1767.96  8893.07 2.59 2.03 -48.7 -0.439    19.66 21.40 02a59408o0068c  0.214286   False
59408.277767 20.009244 NaN   -2.0  12.0   c  0.0   0.75 210.89924 54.30499  1746.63  8853.91 2.61 2.16 -52.0 -0.422    19.64 21.42 02a59408o0075c -0.083333   False
59408.283262 20.009244 NaN   -3.0  12.0   c  0.0   1.02 210.89924 54.30499  1801.63  8928.87 2.58 2.16 -51.2 -0.429    19.62 21.42 02a59408o0087c -0.166667   False
59408.295675 20.009244 NaN   -8.0  12.0   c  0.0   0.91 210.89924 54.30499  1823.36  8808.12 2.52 2.08 -47.9 -0.434    19.67 21.47 02a59408o0114c -0.583333   False
59426.249901 20.009244 NaN   -7.0  12.0   c  0.0   1.25 210.89924 54.30499  6865.81  1805.24 2.36 2.16 -72.9 -0.407    19.54 20.73 01a59426o0032c -0.500000   False
59426.253177 19.922338 NaN    2.0  12.0   c  0.0   1.27 210.89924 54.30499  6884.84  1845.23 2.40 2.20 -74.6 -0.404    19.71 21.20 01a59426o0039c  0.250000   False
59426.258716 20.207197 NaN   -3.0  10.0   c  0.0   0.86 210.89924 54.30499  6830.56  1770.14 2.29 2.16 -72.9 -0.405    19.86 21.60 01a59426o0051c -0.200000   False
59426.272762 20.321591 NaN   -9.0   9.0   c  0.0   1.08 210.89924 54.30499  6814.43  1887.70 2.31 2.17 -75.1 -0.407    19.88 21.67 01a59426o0081c -0.888889   False
59430.242183 19.212347 NaN  -29.0  25.0   c  0.0   1.26 210.89924 54.30499  6865.97  1809.90 2.30 2.17 -36.2 -0.389    18.64 19.07 01a59430o0020c -1.120000   False
59430.244954 19.631075 NaN  -25.0  17.0   c  0.0   0.95 210.89924 54.30499  6886.14  1846.41 2.29 2.14 -75.6 -0.400    19.10 19.81 01a59430o0026c -1.411765   False
59430.250541 19.841877 NaN    8.0  11.0   c  0.0   0.55 210.89924 54.30499  6834.74  1772.41 2.31 2.15 -75.3 -0.398    19.66 20.96 01a59430o0038c  0.818182   False
59430.260749 20.137125 NaN    4.0   9.0   c  0.0   1.16 210.89924 54.30499  6816.42  1887.40 2.35 2.19 -80.3 -0.402    19.86 21.60 01a59430o0060c  0.555556   False
59434.246925 19.719755 NaN    4.0  14.0   c  0.0   1.38 210.89924 54.30499  9412.35  5365.12 2.85 2.42 -84.2 -0.365    19.33 20.53 01a59434o0034c  0.357143    True
59434.250609 19.922338 NaN   -7.0  13.0   c  0.0   0.90 210.89924 54.30499  9432.66  5400.25 2.84 2.40 -87.2 -0.375    19.54 21.12 01a59434o0042c -0.461538   False
59434.256155 20.207197 NaN   -7.0  10.0   c  0.0   1.11 210.89924 54.30499  9374.10  5330.11 2.78 2.39 -81.9 -0.380    19.71 21.52 01a59434o0054c -0.600000   False
59434.267220 19.791368 NaN   16.0   9.0   c  0.0   1.68 210.89924 54.30499  9357.55  5449.20 2.50 2.22 -79.5 -0.399    19.85 21.64 01a59434o0078c  1.888889   False
59588.641428 20.103715 NaN  -10.0  11.0   c  0.0   0.81 210.89924 54.30499  3821.53  7463.64 2.64 2.40  46.8 -0.398    19.65 21.81 02a59588o0978c -0.818182   False
59588.646929 20.009244 NaN   -6.0  12.0   c  0.0   1.13 210.89924 54.30499  3842.39  7502.05 2.57 2.39  44.6 -0.407    19.61 21.81 02a59588o0990c -0.416667   False
59588.658083 19.696897 NaN   11.0  12.0   c  0.0   0.95 210.89924 54.30499  3782.54  7422.79 2.56 2.35  45.7 -0.405    19.61 21.75 02a59588o1014c  1.000000   False
59588.665789 19.766969 NaN    2.0  14.0   c  0.0   1.05 210.89924 54.30499  3759.11  7542.33 2.65 2.37  46.6 -0.397    19.46 21.22 02a59588o1030c  0.214286   False
59615.558656 19.743105 NaN    9.0  12.0   c  0.0   0.87 210.89924 54.30499  1509.31  3719.30 2.42 2.36  62.2 -0.422    19.60 21.48 02a59615o0775c  0.833333   False
59615.561412 20.103715 NaN  -16.0  11.0   c  0.0   1.24 210.89924 54.30499  1528.99  3758.34 2.41 2.34  54.6 -0.425    19.61 21.49 02a59615o0781c -1.363636   False
59615.564167 20.103715 NaN   -5.0  11.0   c  0.0   1.02 210.89924 54.30499  1470.51  3678.55 2.54 2.37  44.2 -0.418    19.59 21.49 02a59615o0787c -0.363636   False
59615.571520 19.609992 NaN   18.0  11.0   c  0.0   1.02 210.89924 54.30499  1453.10  3793.54 2.45 2.37  58.9 -0.421    19.60 21.51 02a59615o0803c  1.727273    True
59619.586609 19.674510 NaN    9.0  13.0   c  0.0   0.82 210.89924 54.30499  4008.26  9615.39 2.53 2.48  49.8 -0.407    19.67 21.67 02a59619o0807c  0.769231   False
59619.588435 20.009244 NaN   -3.0  12.0   c  0.0   1.11 210.89924 54.30499  4028.22  9654.93 2.56 2.47  50.5 -0.406    19.66 21.67 02a59619o0811c -0.166667   False
59619.592559 19.868040 NaN    4.0  12.0   c  0.0   1.08 210.89924 54.30499  3965.86  9575.86 2.63 2.44  46.6 -0.397    19.63 21.67 02a59619o0820c  0.416667   False
59619.610269 19.766969 NaN  -12.0  15.0   c  0.0   0.56 210.89924 54.30499  3944.60  9693.34 2.65 2.46  42.7 -0.396    19.65 21.62 02a59619o0858c -0.733333   False
59639.510262 19.979496 NaN    3.0  11.0   c  0.0   1.24 210.89924 54.30499  1820.68  7517.94 2.33 2.28  63.6 -0.429    19.73 21.72 02a59639o0653c  0.363636   False
59639.513468 20.321591 NaN  -13.0   9.0   c  0.0   1.65 210.89924 54.30499  1840.70  7558.15 2.44 2.32  41.7 -0.417    19.69 21.70 02a59639o0660c -1.333333   False
59639.516215 20.207197 NaN   -4.0  10.0   c  0.0   1.40 210.89924 54.30499  1781.20  7477.05 2.32 2.27  62.0 -0.433    19.71 21.71 02a59639o0666c -0.300000   False
59639.522156 19.766969 NaN   14.0  10.0   c  0.0   1.17 210.89924 54.30499  1761.15  7592.97 2.35 2.31  72.3 -0.430    19.72 21.72 02a59639o0679c  1.500000   False
59643.579606 19.841877 NaN   -3.0  14.0   c  0.0   1.22 210.89924 54.30499   812.54  3002.35 2.23 2.10   6.5 -0.450    19.23 21.76 02a59643o0746c -0.142857   False
59643.582534 19.922338 NaN  -13.0  13.0   c  0.0   1.12 210.89924 54.30499   790.90  2961.81 2.24 2.12   2.1 -0.448    19.21 21.75 02a59643o0752c -0.923077   False
59643.617736 19.841877 NaN    2.0  13.0   c  0.0   1.46 210.89924 54.30499   849.33  3035.32 2.33 2.09  29.9 -0.440    19.25 21.72 02a59643o0823c  0.230769   False
59643.623182 19.609992 NaN    9.0  14.0   c  0.0   1.21 210.89924 54.30499   870.42  2913.48 2.25 2.12   8.4 -0.448    19.22 21.71 02a59643o0834c  0.714286   False
59647.511394 19.454622 NaN  -14.0  20.0   c  0.0   1.24 210.89924 54.30499  9775.17  7568.93 2.70 2.33  86.7 -0.448    18.96 21.75 02a59647o0432c -0.650000    True
59647.514333 19.401649 NaN    2.0  20.0   c  0.0   1.05 210.89924 54.30499  9796.32  7606.24 2.74 2.33  80.0 -0.441    18.94 21.77 02a59647o0438c  0.150000    True
59647.519354 18.174913 NaN  -21.0  65.0   c  0.0   0.95 210.89924 54.30499  9737.26  7533.57 2.66 2.37  79.9 -0.450    17.72 20.47 02a59647o0448c -0.307692    8192
59647.539712 19.401649 NaN   -3.0  21.0   c  0.0   1.17 210.89924 54.30499  9722.04  7653.67 2.90 2.56  68.1 -0.421    18.89 21.75 02a59647o0488c -0.095238    8192
59671.401837 19.791368 NaN    4.0  13.0   c  0.0   1.34 210.89924 54.30499  3596.92  5835.97 2.72 2.52  41.0 -0.395    19.49 21.62 02a59671o0314c  0.384615    8192
59671.428617 19.454622 NaN   17.0  14.0   c  0.0   1.09 210.89924 54.30499  3630.88  5873.29 2.79 2.53  42.6 -0.393    19.53 21.63 02a59671o0371c  1.285714    True
59671.431827 19.652575 NaN   10.0  13.0   c  0.0   1.23 210.89924 54.30499  3572.94  5798.95 2.92 2.59  44.1 -0.384    19.45 21.63 02a59671o0378c  0.846154    True
59671.437311 19.549093 NaN    6.0  16.0   c  0.0   1.06 210.89924 54.30499  3553.24  5915.73 2.95 2.56  40.6 -0.386    19.42 21.63 02a59671o0390c  0.437500    True
59675.445368 16.690846 NaN   -1.0 255.0   c  0.0   0.95 210.89924 54.30499  1917.10  9640.27 2.52 2.40  40.7 -0.389    16.29 18.27 02a59675o0501c  0.000000 8388609
59675.451766 18.511660 NaN   13.0  43.0   c  0.0   0.80 210.89924 54.30499  1896.76  9756.30 2.40 2.35  27.9 -0.458    18.45 20.52 02a59675o0515c  0.325581 8388609
59679.432660 19.401649 NaN   -3.0  21.0   c  0.0   1.24 210.89924 54.30499  1953.44  9680.05 2.53 2.39  41.4 -0.437    18.97 20.69 02a59679o0440c -0.095238   False
59679.438161 19.302877 NaN  -24.0  23.0   c  0.0   1.06 210.89924 54.30499  1973.90  9718.22 2.48 2.38  33.1 -0.441    18.97 20.71 02a59679o0452c -1.000000   False
59679.439989 19.401649 NaN  -13.0  21.0   c  0.0   1.19 210.89924 54.30499  1912.89  9638.10 2.48 2.36  33.1 -0.450    18.99 20.72 02a59679o0456c -0.571429   False
59679.445014 19.302877 NaN   -3.0  23.0   c  0.0   0.97 210.89924 54.30499  1890.89  9755.80 2.48 2.41  30.5 -0.443    19.00 20.75 02a59679o0467c -0.086957   False
59695.447397 19.609992 NaN   12.0  13.0   c  0.0   1.19 210.89924 54.30499  8882.26  5208.79 2.73 2.49  32.2 -0.400    19.49 21.38 02a59695o0478c  1.000000    8192
59695.450623 19.766969 NaN   -1.0  15.0   c  0.0   0.82 210.89924 54.30499  8862.80  5168.46 2.66 2.39  33.0 -0.403    19.51 21.38 02a59695o0485c  0.000000    8192
59695.485942 19.816329 NaN    3.0  13.0   c  0.0   1.08 210.89924 54.30499  8912.83  5247.85 2.75 2.44  30.0 -0.390    19.47 21.34 02a59695o0561c  0.307692    True
59695.514381 19.051202 NaN   29.0  19.0   c  0.0   1.11 210.89924 54.30499  8929.88  5132.32 2.76 2.40  28.3 -0.395    19.02 20.86 02a59695o0622c  1.578947    True
59699.416003 15.954717 NaN   33.0 491.0   c  0.0   1.00 210.89924 54.30499  3355.56  7086.92 2.65 2.33  24.7 -0.397    15.53 16.82 02a59699o0410c  0.069246    True
59699.419220 18.910912 NaN  -50.0  33.0   c  0.0   1.26 210.89924 54.30499  3338.39  7051.55 2.59 2.33  26.4 -0.397    18.25 19.68 02a59699o0417c -1.484848    True
59699.424739 17.425126 NaN  103.0  95.0   c  0.0   1.25 210.89924 54.30499  3394.34  7125.51 2.64 2.33  24.4 -0.400    17.23 18.61 02a59699o0429c  1.094737    8192
59699.459844 19.351140 NaN  -35.0  22.0   c  0.0   1.17 210.89924 54.30499  3400.01  7006.49 2.59 2.25  27.4 -0.395    18.82 20.34 02a59699o0505c -1.545455   12288
59723.379391 20.009244 NaN   -2.0  12.0   c  0.0   1.02 210.89924 54.30499  5035.52  4846.17 2.69 2.33  28.8 -0.399    19.57 21.29 02a59723o0312c -0.083333   False
59723.382603 19.922338 NaN   -3.0  13.0   c  0.0   1.05 210.89924 54.30499  5012.75  4804.99 2.96 2.46  29.7 -0.389    19.52 21.28 02a59723o0319c -0.153846   False
59723.388089 19.816329 NaN    3.0  13.0   c  0.0   0.85 210.89924 54.30499  5073.71  4883.27 2.69 2.30  28.5 -0.402    19.58 21.25 02a59723o0331c  0.307692   False
59723.400898 19.816329 NaN    6.0  12.0   c  0.0   1.30 210.89924 54.30499  5092.35  4769.14 2.76 2.37  26.9 -0.397    19.55 21.26 02a59723o0359c  0.583333   False
59727.350487 18.034118 NaN   20.0  67.0   c  0.0   1.17 210.89924 54.30499  5040.05  4852.30 2.68 2.28  31.1 -0.398    17.52 18.91 02a59727o0248c  0.313433   False
59727.353687 19.351140 NaN  -13.0  22.0   c  0.0   1.38 210.89924 54.30499  5020.43  4812.93 2.65 2.25  29.9 -0.401    18.58 20.08 02a59727o0255c -0.545455   False
59727.360089 18.131260 NaN   28.0  58.0   c  0.0   1.36 210.89924 54.30499  5078.35  4888.52 2.64 2.25  30.7 -0.403    17.59 18.92 02a59727o0269c  0.500000   False
59727.371522 18.631975 NaN   22.0  35.0   c  0.0   1.81 210.89924 54.30499  5099.12  4771.17 2.81 2.30  31.3 -0.389    18.00 19.43 02a59727o0294c  0.657143    True
59731.393020 19.841877 NaN    2.0  13.0   c  0.0   1.00 210.89924 54.30499  3626.68  8733.88 2.74 2.67  34.7 -0.390    19.54 21.53 02a59731o0172c  0.230769   False
59731.398541 19.950541 NaN    1.0  12.0   c  0.0   1.16 210.89924 54.30499  3606.63  8694.72 2.84 2.66  42.2 -0.385    19.56 21.51 02a59731o0184c  0.166667   False
59731.401810 20.039830 NaN    1.0  11.0   c  0.0   1.47 210.89924 54.30499  3663.25  8771.68 2.61 2.58  45.8 -0.392    19.59 21.52 02a59731o0191c  0.181818   False
59731.414645 19.841877 NaN   -2.0  14.0   c  0.0   0.80 210.89924 54.30499  3680.79  8650.96 2.71 2.54  25.3 -0.395    19.57 21.46 02a59731o0219c -0.071429   False
59751.314809 20.103715 NaN   -4.0  11.0   c  0.0   1.20 210.89924 54.30499  4535.26  1065.36 2.41 2.29  79.4 -0.428    19.65 21.48 02a59751o0156c -0.272727   False
59751.318028 20.321591 NaN   -8.0   9.0   c  0.0   1.12 210.89924 54.30499  4515.03  1028.95 2.38 2.26  75.1 -0.429    19.63 21.48 02a59751o0163c -0.777778   False
59751.323522 19.950541 NaN   10.0   9.0   c  0.0   1.75 210.89924 54.30499  4576.32  1104.16 2.33 2.24  81.1 -0.430    19.66 21.47 02a59751o0175c  1.222222   False
59751.334507 19.894850 NaN    9.0  10.0   c  0.0   0.90 210.89924 54.30499  4597.65   991.93 2.51 2.36  84.8 -0.424    19.64 21.45 02a59751o0199c  1.000000   False
59783.267980 20.009244 NaN   -2.0  12.0   c  0.0   1.09 210.89924 54.30499  1482.88  6767.44 2.40 2.26 -39.8 -0.428    19.57 21.12 02a59783o0058c -0.083333   False
59783.271622 19.816329 NaN    6.0  12.0   c  0.0   1.58 210.89924 54.30499  1463.67  6728.37 2.58 2.37 -48.8 -0.423    19.53 21.16 02a59783o0066c  0.583333    True
59783.278464 19.287255 NaN   30.0  13.0   c  0.0   0.88 210.89924 54.30499  1519.97  6804.07 2.47 2.26 -47.1 -0.430    19.60 21.20 02a59783o0081c  2.384615   False
59783.292955 19.510313 NaN   26.0  10.0   c  0.0   1.79 210.89924 54.30499  1538.96  6683.77 2.37 2.17 -49.0 -0.440    19.57 21.12 02a59783o0113c  2.700000   False
59787.293213 19.841877 NaN   -5.0  14.0   c  0.0   1.00 210.89924 54.30499  6752.66  3112.64 2.82 2.75  55.4 -0.404    19.41 21.28 02a59787o0117c -0.285714    8192
59787.297291 19.569016 NaN   17.0  12.0   c  0.0   1.47 210.89924 54.30499  6732.42  3070.07 2.90 2.84  55.9 -0.387    19.39 21.27 02a59787o0126c  1.500000    True
59787.303716 19.510313 NaN   17.0  13.0   c  0.0   0.99 210.89924 54.30499  6790.09  3145.49 2.85 2.76  41.8 -0.391    19.42 21.26 02a59787o0140c  1.384615    True
59787.318300 20.009244 NaN  -23.0  12.0   c  0.0   1.56 210.89924 54.30499  6811.35  3027.28 2.85 2.72  38.5 -0.390    19.44 21.27 02a59787o0172c -1.833333    True
59811.240646 18.836735 NaN   12.0  31.0   c  0.0   0.99 210.89924 54.30499  9054.03  6866.75 2.67 2.41  28.6 -0.410    18.72 19.75 02a59811o0025c  0.419355   False
59811.243827 19.351140 NaN  -27.0  22.0   c  0.0   1.22 210.89924 54.30499  9033.48  6824.88 2.59 2.44  26.7 -0.415    19.14 20.36 02a59811o0032c -1.181818   False
59811.251095 19.791368 NaN    1.0  14.0   c  0.0   1.01 210.89924 54.30499  9092.20  6902.96 2.65 2.50  24.9 -0.412    19.43 21.04 02a59811o0048c  0.142857   False
59811.262036 19.868040 NaN    4.0  12.0   c  0.0   1.19 210.89924 54.30499  9110.49  6784.77 2.61 2.49  24.0 -0.418    19.49 21.14 02a59811o0072c  0.416667   False
59819.241262 19.510313 NaN   14.0  14.0   c  0.0   1.02 210.89924 54.30499  6593.06   964.64 2.35 2.22  59.9 -0.408    19.14 20.53 02a59819o0037c  1.071429   False
59819.246702 19.743105 NaN   15.0  10.0   c  0.0   1.91 210.89924 54.30499  6571.78   924.79 2.35 2.24  86.4 -0.416    19.34 20.93 02a59819o0049c  1.600000   False
59819.249867 19.922338 NaN    2.0  12.0   c  0.0   1.56 210.89924 54.30499  6632.72  1004.94 2.52 2.40  84.7 -0.399    19.35 21.00 02a59819o0056c  0.250000   False
59819.259883 19.491430 NaN    9.0  16.0   c  0.0   0.71 210.89924 54.30499  6655.50   887.54 2.40 2.23 -74.8 -0.427    19.37 21.05 02a59819o0078c  0.625000    True
59841.218401 18.489118 NaN    4.0  47.0   c  0.0   1.33 210.89924 54.30499  6962.33  9584.91 3.07 2.87  66.1 -0.351    17.82 19.42 01a59841o0022c  0.106383   False
59841.222104 18.978793 NaN    2.0  30.0   c  0.0   0.99 210.89924 54.30499  6983.12  9625.68 3.06 2.87  69.9 -0.350    18.50 20.18 01a59841o0030c  0.100000   False
59841.232292 19.401649 NaN    2.0  20.0   c  0.0   0.96 210.89924 54.30499  6921.07  9553.93 3.10 2.92  73.2 -0.346    18.98 20.90 01a59841o0052c  0.150000   False
59841.238300 19.401649 NaN   11.0  17.0   c  0.0   1.23 210.89924 54.30499  6900.91  9670.78 3.11 2.95  72.2 -0.344    19.00 20.95 01a59841o0065c  0.705882   False
59999.634833 19.115465 NaN    3.0  26.0   c  0.0   1.13 210.89924 54.30499  9237.59  9006.19 2.78 2.66  59.0 -0.390    18.65 20.44 02a59999o0111c  0.153846    8192
59999.637641 19.351140 NaN  -15.0  22.0   c  0.0   1.37 210.89924 54.30499  9218.33  8963.96 2.79 2.68  51.5 -0.385    18.85 20.68 02a59999o0117c -0.636364    True
59999.650179 19.169763 NaN  -15.0  26.0   c  0.0   1.23 210.89924 54.30499  9272.52  9044.41 2.80 2.58  41.6 -0.388    18.66 20.40 02a59999o0142c -0.538462    True
59999.656837 19.155932 NaN    9.0  23.0   c  0.0   0.83 210.89924 54.30499  9289.67  8925.65 2.74 2.67  54.8 -0.387    18.85 20.61 02a59999o0155c  0.434783    True
60048.393577 19.868040 NaN   10.0  10.0   c  0.0   1.32 210.89924 54.30499  5660.02  7378.73 2.59 2.31  44.2 -0.410    19.52 21.42 02a60048o0341c  1.100000   False
60048.395386 19.766969 NaN    5.0  13.0   c  0.0   0.91 210.89924 54.30499  5680.06  7417.42 2.59 2.33  43.3 -0.410    19.55 21.42 02a60048o0345c  0.461538   False
60048.401280 19.569016 NaN   14.0  13.0   c  0.0   0.85 210.89924 54.30499  5621.32  7340.98 2.64 2.34  41.5 -0.408    19.55 21.43 02a60048o0357c  1.153846   False
60048.436787 20.103715 NaN   -3.0  11.0   c  0.0   1.12 210.89924 54.30499  5602.98  7460.35 2.60 2.30  36.8 -0.410    19.59 21.48 02a60048o0428c -0.181818   False
60050.476350 19.652575 NaN    1.0  16.0   c  0.0   0.98 210.89924 54.30499  7516.46  9037.85 2.57 2.41  40.9 -0.420    19.44 21.13 02a60050o0512c  0.125000    True
60050.479980 19.569016 NaN  -12.0  18.0   c  0.0   1.10 210.89924 54.30499  7496.92  8996.46 2.55 2.42  44.1 -0.415    19.18 20.81 02a60050o0520c -0.611111    True
60050.515339 20.009244 NaN   -3.0  12.0   c  0.0   1.58 210.89924 54.30499  7551.67  9071.19 2.59 2.38  37.6 -0.409    19.51 21.22 02a60050o0595c -0.166667    8192
60050.521155 19.569016 NaN   11.0  14.0   c  0.0   0.92 210.89924 54.30499  7569.75  8951.24 2.62 2.41  36.4 -0.410    19.50 21.21 02a60050o0607c  0.857143    True
60052.473293 19.922338 NaN  -33.0  13.0   c  0.0   1.46 210.89924 54.30499  5229.36  4837.09 2.42 2.19  34.8 -0.405    19.31 20.97 02a60052o0517c -2.461538    True
60052.476484 19.569016 NaN   -4.0  18.0   c  0.0   0.68 210.89924 54.30499  5209.73  4797.51 2.52 2.21  29.4 -0.396    19.08 20.78 02a60052o0524c -0.166667   False
60052.509238 19.841877 NaN  -20.0  14.0   c  0.0   0.81 210.89924 54.30499  5269.88  4866.85 2.54 2.21  32.3 -0.401    19.45 21.04 02a60052o0592c -1.357143   False
60052.515613 19.922338 NaN  -13.0  13.0   c  0.0   0.86 210.89924 54.30499  5290.91  4748.51 2.56 2.21  33.7 -0.395    19.42 20.99 02a60052o0605c -0.923077   False
60056.426687 19.766969 NaN    2.0  14.0   c  0.0   1.12 210.89924 54.30499  1339.30  5131.79 2.48 2.28  20.5 -0.422    19.44 21.06 02a60056o0426c  0.214286    True
60056.430308 19.510313 NaN   14.0  14.0   c  0.0   1.05 210.89924 54.30499  1320.95  5091.45 2.60 2.46  12.2 -0.418    19.37 21.05 02a60056o0434c  1.071429   False
60056.465450 19.791368 NaN    7.0  12.0   c  0.0   1.26 210.89924 54.30499  1373.26  5159.21 2.42 2.22  20.3 -0.426    19.49 21.06 02a60056o0509c  0.666667   False
60056.470537 20.009244 NaN  -12.0  12.0   c  0.0   0.84 210.89924 54.30499  1395.17  5040.50 2.42 2.23  17.1 -0.422    19.47 21.04 02a60056o0520c -0.916667   False
60058.400358 19.367717 NaN   13.0  17.0   c  0.0   0.79 210.89924 54.30499  5900.49  9517.69 2.76 2.42  41.3 -0.396    19.41 21.02 02a60058o0368c  0.823529   False
60058.403081 19.841877 NaN  -10.0  14.0   c  0.0   0.91 210.89924 54.30499  5921.64  9554.74 2.73 2.41  37.3 -0.401    19.44 21.03 02a60058o0374c -0.642857    True
60058.406260 19.841877 NaN  -24.0  14.0   c  0.0   1.21 210.89924 54.30499  5859.57  9479.30 2.78 2.42  42.0 -0.393    19.44 21.03 02a60058o0381c -1.642857   False
60058.412604 19.791368 NaN    1.0  14.0   c  0.0   1.46 210.89924 54.30499  5838.77  9598.85 2.73 2.40  39.1 -0.397    19.44 21.03 02a60058o0395c  0.142857   False
60076.451715 20.009244 NaN   -9.0  12.0   c  0.0   0.82 210.89924 54.30499  6760.86   951.07 2.33 2.17 -71.4 -0.423    19.51 21.04 02a60076o0241c -0.666667   False
60076.455118 20.039830 NaN    1.0  11.0   c  0.0   1.15 210.89924 54.30499  6741.70   913.23 2.31 2.11 -75.0 -0.430    19.50 21.03 02a60076o0248c  0.181818   False
60076.458122 20.009244 NaN   -9.0  12.0   c  0.0   0.86 210.89924 54.30499  6803.27   992.91 2.32 2.11 -72.4 -0.428    19.54 21.05 02a60076o0254c -0.666667   False
60076.463264 19.719755 NaN    7.0  13.0   c  0.0   0.63 210.89924 54.30499  6822.92   870.98 2.30 2.12 -79.9 -0.429    19.48 21.02 02a60076o0264c  0.615385   False
60078.380061 19.868040 NaN   10.0  10.0   c  0.0   1.65 210.89924 54.30499  3269.01  4951.66 2.32 2.16  25.4 -0.414    19.63 21.30 02a60078o0314c  1.100000   False
60078.383226 19.841877 NaN    8.0  11.0   c  0.0   1.04 210.89924 54.30499  3249.71  4916.25 2.29 2.16  19.0 -0.423    19.62 21.30 02a60078o0321c  0.818182   False
60078.390093 20.009244 NaN   -3.0  12.0   c  0.0   0.94 210.89924 54.30499  3308.47  4991.56 2.29 2.15  24.7 -0.417    19.59 21.30 02a60078o0336c -0.166667   False
60078.401655 19.894850 NaN    6.0  11.0   c  0.0   1.12 210.89924 54.30499  3328.94  4873.17 2.34 2.16  23.5 -0.418    19.61 21.34 02a60078o0361c  0.636364   False