         MJD         m       dm    uJy  duJy   F  err  chi/N        RA      Dec        x        y  maj  min   phi  apfit  mag5sig   Sky            Obs  __tmp_SN     Mask
57396.587948 19.510313      NaN  -25.0  19.0   c  0.0   0.85 210.89573 54.31529  7733.22  2250.15 4.00 3.60   7.7 -0.428    19.59 21.57 02a57396o0607c -1.526316   524288
57396.598947 19.510313      NaN    0.0  19.0   c  0.0   1.10 210.89573 54.31529  7446.89  1677.11 4.10 3.60   5.0 -0.444    19.60 21.58 02a57396o0625c -0.210526   524288
57396.614233 18.615142      NaN   32.0  34.0   c  0.0   1.08 210.89573 54.31529  8260.39  2821.29 3.80 3.60  19.8 -0.419    19.60 21.56 02a57396o0650c  0.823529   524288
57396.627717 18.336727      NaN   46.0  42.0   c  0.0   1.21 210.89573 54.31529  8522.77  1060.01 4.33 3.66  11.0 -0.431    19.59 21.57 02a57396o0672c  1.000000   524288
57424.598946 19.510313      NaN  -10.0  19.0   c  0.0   0.96 210.89573 54.31529  8231.68  1576.11 4.32 3.76  10.1 -0.440    19.70 21.79 02a57424o0633c -0.736842        0
57424.604067 19.051202      NaN   37.0  18.0   c  0.0   0.97 210.89573 54.31529  8495.61  2146.24 4.25 3.83  15.0 -0.423    19.68 21.79 02a57424o0641c  1.833333        0
57424.621336 19.569016      NaN  -11.0  18.0   c  0.0   0.84 210.89573 54.31529  7340.48  2763.58 4.02 3.71   9.6 -0.415    19.70 21.79 02a57424o0667c -0.833333   524288
57424.633626 19.051202      NaN   34.0  19.0   c  0.0   0.80 210.89573 54.31529  7263.44  2857.40 3.97 3.67  11.2 -0.418    19.70 21.79 02a57424o0685c  1.578947        0
57448.521048 19.256669      NaN   -8.0  24.0   c  0.0   0.91 210.89573 54.31529  7898.35  1766.95 4.00 3.65  14.7 -0.450    19.26 20.81 02a57448o0458c -0.500000        0
57448.543577 19.401649      NaN  -10.0  21.0   c  0.0   1.19 210.89573 54.31529  8190.28  2347.31 3.94 3.73  22.6 -0.440    19.21 20.77 02a57448o0497c -0.666667   524288
57448.565924 19.302877      NaN   -1.0  23.0   c  0.0   1.07 210.89573 54.31529  7049.69  2969.25 4.38 3.91  -1.3 -0.388    19.09 20.75 02a57448o0536c -0.217391        0
57448.596475 19.401649      NaN  -30.0  21.0   c  0.0   1.37 210.89573 54.31529  3378.49  7828.79 3.87 3.61 -70.5 -0.422    19.20 20.80 02a57448o0592c -1.619048        0
57449.515332 18.967180      NaN   32.0  22.0   c  0.0   0.90 210.89573 54.31529  8135.05  1717.63 4.04 3.63  15.2 -0.462    19.45 21.19 02a57449o0610c  1.272727        0
57449.538360 19.002397      NaN   38.0  19.0   c  0.0   1.06 210.89573 54.31529  8433.38  2295.53 3.82 3.59  29.9 -0.456    19.42 21.11 02a57449o0650c  1.789474        0
57449.558557 19.569016      NaN  -23.0  18.0   c  0.0   0.96 210.89573 54.31529  7293.05  2922.88 3.78 3.62  14.3 -0.427    19.39 21.07 02a57449o0688c -1.500000        0
57449.570520 19.454622      NaN  -23.0  20.0   c  0.0   1.02 210.89573 54.31529  7274.92  2862.22 3.76 3.57  17.6 -0.439    19.39 21.06 02a57449o0709c -1.350000        0
57458.509881 19.589310      NaN    6.0  17.0   c  0.0   1.37 210.89573 54.31529  8217.56  1570.19 4.32 3.77  15.2 -0.446    19.65 21.70 02a57458o0606c  0.117647   524288
57458.513259 19.510313      NaN   -4.0  19.0   c  0.0   1.15 210.89573 54.31529  8503.36  2139.00 4.21 3.90  23.4 -0.426    19.61 21.68 02a57458o0613c -0.421053        0
57458.536888 19.696897      NaN   -8.0  16.0   c  0.0   1.05 210.89573 54.31529  7376.54  2764.35 4.12 3.83   1.8 -0.403    19.60 21.68 02a57458o0653c -0.750000  4195328
57458.567769 19.743105      NaN    5.0  15.0   c  0.0   1.53 210.89573 54.31529  3374.80  7826.69 3.85 3.61 -73.1 -0.421    19.64 21.68 02a57458o0708c  0.066667   524288
57488.426551 19.454622      NaN  -12.0  20.0   c  0.0   1.00 210.89573 54.31529  8349.88  1642.52 4.32 3.81  19.8 -0.478    19.60 21.59 02a57488o0373c -0.800000   524288
57488.444090 19.038793      NaN   38.0  18.0   c  0.0   1.21 210.89573 54.31529  8637.22  2199.02 4.18 3.80  29.2 -0.461    19.60 21.61 02a57488o0405c  1.888889        0
57488.465855 19.401649      NaN   -6.0  21.0   c  0.0   0.82 210.89573 54.31529  7515.45  2845.66 4.06 3.72  15.2 -0.447    19.57 21.56 02a57488o0444c -0.476190   524288
57488.475297 19.631075      NaN   -4.0  17.0   c  0.0   1.25 210.89573 54.31529  3360.84  7818.36 3.98 3.61 -65.1 -0.439    19.55 21.54 02a57488o0460c -0.470588        0
57512.362600 19.241693      NaN   20.0  19.0   c  0.0   1.31 210.89573 54.31529  9537.35  2709.53 4.66 4.15  38.1 -0.435    19.51 21.58 02a57512o0305c  0.842105        0
57512.371077 19.569016      NaN  -29.0  18.0   c  0.0   1.42 210.89573 54.31529  9560.24  2745.83 4.57 4.08  39.4 -0.440    19.53 21.60 02a57512o0322c -1.833333   524288
57512.373986 19.401649      NaN   -9.0  21.0   c  0.0   0.87 210.89573 54.31529   353.28  2630.94 5.07 3.82 -34.2 -0.412    19.58 21.60 02a57512o0328c -0.619048   524288
57512.383392 18.786693      NaN   55.0  20.0   c  0.0   0.87 210.89573 54.31529   373.13  2668.11 5.11 3.92 -34.0 -0.413    19.54 21.60 02a57512o0347c  2.550000        0
57512.386899 19.318728      NaN   15.0  19.0   c  0.0   1.02 210.89573 54.31529  1003.32  7898.84 4.45 3.81 -58.4 -0.429    19.55 21.63 02a57512o0354c  0.578947   524288
57512.388945 19.454622      NaN    4.0  20.0   c  0.0   1.00 210.89573 54.31529   307.27  2591.63 5.17 3.88 -31.5 -0.403    19.57 21.61 02a57512o0358c  0.000000   524288
57512.397027 19.491430      NaN    5.0  19.0   c  0.0   1.00 210.89573 54.31529  1033.79  7779.62 4.38 3.76 -57.8 -0.429    19.55 21.60 02a57512o0374c  0.052632   524288
57512.407432 19.510313      NaN   -2.0  19.0   c  0.0   0.76 210.89573 54.31529 10224.83  7847.49 4.61 3.71  81.1 -0.426    19.54 21.62 02a57512o0395c -0.315789        0
57512.416849 19.169763      NaN   28.0  18.0   c  0.0   1.03 210.89573 54.31529  3635.08  8653.05 4.14 3.80 -62.0 -0.410    19.52 21.58 02a57512o0414c  1.333333        0
57515.371866 19.256669      NaN   -6.0  24.0   c  0.0   0.80 210.89573 54.31529  1977.55   505.11 5.35 3.74 -16.0 -0.483    19.58 21.68 02a57515o0321c -0.416667        0
57515.372987 19.212347      NaN  -10.0  25.0   c  0.0   1.12 210.89573 54.31529  7367.39   261.79 5.29 3.91  10.2 -0.491    19.61 21.70 02a57515o0323c -0.560000   524288
57515.374441 19.510313      NaN    7.0  18.0   c  0.0   1.07 210.89573 54.31529  8537.37 10095.17 4.30 3.86  75.5 -0.415    19.60 21.66 02a57515o0326c  0.166667   524288
57515.383262 19.038793      NaN   35.0  19.0   c  0.0   1.04 210.89573 54.31529  3123.57 10265.94 4.24 3.95 -48.5 -0.399    19.61 21.73 02a57515o0344c  1.631579        0
57515.385734 19.510313      NaN    0.0  19.0   c  0.0   0.99 210.89573 54.31529  8465.80 10015.63 4.16 3.76  74.5 -0.422    19.61 21.65 02a57515o0348c -0.210526        0
57515.386824 19.569016      NaN    0.0  18.0   c  0.0   1.10 210.89573 54.31529  3175.64 10350.44 4.28 3.97 -54.3 -0.402    19.61 21.70 02a57515o0350c -0.222222        0
57515.400161 18.889197      NaN   48.0  19.0   c  0.0   1.04 210.89573 54.31529  3210.13 10230.22 4.17 3.92 -48.4 -0.390    19.61 21.69 02a57515o0376c  2.315789   524288
57515.402098 19.256669      NaN   13.0  21.0   c  0.0   0.94 210.89573 54.31529  2059.24   430.92 5.16 3.65 -15.9 -0.485    19.58 21.64 02a57515o0380c  0.428571   524288
57515.409082 19.351140      NaN    1.0  22.0   c  0.0   0.88 210.89573 54.31529  2010.50   493.57 5.24 3.65 -14.9 -0.478    19.58 21.61 02a57515o0393c -0.136364        0
57515.410533 19.241693      NaN   26.0  17.0   c  0.0   1.03 210.89573 54.31529  3169.20 10293.90 4.12 3.91 -42.5 -0.392    19.61 21.65 02a57515o0396c  1.294118        0
57545.329395 19.367717      NaN   12.0  19.0   c  0.0   1.03 210.89573 54.31529  1138.35  8157.39 4.40 3.94 -56.1 -0.415    19.59 21.73 02a57545o0190c  0.421053        0
57545.338129 19.401649      NaN   -8.0  21.0   c  0.0   1.00 210.89573 54.31529  1125.46  8120.06 4.40 3.93 -61.1 -0.432    19.58 21.75 02a57545o0208c -0.571429   524288
57545.345896 19.142275      NaN   24.0  20.0   c  0.0   0.90 210.89573 54.31529 10337.23  8241.54 4.56 3.63  80.2 -0.430    19.64 21.77 02a57545o0224c  1.000000        0
57545.355107 19.766969      NaN  -31.0  15.0   c  0.0   1.47 210.89573 54.31529  1183.89  8195.87 4.15 3.77 -57.0 -0.430    19.62 21.73 02a57545o0243c -2.333333  4194560
57545.356559 19.155932      NaN   23.0  20.0   c  0.0   0.87 210.89573 54.31529 10325.34  8203.86 4.65 3.62  82.6 -0.426    19.64 21.79 02a57545o0246c  0.950000        0
57545.358980 19.569016      NaN  -16.0  18.0   c  0.0   0.93 210.89573 54.31529 10382.40  8285.90 4.64 3.65  81.3 -0.435    19.64 21.79 02a57545o0251c -1.111111   524288
57545.361400 19.401649      NaN   -1.0  21.0   c  0.0   0.96 210.89573 54.31529  1196.81  8078.59 4.39 3.92 -58.1 -0.425    19.56 21.74 02a57545o0256c -0.238095        0
57545.371093 19.454622      NaN  -12.0  20.0   c  0.0   1.17 210.89573 54.31529  1164.16  8139.26 4.36 3.89 -56.8 -0.427    19.46 21.59 02a57545o0276c -0.800000   524288
57545.380784 19.351140      NaN   -5.0  22.0   c  0.0   1.04 210.89573 54.31529 10395.06  8173.23 4.68 3.68  80.3 -0.420    19.41 21.51 02a57545o0296c -0.409091        0
57545.390661 19.454622      NaN    4.0  20.0   c  0.0   1.08 210.89573 54.31529 10357.51  8233.06 4.89 3.82  79.3 -0.420    19.52 21.66 02a57545o0315c  0.000000        0
57549.332077 19.454622      NaN  -17.0  20.0   c  0.0   1.06 210.89573 54.31529  2426.28  9683.07 4.08 3.84 -55.1 -0.424    19.44 21.31 02a57549o0078c -1.050000        0
57549.342782 19.454622      NaN  -11.0  20.0   c  0.0   1.16 210.89573 54.31529  2416.12  9643.29 4.16 3.87 -53.8 -0.416    19.44 21.33 02a57549o0100c -0.750000        0
57549.359807 19.212347      NaN   13.0  22.0   c  0.0   0.97 210.89573 54.31529  2472.46  9718.71 4.11 3.83 -48.4 -0.419    19.46 21.36 02a57549o0135c  0.409091   524288
57549.367069 18.847027      NaN   43.0  22.0   c  0.0   1.07 210.89573 54.31529  2485.11  9601.91 4.12 3.84 -53.7 -0.423    19.47 21.39 02a57549o0150c  1.772727  4194560
57549.375839 19.510313      NaN  -14.0  19.0   c  0.0   1.12 210.89573 54.31529  2453.66  9665.63 4.25 3.90 -49.3 -0.416    19.49 21.47 02a57549o0168c -0.947368        0
57581.293250 19.169763      NaN    7.0  25.0   c  0.0   1.12 210.89573 54.31529  3756.37  6920.29 4.17 3.83 -77.1 -0.443    19.01 20.64 02a57581o0088c  0.120000   524288
57581.304631 18.921935      NaN   24.0  26.0   c  0.0   0.93 210.89573 54.31529  3743.78  6878.93 4.12 3.85 -62.2 -0.443    19.01 20.65 02a57581o0111c  0.769231        0
57581.321240 18.590371      NaN   53.0  28.0   c  0.0   0.82 210.89573 54.31529  3799.19  6953.44 3.97 3.69 -62.9 -0.451    19.00 20.58 02a57581o0145c  1.750000        0
57581.328019 18.878500      NaN   25.0  27.0   c  0.0   1.18 210.89573 54.31529  3811.56  6836.06 3.92 3.63 -72.3 -0.454    19.00 20.57 02a57581o0159c  0.777778        0
57581.338880 19.089302      NaN   -4.0  28.0   c  0.0   0.84 210.89573 54.31529  3778.81  6895.04 3.99 3.68 -66.1 -0.453    18.93 20.48 02a57581o0181c -0.285714        0
57605.257770 18.757738      NaN  -30.0  38.0   c  0.0   1.00 210.89573 54.31529  4019.67  6995.09 4.26 3.91  41.4 -0.371    18.85 21.71 02a57605o0052c -0.894737  4194560
57605.266058 18.504094      NaN   37.0  37.0   c  0.0   1.12 210.89573 54.31529  3996.74  6954.51 4.44 4.23  41.7 -0.399    18.84 21.70 02a57605o0066c  0.891892   532480
57605.277177 18.623526      NaN -117.0  43.0   c  0.0   0.92 210.89573 54.31529  4052.94  7027.99 5.25 5.14  64.4 -0.324    18.70 21.72 02a57605o0085c -2.813953  4194560
57605.290850 19.351140      NaN  -26.0  22.0   c  0.0   1.09 210.89573 54.31529  4076.61  6911.92 4.92 4.71 -64.7 -0.355    19.19 21.41 02a57605o0109c -1.363636  4194560
57605.303123 19.212347      NaN   22.0  19.0   c  0.0   1.07 210.89573 54.31529  4031.29  6967.74 4.12 3.93 -60.2 -0.388    19.35 21.41 02a57605o0133c  0.947368   532480
57609.251150 19.128787      NaN  -16.0  27.0   c  0.0   0.98 210.89573 54.31529  1314.29 10128.06 4.18 3.78 -54.7 -0.424    19.04 20.57 02a57609o0045c -0.740741        0
57609.257024       NaN      NaN    NaN   NaN NaN  NaN    NaN       NaN      NaN      NaN      NaN  NaN  NaN   NaN    NaN      NaN   NaN            NaN       NaN  4196352
57609.260345 18.889197      NaN   24.0  27.0   c  0.0   0.95 210.89573 54.31529  1290.49 10086.52 4.24 3.89 -54.1 -0.430    19.15 20.84 02a57609o0061c  0.740741        0
57609.274446 18.657725      NaN   45.0  28.0   c  0.0   0.79 210.89573 54.31529  1345.62 10162.33 4.24 4.00 -55.0 -0.432    19.15 20.86 02a57609o0086c  1.464286        0
57609.275582 15.430636      NaN  799.0 549.0   c  0.0   0.08 210.89573 54.31529 10524.44 10210.63 5.08 4.04  81.4 -0.382    19.23 20.97 02a57609o0088c  1.448087  4194562
57609.283416 18.967180      NaN   14.0  28.0   c  0.0   0.99 210.89573 54.31529  1357.52 10039.47 4.35 3.86 -54.8 -0.413    19.11 20.83 02a57609o0102c  0.357143        0
57609.293767 19.051202      NaN   13.0  26.0   c  0.0   1.01 210.89573 54.31529  1321.27 10103.73 4.49 3.94 -54.0 -0.404    19.06 20.79 02a57609o0120c  0.346154        0
57746.613969 19.569016      NaN   -6.0  18.0   c  0.0   0.92 210.89573 54.31529  9598.26  2372.57 4.06 3.82  81.9 -0.422    19.61 21.65 02a57746o0819c -0.555556        0
57746.625461 19.569016      NaN    1.0  18.0   c  0.0   1.25 210.89573 54.31529  9608.64  2412.20 4.08 3.83  80.9 -0.420    19.61 21.63 02a57746o0841c -0.166667        0
57746.627011 19.631075      NaN    0.0  17.0   c  0.0   1.18 210.89573 54.31529   401.74  2301.13 4.23 4.16 -88.5 -0.368    19.54 21.57 02a57746o0844c -0.235294   524288
57746.636855 19.510313      NaN   -5.0  19.0   c  0.0   0.92 210.89573 54.31529  9553.12  2339.29 4.24 4.02  81.1 -0.403    19.60 21.66 02a57746o0863c -0.473684   524288
57746.638445 19.696897      NaN    2.0  16.0   c  0.0   1.22 210.89573 54.31529   414.36  2341.32 4.28 4.21  86.0 -0.364    19.56 21.60 02a57746o0866c -0.125000   524288
57746.648259 19.510313      NaN  -34.0  19.0   c  0.0   0.95 210.89573 54.31529  9539.11  2457.45 4.17 3.92  78.9 -0.407    19.60 21.66 02a57746o0885c -2.000000   524288
57746.650355 19.226921      NaN   24.0  18.0   c  0.0   1.14 210.89573 54.31529   355.59  2258.94 4.15 4.02  85.8 -0.380    19.60 21.59 02a57746o0889c  1.111111   524288
57746.659628 19.510313      NaN  -10.0  19.0   c  0.0   1.04 210.89573 54.31529  9575.25  2399.19 4.06 3.80  79.7 -0.417    19.52 21.38 02a57746o0907c -0.736842        0
57746.661195 19.454622      NaN  -10.0  20.0   c  0.0   1.05 210.89573 54.31529   344.59  2395.46 4.09 3.96  84.3 -0.381    19.40 21.16 02a57746o0910c -0.700000   524288
57746.669931 18.649074      NaN  -48.0  42.0   c  0.0   0.93 210.89573 54.31529   377.89  2319.86 4.32 4.15  80.1 -0.358    18.45 19.40 02a57746o0927c -1.238095        0
57778.570698 19.454622      NaN  -39.0  20.0   c  0.0   0.90 210.89573 54.31529  9089.21 10196.29 4.12 3.71 -88.1 -0.431    19.77 21.82 02a57778o0568c -2.150000   524288
57778.576629 19.367717      NaN   12.0  19.0   c  0.0   1.31 210.89573 54.31529  7864.73   395.09 4.00 3.78  15.0 -0.455    19.75 21.80 02a57778o0578c  0.421053   524288
57778.584061 19.256669      NaN   16.0  20.0   c  0.0   0.96 210.89573 54.31529  9102.57 10237.76 4.08 3.68 -88.1 -0.432    19.77 21.81 02a57778o0592c  0.600000        0
57778.589437 19.089302      NaN   28.0  20.0   c  0.0   0.78 210.89573 54.31529  7877.00   435.99 3.94 3.77  17.9 -0.452    19.77 21.82 02a57778o0602c  1.200000   524288
57778.596885 19.569016      NaN   -7.0  18.0   c  0.0   0.83 210.89573 54.31529  9045.22 10163.72 4.09 3.73  89.5 -0.433    19.78 21.83 02a57778o0616c -0.611111        0
57778.602290 19.401649      NaN   -8.0  21.0   c  0.0   0.96 210.89573 54.31529  7834.49   360.62 3.95 3.73  14.9 -0.453    19.79 21.85 02a57778o0626c -0.571429   524288
57778.609876 19.510313      NaN  -26.0  19.0   c  0.0   0.82 210.89573 54.31529  9023.09 10284.88 4.04 3.68 -88.5 -0.432    19.80 21.86 02a57778o0640c -1.578947   524288
57778.615190 19.631075      NaN  -13.0  17.0   c  0.0   1.10 210.89573 54.31529  7813.92   484.29 3.84 3.67  17.4 -0.453    19.81 21.88 02a57778o0650c -1.000000        0
57778.622705 19.510313      NaN    7.0  18.0   c  0.0   0.98 210.89573 54.31529  9068.57 10225.38 3.98 3.63 -89.0 -0.436    19.82 21.89 02a57778o0664c  0.166667        0
57778.628048 19.510313      NaN    7.0  18.0   c  0.0   1.40 210.89573 54.31529  7848.02   425.21 3.99 3.81  15.1 -0.447    19.77 21.86 02a57778o0674c  0.166667   524288
57782.565439 19.696897      NaN   -3.0  16.0   c  0.0   1.06 210.89573 54.31529  8300.59  1395.05 3.86 3.76  84.3 -0.416    19.82 21.96 02a57782o0717c -0.437500        0
57782.579866 19.051202      NaN   34.0  19.0   c  0.0   0.74 210.89573 54.31529  8322.54  1434.97 3.89 3.75 -88.4 -0.409    19.84 21.99 02a57782o0743c  1.578947        0
57782.593858 19.766969      NaN  -13.0  15.0   c  0.0   1.15 210.89573 54.31529  8266.23  1361.91 3.81 3.67  86.8 -0.414    19.88 22.03 02a57782o0769c -1.133333        0
57782.607900 19.549093      NaN    5.0  18.0   c  0.0   0.97 210.89573 54.31529  8243.27  1485.48 3.93 3.77  83.5 -0.405    19.81 21.96 02a57782o0795c  0.055556  4194560
57782.621826 19.367717      NaN   21.0  16.0   c  0.0   1.03 210.89573 54.31529  8291.79  1427.37 3.86 3.71  85.7 -0.415    19.84 21.99 02a57782o0821c  1.062500        0
57786.563706 19.510313      NaN   -5.0  19.0   c  0.0   0.75 210.89573 54.31529  9316.34  9916.01 3.91 3.51 -86.0 -0.427    19.80 21.89 02a57786o0507c -0.473684   524288
57786.566299 19.454622      NaN  -28.0  20.0   c  0.0   0.91 210.89573 54.31529  8073.61   116.07 3.90 3.68  12.5 -0.447    19.82 21.92 02a57786o0512c -1.600000        0
57786.576403 19.589310      NaN    9.0  16.0   c  0.0   1.19 210.89573 54.31529  9327.51  9956.30 3.97 3.59 -88.6 -0.419    19.82 21.94 02a57786o0531c  0.312500   524288
57786.579012 19.401649      NaN  -15.0  21.0   c  0.0   1.09 210.89573 54.31529  8085.88   156.62 3.88 3.68  17.0 -0.448    19.85 21.96 02a57786o0536c -0.904762        0
57786.589214 19.549093      NaN   11.0  16.0   c  0.0   1.32 210.89573 54.31529  9269.35  9880.85 3.94 3.57 -90.0 -0.430    19.83 21.94 02a57786o0555c  0.437500   524288
57786.591848 19.510313      NaN    1.0  19.0   c  0.0   1.22 210.89573 54.31529  8030.16    80.90 3.91 3.71  15.2 -0.450    19.68 21.79 02a57786o0560c -0.157895   524288
57786.602149 19.212347      NaN  -15.0  25.0   c  0.0   1.10 210.89573 54.31529  9246.61 10002.54 3.98 3.64  85.5 -0.433    19.48 21.55 02a57786o0579c -0.760000        0
57786.604786 19.302877      NaN  -14.0  23.0   c  0.0   0.95 210.89573 54.31529  8018.82   202.06 3.88 3.76  18.5 -0.442    19.84 21.98 02a57786o0584c -0.782609   524288
57786.615038 19.256669      NaN   22.0  18.0   c  0.0   1.08 210.89573 54.31529  9291.57  9943.83 3.95 3.59  86.1 -0.426    19.78 21.88 02a57786o0603c  1.000000   524288
57786.617646 19.401649      NaN  -31.0  21.0   c  0.0   0.84 210.89573 54.31529  8053.20   145.50 3.90 3.74  24.3 -0.449    19.84 21.99 02a57786o0608c -1.666667        0
57806.543426 19.549093      NaN    8.0  17.0   c  0.0   1.36 210.89573 54.31529  9176.18  1298.67 3.85 3.71  59.8 -0.446    19.76 21.82 02a57806o0606c  0.235294        0
57806.546470 19.436675      NaN   14.0  17.0   c  0.0   1.22 210.89573 54.31529  9202.44  1335.82 3.98 3.84  55.0 -0.429    19.74 21.83 02a57806o0612c  0.588235   524288
57806.563479 19.569016      NaN  -19.0  18.0   c  0.0   0.94 210.89573 54.31529  9144.99  1263.08 4.05 3.88  52.1 -0.427    19.76 21.89 02a57806o0643c -1.277778        0
57806.577726 19.510313      NaN  -30.0  19.0   c  0.0   1.09 210.89573 54.31529  9124.62  1382.23 3.91 3.72  64.9 -0.441    19.76 21.84 02a57806o0669c -1.789474   524288
57806.591596 19.197966      NaN   20.0  20.0   c  0.0   0.79 210.89573 54.31529  9174.69  1321.53 3.91 3.71  60.7 -0.439    19.72 21.75 02a57806o0695c  0.800000        0
57834.492888 19.696897      NaN  -37.0  16.0   c  0.0   1.13 210.89573 54.31529  8076.89  3366.74 3.99 3.71  87.7 -0.381    19.07 21.15 02a57834o0443c -2.562500     4096
57834.503330 18.867907      NaN   44.0  21.0   c  0.0   1.10 210.89573 54.31529  2405.65  7044.50 3.82 3.69  44.7 -0.427    19.11 21.19 02a57834o0463c  1.904762        0
57834.527024 18.978793      NaN   25.0  24.0   c  0.0   1.06 210.89573 54.31529  2452.96  7120.51 3.81 3.67  46.2 -0.424    19.04 21.02 02a57834o0506c  0.875000   524288
57834.542612 19.226921      NaN   15.0  21.0   c  0.0   1.27 210.89573 54.31529  2472.15  7005.37 4.01 3.88  51.9 -0.407    18.92 20.83 02a57834o0535c  0.523810        0
57834.554663 19.351140      NaN   -5.0  22.0   c  0.0   1.08 210.89573 54.31529  2427.06  7066.76 4.05 3.88  49.5 -0.393    18.86 20.73 02a57834o0557c -0.409091        0
57838.492206 19.401649      NaN   -2.0  21.0   c  0.0   1.00 210.89573 54.31529   146.58   594.27 4.43 4.38 -73.1 -0.377    19.01 21.19 02a57838o0454c -0.285714   524288
57838.492735 19.302877 0.346177   73.0  22.0   c  0.0   1.21 210.89573 54.31529  1508.63 10403.19 4.33 4.18  26.1 -0.383    19.04 21.20 02a57838o0455c  3.136364   528384
57838.494486 19.334813      NaN    5.0  22.0   c  0.0   0.96 210.89573 54.31529  9002.55    85.60 4.02 3.88  39.2 -0.447    19.06 21.21 02a57838o0458c  0.045455   524288
57838.495005 19.401649      NaN    2.0  21.0   c  0.0   1.21 210.89573 54.31529 10366.44  9897.86 4.46 4.09  80.9 -0.413    19.01 21.18 02a57838o0459c -0.095238  4194560
57838.505700 19.226921      NaN   15.0  21.0   c  0.0   1.07 210.89573 54.31529 10294.97  9822.66 4.42 4.10  82.0 -0.402    19.02 21.17 02a57838o0479c  0.523810   524288
57838.524714 19.510313      NaN  -20.0  19.0   c  0.0   1.00 210.89573 54.31529   205.15   511.09 4.25 4.18 -14.6 -0.374    19.03 21.14 02a57838o0515c -1.263158   524288
57838.528687 19.197966      NaN   11.0  23.0   c  0.0   0.98 210.89573 54.31529  1557.56 10318.21 4.13 3.95  18.5 -0.401    19.04 21.15 02a57838o0522c  0.304348  4194560
57838.541835 19.142275      NaN   21.0  21.0   c  0.0   1.10 210.89573 54.31529  1529.77 10380.73 4.23 3.75   9.1 -0.384    19.03 21.12 02a57838o0547c  0.809524   524288
57838.542881 19.401649      NaN  -23.0  21.0   c  0.0   0.96 210.89573 54.31529   171.69   566.64 4.09 3.98 -87.8 -0.398    19.06 21.09 02a57838o0549c -1.285714        0
57842.515338 19.256669      NaN  -27.0  24.0   c  0.0   0.87 210.89573 54.31529  3852.67  6732.00 4.04 3.91  55.3 -0.397    18.98 21.04 02a57842o0427c -1.291667   524288
57842.526432 19.014394      NaN   28.0  22.0   c  0.0   0.99 210.89573 54.31529  3895.83  6807.68 4.26 4.09  67.2 -0.387    18.93 21.04 02a57842o0448c  1.090909        0
57842.544005 19.351140      NaN   10.0  20.0   c  0.0   1.11 210.89573 54.31529  3916.90  6687.46 4.12 3.96  75.6 -0.378    18.94 20.97 02a57842o0481c  0.300000        0
57862.478560 19.510313      NaN  -28.0  19.0   c  0.0   1.03 210.89573 54.31529  3545.01  6963.70 3.82 3.70  86.0 -0.396    18.84 20.47 02a57862o0525c -1.684211        0
57862.500554 19.038793      NaN   23.0  23.0   c  0.0   0.92 210.89573 54.31529  3522.11  6923.74 3.78 3.66  86.7 -0.403    18.76 20.25 02a57862o0570c  0.826087        0
57862.510937 19.226921      NaN   15.0  21.0   c  0.0   1.09 210.89573 54.31529  3578.97  6999.44 3.72 3.61  84.9 -0.412    18.74 20.17 02a57862o0591c  0.523810   524288
57862.522570 19.256669      NaN    0.0  24.0   c  0.0   0.81 210.89573 54.31529  3602.93  6881.00 3.74 3.65  72.2 -0.401    18.68 20.07 02a57862o0615c -0.166667        0
57862.530436 19.384550      NaN    5.0  21.0   c  0.0   1.45 210.89573 54.31529  3569.83  6939.90 3.69 3.59  76.3 -0.414    18.67 20.02 02a57862o0631c  0.047619   524288
57870.492158 20.103715      NaN    7.0  10.0   c  0.0   1.62 210.89573 54.31529  1917.41  8607.29 2.43 2.27   7.6 -0.466    19.53 20.68 02a57870o0440c  0.300000        0
57870.509600 20.039830      NaN    6.0  11.0   c  0.0   1.09 210.89573 54.31529  1894.23  8569.34 2.45 2.28   5.7 -0.462    19.48 20.63 02a57870o0473c  0.181818        0
57870.517991 20.207197      NaN   -1.0  10.0   c  0.0   1.33 210.89573 54.31529  1949.49  8641.34 2.46 2.31   7.1 -0.468    19.46 20.60 02a57870o0489c -0.500000        0
57870.530201 20.103715      NaN    0.0  11.0   c  0.0   1.13 210.89573 54.31529  1975.17  8523.83 2.48 2.35   1.4 -0.461    19.42 20.58 02a57870o0512c -0.363636        0
57870.541671 20.009244      NaN  -16.0  12.0   c  0.0   1.04 210.89573 54.31529  1942.41  8581.51 2.47 2.35   0.7 -0.466    19.42 20.55 02a57870o0534c -1.666667        0
57894.386745 20.009244      NaN   -3.0  12.0   c  0.0   0.96 210.89573 54.31529  1340.60  9781.64 2.54 2.32 -11.5 -0.463    19.65 21.54 02a57894o0292c -0.583333        0
57894.416893 20.207197      NaN   -7.0  10.0   c  0.0   1.31 210.89573 54.31529  1317.53  9740.89 2.59 2.35 -13.8 -0.468    19.81 21.74 02a57894o0349c -1.100000   524288
57894.419529 19.719755      NaN   18.0  11.0   c  0.0   1.24 210.89573 54.31529  1374.99  9813.18 2.58 2.37  -6.4 -0.466    19.78 21.70 02a57894o0354c  1.272727        0
57894.441778 19.841877      NaN   -5.0  14.0   c  0.0   0.69 210.89573 54.31529  1389.47  9693.32 2.54 2.29  -7.5 -0.473    19.68 21.53 02a57894o0396c -0.642857  4194560
57894.453543 19.841877      NaN  -10.0  14.0   c  0.0   1.01 210.89573 54.31529  1354.41  9752.47 2.53 2.30  -4.3 -0.473    19.49 21.27 02a57894o0418c -1.000000   524288
57898.389114 20.071303      NaN    5.0  11.0   c  0.0   1.26 210.89573 54.31529  1875.68  8732.09 2.66 2.37  -5.3 -0.481    19.73 21.69 02a57898o0138c  0.090909        0
57898.398663 20.207197      NaN   -8.0  10.0   c  0.0   1.11 210.89573 54.31529  1852.04  8692.09 2.48 2.29  -0.9 -0.503    19.78 21.72 02a57898o0156c -1.200000        0
57898.417223 20.009244      NaN   -5.0  12.0   c  0.0   0.98 210.89573 54.31529  1907.54  8765.94 2.59 2.34 -11.9 -0.486    19.75 21.68 02a57898o0191c -0.750000        0
57898.437402 20.009244      NaN   -9.0  12.0   c  0.0   0.83 210.89573 54.31529  1933.46  8645.22 2.46 2.24   2.0 -0.503    19.75 21.62 02a57898o0229c -1.083333        0
57898.446924 20.103715      NaN   -3.0  11.0   c  0.0   1.39 210.89573 54.31529  1899.45  8702.69 2.67 2.48   1.6 -0.486    19.69 21.60 02a57898o0247c -0.636364        0
57902.386132 20.171596      NaN    5.0  10.0   c  0.0   1.22 210.89573 54.31529  4398.74  7543.23 2.52 2.42  -3.6 -0.451    19.81 21.63 02a57902o0297c  0.100000        0
57902.397408 20.207197      NaN   -2.0  10.0   c  0.0   1.17 210.89573 54.31529  4388.22  7503.33 2.57 2.47  -9.1 -0.461    19.77 21.60 02a57902o0319c -0.600000        0
57902.399963 20.009244      NaN    0.0  12.0   c  0.0   0.98 210.89573 54.31529  4435.12  7581.31 2.59 2.45  -2.6 -0.449    19.78 21.58 02a57902o0324c -0.333333   524288
57902.422768 20.009244      NaN  -13.0  12.0   c  0.0   0.95 210.89573 54.31529  4459.37  7462.26 2.56 2.45  -0.1 -0.463    19.79 21.63 02a57902o0368c -1.416667        0
57902.433611 19.922338      NaN   -1.0  13.0   c  0.0   0.89 210.89573 54.31529  4424.24  7519.05 2.61 2.52  -1.8 -0.455    19.67 21.49 02a57902o0389c -0.384615   524288
58020.235926 19.791368      NaN    6.0  14.0   c  0.0   1.49 210.89573 54.31529  3564.29  3779.83 2.41 2.31 -78.1 -0.409    19.28 20.64 02a58020o0006c  0.142857 12583168
58194.569176 20.039830      NaN    9.0  10.0   c  0.0   1.33 210.89573 54.31529  2284.96  8896.14 2.55 2.35  22.2 -0.453    19.73 21.58 02a58194o0731c  0.500000        0
58194.580281 19.922338      NaN   13.0  10.0   c  0.0   1.06 210.89573 54.31529  2260.72  8857.78 2.56 2.31  25.0 -0.453    19.75 21.58 02a58194o0749c  0.900000        0
58194.590959 19.894850      NaN   11.0  11.0   c  0.0   1.48 210.89573 54.31529  2310.57  8930.01 2.63 2.46  14.7 -0.444    19.72 21.58 02a58194o0768c  0.636364        0
58194.602403 19.841877      NaN   13.0  11.0   c  0.0   1.28 210.89573 54.31529  2320.41  8811.05 2.42 2.21  17.2 -0.466    19.75 21.57 02a58194o0786c  0.818182        0
58196.529228 18.115332      NaN   51.0  53.0   c  0.0   0.89 210.89573 54.31529  4980.92  3713.57 2.58 2.44  19.5 -0.397    17.79 19.73 02a58196o0652c  0.886792   524288
58196.535461 20.207197      NaN    0.0  10.0   c  0.0   1.39 210.89573 54.31529  4949.60  3677.57 2.45 2.31  46.1 -0.411    19.80 21.89 02a58196o0663c -0.400000        0
58196.543979 17.774377      NaN  -10.0  94.0   c  0.0   1.11 210.89573 54.31529  5005.49  3752.80 2.45 2.34  37.8 -0.438    16.95 18.82 02a58196o0680c -0.148936        0
58251.578978 20.207197      NaN    0.0  10.0   c  0.0   1.23 210.89573 54.31529  4149.33  3792.04 2.73 2.54 -52.9 -0.387    19.50 21.34 02a58251o0733c -0.400000        0
58251.587115 20.009244      NaN   -8.0  12.0   c  0.0   0.92 210.89573 54.31529  4148.61  3796.03 2.83 2.62 -51.2 -0.378    19.45 21.26 02a58251o0749c -1.000000   524288
58251.594640 19.791368      NaN   12.0  12.0   c  0.0   1.36 210.89573 54.31529  4137.05  3799.62 2.69 2.55 -50.4 -0.388    19.43 21.20 02a58251o0764c  0.666667   524288
58251.602316 19.922338      NaN  -33.0  13.0   c  0.0   1.61 210.89573 54.31529  4147.05  3802.37 3.00 2.79 -53.3 -0.380    19.28 21.09 02a58251o0779c -2.846154   524288
58252.572007 19.472870      NaN   30.0  11.0   c  0.0   1.29 210.89573 54.31529  4148.81  3788.15 2.58 2.45 -49.8 -0.394    19.44 21.13 02a58252o0684c  2.363636        0
58252.582264 19.922338      NaN  -11.0  13.0   c  0.0   0.87 210.89573 54.31529  4147.83  3793.40 2.51 2.40 -48.6 -0.402    19.46 21.08 02a58252o0703c -1.153846   524288
58252.589663 19.922338      NaN    4.0  13.0   c  0.0   0.94 210.89573 54.31529  4136.07  3796.70 2.54 2.45 -46.7 -0.398    19.40 21.05 02a58252o0718c  0.000000        0
58252.598499 19.841877      NaN   -2.0  14.0   c  0.0   0.96 210.89573 54.31529  4147.19  3799.76 2.49 2.40 -52.9 -0.398    19.37 20.99 02a58252o0735c -0.428571        0
58256.417856 19.014394      NaN   -2.0  30.0   c  0.0   0.18 210.89573 54.31529  3218.64  5384.99 2.37 2.34 -16.2 -0.425    19.82 21.77 02a58256o0256c -0.200000        0
58256.432475 20.207197      NaN  -10.0  10.0   c  0.0   1.31 210.89573 54.31529  3196.63  5344.52 2.41 2.41  17.3 -0.424    19.76 21.79 02a58256o0287c -1.400000  4194560
58256.449876 19.816329      NaN   11.0  12.0   c  0.0   0.83 210.89573 54.31529  3252.70  5420.64 2.34 2.31  10.9 -0.431    19.80 21.75 02a58256o0324c  0.583333        0
58256.458792 20.137125      NaN    6.0  10.0   c  0.0   0.65 210.89573 54.31529  3276.60  5301.51 2.38 2.30  39.6 -0.425    19.79 21.74 02a58256o0343c  0.200000   524288
58280.393689 20.207197      NaN  -10.0  10.0   c  0.0   1.30 210.89573 54.31529  5382.32  4905.90 2.45 2.41 -69.0 -0.419    19.75 21.71 02a58280o0323c -1.400000        0
58280.407270 19.719755      NaN   15.0  12.0   c  0.0   1.16 210.89573 54.31529  5372.02  4869.78 2.53 2.51  54.1 -0.412    19.67 21.62 02a58280o0352c  0.916667        0
58280.414598 20.009244      NaN   -8.0  12.0   c  0.0   1.36 210.89573 54.31529  5427.36  4943.59 2.44 2.41  54.0 -0.422    19.45 21.31 02a58280o0368c -1.000000        0
58280.424534 20.103715      NaN    2.0  11.0   c  0.0   1.02 210.89573 54.31529  5438.51  4831.25 2.42 2.38  53.4 -0.418    19.72 21.59 02a58280o0389c -0.181818        0
58284.387122 19.950541      NaN    6.0  12.0   c  0.0   1.12 210.89573 54.31529  2855.74  5656.23 2.36 2.30   0.5 -0.420    19.59 21.41 02a58284o0307c  0.166667        0
58284.391741 20.171596      NaN    8.0   9.0   c  0.0   1.33 210.89573 54.31529  2830.19  5617.68 2.35 2.29   3.8 -0.422    19.62 21.46 02a58284o0317c  0.444444        0
58284.403480 20.103715      NaN    4.0  11.0   c  0.0   1.57 210.89573 54.31529  2888.70  5695.21 2.40 2.34  20.4 -0.428    19.67 21.53 02a58284o0342c  0.000000        0
58284.411716 20.009244      NaN    0.0  12.0   c  0.0   0.94 210.89573 54.31529  2910.02  5574.63 2.44 2.38  21.7 -0.431    19.70 21.54 02a58284o0360c -0.333333        0
58308.365311 20.207197      NaN  -19.0  10.0   c  0.0   1.09 210.89573 54.31529  5593.97  3926.15 2.75 2.47 -51.1 -0.410    19.67 21.59 02a58308o0015c -2.300000  4194560
58308.374538 20.103715      NaN   -3.0  11.0   c  0.0   1.03 210.89573 54.31529  5615.39  3807.66 2.67 2.48 -51.9 -0.409    19.64 21.54 02a58308o0035c -0.636364     8192
58312.333401 20.103715      NaN   -4.0  11.0   c  0.0   1.02 210.89573 54.31529  5144.95  3964.84 2.52 2.35 -53.7 -0.416    19.75 21.63 02a58312o0193c -0.727273        0
58312.339561 20.137125      NaN    6.0  10.0   c  0.0   1.36 210.89573 54.31529  5119.75  3924.49 2.69 2.43 -54.6 -0.407    19.71 21.63 02a58312o0206c  0.200000        0
58312.349040 19.816329      NaN   17.0  10.0   c  0.0   1.15 210.89573 54.31529  5177.11  4001.17 2.58 2.48 -50.8 -0.410    19.67 21.61 02a58312o0226c  1.300000        0
58312.361108 20.039830      NaN    6.0  11.0   c  0.0   1.17 210.89573 54.31529  5199.33  3883.76 2.53 2.47 -50.0 -0.409    19.68 21.58 02a58312o0252c  0.181818        0
58316.328042 19.766969      NaN  -16.0  15.0   c  0.0   1.18 210.89573 54.31529  3284.37  3444.68 3.09 2.96 -61.8 -0.381    19.36 21.19 02a58316o0183c -1.333333   524288
58316.337992 19.868040      NaN   12.0  11.0   c  0.0   1.30 210.89573 54.31529  3273.36  3403.63 3.05 3.00  68.9 -0.365    19.34 21.27 02a58316o0204c  0.727273   524288
58316.346903 20.009244      NaN    4.0  12.0   c  0.0   1.12 210.89573 54.31529  3328.91  3479.07 2.82 2.80  35.0 -0.378    19.44 21.34 02a58316o0223c  0.000000        0
58316.359453 19.510313      NaN   16.0  15.0   c  0.0   0.90 210.89573 54.31529  3350.94  3361.66 3.39 3.33 -52.5 -0.357    19.31 21.41 02a58316o0250c  0.800000   524288
58344.281357 20.103715      NaN   -3.0  11.0   c  0.0   1.27 210.89573 54.31529  4003.79  2689.21 2.61 2.40 -55.1 -0.387    19.46 21.13 02a58344o0108c -0.636364        0
58344.290487 19.791368      NaN    9.0  13.0   c  0.0   0.82 210.89573 54.31529  3992.67  2649.94 2.74 2.55 -63.0 -0.394    19.41 21.10 02a58344o0127c  0.384615   524288
58344.299671 19.609992      NaN   11.0  15.0   c  0.0   1.03 210.89573 54.31529  4048.99  2725.90 2.67 2.48 -55.5 -0.385    19.08 20.79 02a58344o0146c  0.466667        0
58344.308612 20.009244      NaN   -5.0  12.0   c  0.0   1.15 210.89573 54.31529  4070.67  2603.69 2.62 2.50 -52.0 -0.392    19.43 21.14 02a58344o0165c -0.750000        0
58376.224249 19.256669      NaN   -3.0  24.0   c  0.0   0.87 210.89573 54.31529  5686.90  2178.92 2.62 2.39 -58.5 -0.397    18.75 19.69 02a58376o0028c -0.291667   524288
58376.230043 19.569016      NaN   10.0  16.0   c  0.0   1.24 210.89573 54.31529  5675.23  2139.07 2.56 2.41 -63.9 -0.391    18.99 20.12 02a58376o0040c  0.375000        0
58376.238331 19.569016      NaN  -44.0  18.0   c  0.0   1.18 210.89573 54.31529  5730.12  2241.49 2.68 2.50 -60.9 -0.388    19.11 20.35 02a58376o0057c -2.666667  4195840
58376.247461 19.569016      NaN   -1.0  18.0   c  0.0   1.42 210.89573 54.31529  5753.45  2115.02 2.89 2.78 -67.6 -0.379    19.00 20.36 02a58376o0076c -0.277778        0
58520.663770 20.009244      NaN   -8.0  12.0   c  0.0   1.05 210.89573 54.31529  4420.97  7845.29 2.59 2.36  19.2 -0.464    19.68 21.60 02a58520o0274c -0.916667     8192
58520.673685 18.878500      NaN    2.0  34.0   c  0.0   1.63 210.89573 54.31529  4395.38  7805.47 2.64 2.45  19.8 -0.473    18.45 19.41 02a58520o0295c -0.029412     8192
58576.556729 19.841877      NaN   -4.0  14.0   c  0.0   0.67 210.89573 54.31529  7727.15   110.05 2.48 2.09 -59.9 -0.404    19.78 21.80 02a58576o0718c -0.500000   524288
58576.558102 20.321591      NaN  -12.0   9.0   c  0.0   1.39 210.89573 54.31529  7994.09  9847.51 2.67 2.50 -64.4 -0.402    19.80 21.82 02a58576o0721c -1.666667        0
58576.570795 20.009244      NaN  -19.0  12.0   c  0.0   0.92 210.89573 54.31529  7969.72  9806.43 2.75 2.52 -54.4 -0.414    19.76 21.80 02a58576o0748c -1.833333        0
58576.571708 19.922338      NaN  -13.0  13.0   c  0.0   1.53 210.89573 54.31529  7703.87    68.37 2.55 2.17 -54.5 -0.392    19.74 21.77 02a58576o0750c -1.230769        0
58576.577207 19.841877      NaN   -1.0  14.0   c  0.0   1.06 210.89573 54.31529  7769.36   148.21 2.57 2.18 -55.4 -0.420    19.76 21.75 02a58576o0762c -0.285714        0
58576.578589 20.103715      NaN    2.0  11.0   c  0.0   1.22 210.89573 54.31529  8024.83  9887.19 2.83 2.48 -54.2 -0.408    19.73 21.78 02a58576o0765c -0.090909        0
58576.591620 19.841877      NaN  -11.0  14.0   c  0.0   0.92 210.89573 54.31529  8045.41  9769.98 2.90 2.51 -53.5 -0.400    19.67 21.74 02a58576o0792c -1.000000        0
58580.533459 19.922338      NaN    6.0  12.0   c  0.0   0.97 210.89573 54.31529  7606.10  7884.15 2.64 2.49  45.1 -0.407    19.60 21.43 02a58580o0667c  0.250000   524288
58580.553444 19.816329      NaN    7.0  13.0   c  0.0   0.65 210.89573 54.31529  7639.04  7922.36 2.56 2.54  82.8 -0.405    19.66 21.40 02a58580o0709c  0.307692        0
58580.565220 20.103715      NaN    0.0  11.0   c  0.0   1.25 210.89573 54.31529  7660.13  7804.58 2.60 2.53  68.1 -0.409    19.59 21.37 02a58580o0734c -0.272727        0
58604.470220 20.009244      NaN    1.0  12.0   c  0.0   0.83 210.89573 54.31529  7332.27  4003.62 2.38 2.30  44.8 -0.399    19.60 21.61 02a58604o0438c -0.166667        0
58604.485174 20.207197      NaN    1.0  10.0   c  0.0   1.72 210.89573 54.31529  7309.16  3964.34 2.38 2.30 -64.7 -0.409    19.59 21.62 02a58604o0470c -0.200000        0
58604.494705 20.207197      NaN    1.0  10.0   c  0.0   1.49 210.89573 54.31529  7362.87  4039.37 2.41 2.38  49.3 -0.404    19.60 21.58 02a58604o0490c -0.200000        0
58604.501777 19.631075      NaN   18.0  12.0   c  0.0   1.34 210.89573 54.31529  7385.34  3925.76 2.48 2.38 -61.5 -0.398    19.53 21.55 02a58604o0505c  1.250000        0
58612.399959 19.894850      NaN   10.0  11.0   c  0.0   0.86 210.89573 54.31529  9101.85  6899.92 2.56 2.47  59.1 -0.422    19.76 21.60 02a58612o0365c  0.636364        0
58612.401822 19.894850      NaN   10.0  11.0   c  0.0   1.10 210.89573 54.31529  9082.15  6860.18 2.56 2.46  57.9 -0.406    19.79 21.60 02a58612o0369c  0.636364        0
58612.407474 20.009244      NaN  -14.0  12.0   c  0.0   0.96 210.89573 54.31529  9138.34  6939.91 2.57 2.49  80.1 -0.421    19.76 21.61 02a58612o0381c -1.416667        0
58612.432540 20.103715      NaN    0.0  11.0   c  0.0   1.24 210.89573 54.31529  9147.96  6822.41 2.59 2.47  48.2 -0.464    19.78 21.63 02a58612o0433c -0.272727        0
58636.335628 20.009244      NaN  -17.0  12.0   c  0.0   1.29 210.89573 54.31529  1807.49  7472.89 2.48 2.37 -16.2 -0.429    19.71 21.76 02a58636o0227c -1.666667        0
58636.341238 20.321591      NaN    1.0   9.0   c  0.0   1.23 210.89573 54.31529  8771.80  3059.08 2.37 2.27 -63.8 -0.422    19.80 21.76 02a58636o0239c -0.222222        0
58636.347261 20.207197      NaN   -9.0  10.0   c  0.0   1.01 210.89573 54.31529  8835.93  3148.52 2.44 2.25 -62.3 -0.410    19.80 21.77 02a58636o0252c -1.200000        0
58636.365477 20.103715      NaN    1.0  11.0   c  0.0   1.23 210.89573 54.31529  8850.33  3029.01 2.46 2.25 -63.6 -0.412    19.75 21.70 02a58636o0291c -0.181818        0
58664.300439 20.207197      NaN   -4.0  10.0   c  0.0   1.33 210.89573 54.31529  2513.27  1216.31 2.38 2.29 -65.5 -0.435    19.78 21.60 02a58664o0137c -0.700000   524288
58664.303183 20.321591      NaN    2.0   9.0   c  0.0   1.75 210.89573 54.31529  2492.25  1177.41 2.42 2.27 -59.9 -0.420    19.81 21.61 02a58664o0143c -0.111111        0
58664.308728 20.103715      NaN   -3.0  11.0   c  0.0   1.22 210.89573 54.31529  2549.91  1251.14 2.35 2.28 -78.5 -0.405    19.80 21.64 02a58664o0155c -0.545455        0
58664.318819 20.207197      NaN  -12.0  10.0   c  0.0   1.05 210.89573 54.31529  2570.48  1133.15 2.35 2.24 -75.5 -0.432    19.82 21.68 02a58664o0177c -1.500000        0
58668.360430 20.449472      NaN   -3.0   8.0   c  0.0   1.73 210.89573 54.31529  6991.13  4787.19 2.58 2.30  40.7 -0.393    19.70 21.53 02a58668o0259c -0.750000        0
58668.363476 19.549093      NaN   19.0  13.0   c  0.0   1.35 210.89573 54.31529  6971.52  4746.96 2.61 2.25  40.7 -0.576    19.74 21.50 02a58668o0265c  1.230769        0
58668.370013 20.321591      NaN   -3.0   9.0   c  0.0   1.82 210.89573 54.31529  7026.91  4823.27 2.68 2.25  39.4 -0.389    19.70 21.46 02a58668o0279c -0.666667        0
58668.381748 19.922338      NaN   -3.0  13.0   c  0.0   0.83 210.89573 54.31529  7046.15  4705.06 2.56 2.27  38.0 -0.388    19.72 21.46 02a58668o0304c -0.461538        0
58692.299708 20.207197      NaN    0.0  10.0   c  0.0   1.21 210.89573 54.31529  8896.66  5231.97 2.65 2.49  41.4 -0.392    19.68 21.66 02a58692o0140c -0.300000        0
58692.302589 20.207197      NaN    0.0  10.0   c  0.0   1.35 210.89573 54.31529  8876.44  5191.91 2.64 2.45  38.0 -0.389    19.70 21.66 02a58692o0146c -0.300000        0
58692.308687 19.922338      NaN   12.0  10.0   c  0.0   1.34 210.89573 54.31529  8932.06  5271.46 2.53 2.46  53.7 -0.394    19.67 21.63 02a58692o0157c  0.900000        0
58692.318540 20.321591      NaN   -1.0   9.0   c  0.0   2.07 210.89573 54.31529  8950.60  5155.04 2.56 2.44  41.4 -0.392    19.70 21.60 02a58692o0178c -0.444444        0
58696.259275 20.207197      NaN  -22.0  10.0   c  0.0   1.18 210.89573 54.31529  8903.11  5235.12 2.77 2.47 -64.3 -0.398    19.61 21.39 02a58696o0060c -2.500000        0
58696.263160 20.207197      NaN    1.0  10.0   c  0.0   1.36 210.89573 54.31529  8882.25  5194.69 2.89 2.48 -64.6 -0.397    19.64 21.51 02a58696o0068c -0.200000        0
58696.268990 20.009244      NaN    0.0  12.0   c  0.0   0.83 210.89573 54.31529  8939.08  5274.75 2.87 2.52 -64.1 -0.401    19.66 21.57 02a58696o0080c -0.250000        0
58696.279054 19.922338      NaN  -22.0  13.0   c  0.0   0.93 210.89573 54.31529  8955.01  5165.12 3.00 2.56 -63.9 -0.397    19.61 21.57 02a58696o0101c -1.923077        0
58700.300639 19.472870      NaN   23.0  13.0   c  0.0   1.08 210.89573 54.31529  3360.84  7105.52 2.45 2.42   7.4 -0.386    19.55 21.20 02a58700o0151c  1.538462        0
58700.303953 19.894850      NaN   10.0  11.0   c  0.0   1.39 210.89573 54.31529  3342.14  7065.49 2.38 2.34  -0.6 -0.391    19.59 21.19 02a58700o0158c  0.636364        0
58700.310446 19.868040      NaN    8.0  12.0   c  0.0   1.24 210.89573 54.31529  3398.19  7143.51 2.48 2.37  26.5 -0.380    19.54 21.19 02a58700o0172c  0.416667        0
58700.320640 20.103715      NaN  -12.0  11.0   c  0.0   1.25 210.89573 54.31529  3417.90  7024.58 2.44 2.40   0.1 -0.390    19.55 21.17 02a58700o0194c -1.363636        0
58708.299948 18.255804      NaN   52.0  44.0   c  0.0   0.75 210.89573 54.31529  4783.62  3215.76 2.88 2.31  41.6 -0.386    18.22 19.07 02a58708o0161c  1.113636   524288
58708.302750 18.431198      NaN   31.0  42.0   c  0.0   1.19 210.89573 54.31529  4762.57  3177.12 2.82 2.29  42.4 -0.398    18.06 18.90 02a58708o0167c  0.666667        0
58708.309789 18.504094      NaN  -29.0  48.0   c  0.0   0.70 210.89573 54.31529  4822.43  3256.14 2.95 2.35  42.1 -0.375    17.75 18.71 02a58708o0182c -0.666667        0
58708.319771 18.786693      NaN  -20.0  37.0   c  0.0   1.15 210.89573 54.31529  4843.81  3137.58 2.72 2.33  39.4 -0.400    18.16 18.98 02a58708o0203c -0.621622        0
58724.254212 20.009244      NaN  -13.0  12.0   c  0.0   1.20 210.89573 54.31529  5055.15  4858.38 2.75 2.32  34.2 -0.404    19.58 21.32 02a58724o0081c -1.333333        0
58724.257423 19.922338      NaN  -15.0  13.0   c  0.0   1.28 210.89573 54.31529  5036.66  4820.13 2.64 2.29  38.4 -0.401    19.54 21.31 02a58724o0088c -1.384615        0
58724.263511 19.510313      NaN   18.0  14.0   c  0.0   1.10 210.89573 54.31529  5091.79  4895.99 2.76 2.32  36.7 -0.393    19.50 21.30 02a58724o0101c  1.071429        0
58724.275107 20.009244      NaN  -19.0  12.0   c  0.0   1.19 210.89573 54.31529  5112.61  4782.33 2.72 2.32  36.3 -0.394    19.49 21.25 02a58724o0126c -1.833333        0
58872.552407 20.171596      NaN    4.0  10.0   c  0.0   1.42 210.89573 54.31529  3578.28  5787.01 2.53 2.32  44.0 -0.392    19.85 22.00 02a58872o0760c  0.100000        0
58872.555279 20.103715      NaN   -2.0  11.0   c  0.0   0.91 210.89573 54.31529  3600.34  5824.84 2.36 2.33 -56.7 -0.411    19.81 21.99 02a58872o0766c -0.454545        0
58872.561131 19.816329      NaN   16.0  10.0   c  0.0   1.07 210.89573 54.31529  3542.84  5745.65 2.35 2.31 -49.5 -0.410    19.84 21.99 02a58872o0778c  1.300000  4194560
58872.571799 20.103715      NaN    3.0  11.0   c  0.0   0.89 210.89573 54.31529  3512.27  5866.14 2.52 2.31  40.8 -0.393    19.84 22.02 02a58872o0799c  0.000000        0
58876.651589 19.922338      NaN   -2.0  13.0   c  0.0   0.90 210.89573 54.31529  1938.89  9633.20 2.41 2.33 -38.1 -0.427    19.70 21.82 02a58876o0927c -0.384615  8912896
58876.655266 19.674510 0.332368   52.0  15.0   c  0.0   1.15 210.89573 54.31529  1958.06  9672.05 2.50 2.37 -43.3 -0.418    19.31 21.31 02a58876o0935c  3.266667  8388608
58876.662978 19.841877      NaN  -18.0  14.0   c  0.0   1.14 210.89573 54.31529  1900.40  9593.00 2.45 2.31 -39.6 -0.421    19.30 21.14 02a58876o0951c -1.500000  8912896
58876.669196 18.623526      NaN   48.0  28.0   c  0.0   1.17 210.89573 54.31529  1879.35  9709.49 2.46 2.31 -35.3 -0.428    18.50 19.82 02a58876o0963c  1.607143  8912896
58884.593779 20.449472      NaN  -12.0   8.0   c  0.0   1.40 210.89573 54.31529  5066.63  1939.02 2.49 2.27  50.4 -0.395    19.82 21.99 02a58884o0827c -1.500000        0
58884.596741 20.321591      NaN   -3.0   9.0   c  0.0   1.17 210.89573 54.31529  5091.37  1974.48 2.44 2.20 -61.4 -0.403    19.85 21.98 02a58884o0833c -0.333333   524288
58884.605408 20.449472      NaN    0.0   8.0   c  0.0   1.36 210.89573 54.31529  5036.19  1898.07 2.47 2.26 -62.7 -0.402    19.81 21.98 02a58884o0851c  0.000000        0
58884.615927 20.449472      NaN   -4.0   8.0   c  0.0   1.47 210.89573 54.31529  5014.57  2016.86 2.43 2.26  52.5 -0.400    19.81 21.99 02a58884o0873c -0.500000        0
58900.591861 19.719755      NaN   11.0  12.0   c  0.0   0.95 210.89573 54.31529  7227.91  3478.22 2.54 2.48  70.8 -0.387    19.55 21.59 02a58900o0772c  0.916667        0
58900.593725 19.868040      NaN    2.0  13.0   c  0.0   1.09 210.89573 54.31529  7249.91  3510.01 2.56 2.43 -67.8 -0.391    19.32 21.32 02a58900o0776c  0.153846        0
58900.597390 19.766969      NaN   -8.0  15.0   c  0.0   1.13 210.89573 54.31529  7191.92  3438.40 2.87 2.78 -67.5 -0.395    19.29 21.41 02a58900o0783c -0.533333        0
58900.608099 19.609992      NaN   13.0  13.0   c  0.0   0.96 210.89573 54.31529  3412.87  7026.12 2.76 2.65 -56.4 -0.386    19.52 21.66 02a58900o0803c  1.000000        0
58932.513609 20.207197      NaN  -22.0  10.0   c  0.0   1.35 210.89573 54.31529  3642.14  8760.41 2.67 2.33 -51.9 -0.412    19.73 21.71 02a58932o0633c -2.200000   524288
58932.516828 20.103715      NaN  -15.0  11.0   c  0.0   1.41 210.89573 54.31529  3623.31  8721.01 2.70 2.37 -52.4 -0.412    19.70 21.70 02a58932o0640c -1.363636        0
58932.522331 20.009244      NaN   -6.0  12.0   c  0.0   1.03 210.89573 54.31529  3678.08  8796.75 2.66 2.29 -51.7 -0.416    19.71 21.69 02a58932o0652c -0.500000        0
58932.532128 19.922338      NaN  -17.0  13.0   c  0.0   1.00 210.89573 54.31529  3696.64  8679.56 2.64 2.33 -52.4 -0.413    19.72 21.67 02a58932o0673c -1.307692        0
58956.480280 20.207197      NaN  -19.0  10.0   c  0.0   1.35 210.89573 54.31529   412.87  1411.50 2.72 2.33 -57.7 -0.410    19.70 21.69 02a58956o0530c -1.900000        0
58956.483493 19.922338      NaN  -11.0  13.0   c  0.0   0.80 210.89573 54.31529   392.32  1372.64 2.74 2.36 -59.2 -0.412    19.68 21.70 02a58956o0537c -0.846154        0
58956.489223 20.103715      NaN  -11.0  11.0   c  0.0   1.55 210.89573 54.31529   452.11  1442.27 2.73 2.35 -57.9 -0.413    19.70 21.68 02a58956o0549c -1.000000        0
58956.499532 20.207197      NaN   -5.0  10.0   c  0.0   1.00 210.89573 54.31529   472.07  1321.06 2.77 2.39 -59.4 -0.415    19.66 21.63 02a58956o0570c -0.500000        0
58960.425104 20.009244      NaN   -3.0  12.0   c  0.0   1.00 210.89573 54.31529 10174.89  9166.03 2.96 2.81  45.2 -0.373    19.66 21.55 02a58960o0416c -0.250000        0
58960.428590 19.922338      NaN    3.0  12.0   c  0.0   0.74 210.89573 54.31529   384.26  1376.31 2.56 2.33 -59.1 -0.412    19.70 21.56 02a58960o0423c  0.250000        0
58960.434799 20.103715      NaN   -2.0  11.0   c  0.0   1.07 210.89573 54.31529   444.90  1446.90 2.48 2.33 -57.6 -0.416    19.72 21.56 02a58960o0436c -0.181818        0
58960.471580 20.171596      NaN    4.0   9.0   c  0.0   1.10 210.89573 54.31529   470.39  1323.46 2.37 2.29  75.5 -0.420    19.72 21.63 02a58960o0459c  0.444444        0
58964.430982 18.720295      NaN   40.0  26.0   c  0.0   1.07 210.89573 54.31529  7146.94  6920.00 2.52 2.47 -82.0 -0.404    18.74 20.40 02a58964o0427c  1.538462        0
58964.434180 18.382935      NaN   38.0  41.0   c  0.0   0.98 210.89573 54.31529  7128.24  6880.43 2.54 2.51  85.5 -0.397    18.18 19.79 02a58964o0434c  0.926829        0
58964.440185 19.155932      NaN   16.0  21.0   c  0.0   1.09 210.89573 54.31529  7184.44  6959.91 2.64 2.59 -70.5 -0.392    19.01 20.86 02a58964o0447c  0.761905   524288
58964.475522 19.979496      NaN    7.0  10.0   c  0.0   1.39 210.89573 54.31529  7200.09  6844.56 2.63 2.56  42.5 -0.395    19.59 21.44 02a58964o0523c  0.700000        0
58984.385056 20.103715      NaN   -4.0  11.0   c  0.0   1.14 210.89573 54.31529  1479.93  6795.40 2.37 2.24  11.4 -0.404    19.75 21.72 02a58984o0250c -0.363636        0
58984.388259 20.207197      NaN   -8.0  10.0   c  0.0   1.36 210.89573 54.31529  1461.59  6754.66 2.37 2.20 -51.0 -0.414    19.79 21.70 02a58984o0257c -0.800000        0
58984.393747 19.631075      NaN   18.0  11.0   c  0.0   0.74 210.89573 54.31529  1519.36  6831.50 2.38 2.21 -48.2 -0.420    19.78 21.71 02a58984o0269c  1.636364        0
58984.404468 20.207197      NaN   -2.0  10.0   c  0.0   0.93 210.89573 54.31529  1544.69  6713.84 2.37 2.20 -45.8 -0.416    19.79 21.73 02a58984o0290c -0.200000        0
58988.407142 19.950541      NaN    8.0  10.0   c  0.0   1.38 210.89573 54.31529  6745.96  3131.75 2.59 2.29  35.4 -0.390    19.71 21.63 02a58988o0375c  0.800000        0
58988.410344 20.207197      NaN  -14.0  10.0   c  0.0   1.20 210.89573 54.31529  6728.69  3093.11 2.44 2.34  35.0 -0.395    19.73 21.61 02a58988o0382c -1.400000        0
58988.415874 20.321591      NaN   -7.0   9.0   c  0.0   1.51 210.89573 54.31529  6786.36  3169.75 2.44 2.31  38.4 -0.393    19.70 21.59 02a58988o0394c -0.777778        0
58988.427368 19.922338      NaN    6.0  11.0   c  0.0   0.95 210.89573 54.31529  6810.92  3056.78 2.36 2.34  80.8 -0.396    19.72 21.59 02a58988o0419c  0.545455        0
58992.358373 20.103715      NaN    0.0  11.0   c  0.0   1.07 210.89573 54.31529  6752.34  3139.09 2.63 2.41  33.3 -0.389    19.73 21.75 02a58992o0269c  0.000000        0
58992.361575 20.103715      NaN   -2.0  11.0   c  0.0   1.32 210.89573 54.31529  6732.42  3099.22 2.55 2.36  32.6 -0.393    19.72 21.74 02a58992o0276c -0.181818        0
58992.367526 20.039830      NaN    5.0  10.0   c  0.0   1.11 210.89573 54.31529  6790.87  3176.85 2.59 2.40  31.5 -0.386    19.74 21.75 02a58992o0289c  0.500000        0
58992.401785 19.979496      NaN    4.0  11.0   c  0.0   0.83 210.89573 54.31529  6807.59  3057.80 2.64 2.38  29.0 -0.384    19.70 21.75 02a58992o0362c  0.363636        0
59011.354173 20.103715      NaN  -13.0  11.0   c  0.0   0.94 210.89573 54.31529  9053.94  6895.27 3.01 2.95  57.3 -0.383    19.64 21.96 02a59011o0241c -1.181818        0
59011.357398 19.609992      NaN   16.0  12.0   c  0.0   1.10 210.89573 54.31529  9032.42  6849.65 2.93 2.86  56.1 -0.384    19.67 21.95 02a59011o0248c  1.333333   524288
59011.363858 19.696897      NaN   18.0  10.0   c  0.0   1.39 210.89573 54.31529  9089.07  6930.79 2.94 2.91  49.4 -0.385    19.68 21.95 02a59011o0262c  1.800000        0
59011.384568 20.009244      NaN   -7.0  12.0   c  0.0   1.39 210.89573 54.31529  9100.89  6812.20 3.91 3.56  31.1 -0.330    19.44 21.95 02a59011o0306c -0.583333   524288
59015.333919 20.009244      NaN   -9.0  12.0   c  0.0   0.66 210.89573 54.31529  9053.10  6889.79 2.65 2.57  58.4 -0.399    19.78 21.91 02a59015o0200c -0.750000        0
59015.337583 19.719755      NaN   17.0  10.0   c  0.0   1.41 210.89573 54.31529  9034.30  6848.90 2.64 2.55  64.4 -0.398    19.79 21.90 02a59015o0208c  1.700000        0
59015.343104 20.449472      NaN   -2.0   8.0   c  0.0   1.39 210.89573 54.31529  9088.06  6929.81 2.76 2.45  36.0 -0.391    19.78 21.90 02a59015o0220c -0.250000        0
59015.354141 19.979496      NaN    4.0  11.0   c  0.0   1.08 210.89573 54.31529  9107.15  6815.21 2.69 2.60  68.3 -0.396    19.76 21.87 02a59015o0244c  0.363636        0
59020.330908 19.868040      NaN    8.0  11.0   c  0.0   1.02 210.89573 54.31529  6582.04   989.68 2.45 2.32 -69.4 -0.404    19.50 21.38 02a59020o0132c  0.727273        0
59020.334109 20.207197      NaN   -4.0  10.0   c  0.0   0.83 210.89573 54.31529  6561.47   949.45 2.44 2.30 -64.0 -0.401    19.75 21.74 02a59020o0139c -0.400000        0
59020.341236 19.652575      NaN   14.0  12.0   c  0.0   1.05 210.89573 54.31529  6621.18  1030.34 2.54 2.42  87.6 -0.392    19.60 21.65 02a59020o0154c  1.166667        0
59020.352367 19.743105      NaN    4.0  14.0   c  0.0   1.40 210.89573 54.31529  6640.19   907.10 2.36 2.31 -83.8 -0.405    19.43 21.35 02a59020o0178c  0.285714        0
59040.285251 20.103715      NaN  -10.0  11.0   c  0.0   1.00 210.89573 54.31529  8754.72  3103.26 2.87 2.73 -61.9 -0.377    19.58 21.62 02a59040o0091c -0.909091        0
59040.288469 20.009244      NaN  -20.0  12.0   c  0.0   0.86 210.89573 54.31529  8735.00  3063.15 2.82 2.71 -57.7 -0.372    19.58 21.62 02a59040o0098c -1.666667        0
59040.295427 19.491430      NaN   28.0  10.0   c  0.0   1.29 210.89573 54.31529  8794.43  3140.78 2.74 2.65 -59.8 -0.379    19.70 21.65 02a59040o0113c  2.800000        0
59040.306084 19.979496      NaN    7.0  10.0   c  0.0   1.37 210.89573 54.31529  8815.78  3023.03 2.80 2.70  40.9 -0.379    19.65 21.66 02a59040o0136c  0.700000        0
59044.317072 20.207197      NaN    3.0   9.0   c  0.0   1.02 210.89573 54.31529   807.08  3032.78 2.48 2.27 -55.6 -0.400    19.71 21.76 02a59044o0158c  0.333333        0
59044.320832 19.529530      NaN   23.0  11.0   c  0.0   1.11 210.89573 54.31529   785.42  2992.73 2.53 2.34 -61.3 -0.402    19.68 21.77 02a59044o0166c  2.090909  4194560
59044.327714 20.103715      NaN   -2.0  11.0   c  0.0   1.04 210.89573 54.31529   847.99  3070.87 2.61 2.46 -60.6 -0.405    19.62 21.76 02a59044o0181c -0.181818        0
59044.337475 20.071303      NaN    4.0  10.0   c  0.0   1.11 210.89573 54.31529   871.12  2950.49 2.75 2.44 -57.4 -0.397    19.60 21.71 02a59044o0202c  0.400000        0
59048.285981 20.207197      NaN  -13.0  10.0   c  0.0   1.48 210.89573 54.31529   813.31  3037.14 2.56 2.35  34.0 -0.395    19.64 21.53 02a59048o0095c -1.300000        0
59048.290126 19.894850      NaN    4.0  12.0   c  0.0   0.93 210.89573 54.31529   792.55  2998.46 2.65 2.35  36.5 -0.389    19.44 21.30 02a59048o0104c  0.333333        0
59048.296595 20.009244      NaN   -4.0  12.0   c  0.0   1.05 210.89573 54.31529   851.52  3071.89 2.56 2.32  35.7 -0.393    19.57 21.51 02a59048o0118c -0.333333        0
59048.308077 20.362567      NaN    2.0   8.0   c  0.0   1.67 210.89573 54.31529   875.34  2952.36 2.36 2.33  17.5 -0.406    19.68 21.65 02a59048o0143c  0.250000        0
59108.240914 19.569016      NaN   12.0  14.0   c  0.0   1.13 210.89573 54.31529  4772.54  3207.37 2.37 2.34  59.9 -0.401    19.32 20.86 02a59108o0046c  0.857143        0
59108.246004 19.766969      NaN  -14.0  15.0   c  0.0   1.29 210.89573 54.31529  4752.24  3180.46 2.56 2.40  37.4 -0.392    19.27 20.84 02a59108o0057c -0.933333        0
59108.250126 19.631075      NaN   -4.0  17.0   c  0.0   0.79 210.89573 54.31529  4811.81  3251.74 2.42 2.39  50.6 -0.395    19.30 20.84 02a59108o0066c -0.235294        0
59108.260706 19.766969      NaN   -6.0  15.0   c  0.0   1.20 210.89573 54.31529  4831.27  3141.64 2.62 2.44 -52.1 -0.395    19.22 20.80 02a59108o0089c -0.400000        0
59206.608827 19.816329      NaN   10.0  11.0   c  0.0   1.03 210.89573 54.31529  4783.89  3194.90 2.53 2.47 -30.9 -0.369    19.71 21.84 01a59206o0880c  0.909091        0
59206.612058 20.207197      NaN   -1.0  10.0   c  0.0   1.21 210.89573 54.31529  4761.95  3160.00 2.57 2.51 -32.4 -0.367    19.69 21.85 01a59206o0887c -0.100000        0
59206.617585 20.103715      NaN  -11.0  11.0   c  0.0   0.87 210.89573 54.31529  4823.10  3236.42 2.73 2.64  -8.0 -0.359    19.62 21.85 01a59206o0899c -1.000000        0
59206.631405 20.103715      NaN   -6.0  11.0   c  0.0   1.02 210.89573 54.31529  4841.50  3124.58 2.76 2.58  21.5 -0.358    19.63 21.85 01a59206o0929c -0.545455        0
59208.639885 19.816329      NaN   10.0  11.0   c  0.0   1.03 210.89573 54.31529  8780.50  1650.67 2.61 2.33 -54.3 -0.407    19.68 21.64 02a59208o0962c  0.909091        0
59208.650450 20.207197      NaN   -6.0  10.0   c  0.0   1.16 210.89573 54.31529  8800.87  1689.66 2.61 2.34 -53.9 -0.404    19.70 21.65 02a59208o0985c -0.600000        0
59208.655955 20.103715      NaN  -10.0  11.0   c  0.0   0.86 210.89573 54.31529  8746.31  1616.35 2.58 2.31 -55.3 -0.401    19.67 21.61 02a59208o0997c -0.909091        0
59208.664725 19.491430      NaN    7.0  17.0   c  0.0   0.60 210.89573 54.31529  8728.03  1737.04 2.57 2.34 -56.6 -0.404    19.41 20.84 02a59208o1016c  0.411765        0
59228.630646 19.652575      NaN   17.0  11.0   c  0.0   0.93 210.89573 54.31529  7478.90  5588.55 2.68 2.51  50.2 -0.390    19.74 21.88 02a59228o0867c  1.545455        0
59228.633851 19.816329      NaN    7.0  12.0   c  0.0   0.90 210.89573 54.31529  7499.11  5626.86 2.71 2.51  48.6 -0.388    19.72 21.88 02a59228o0874c  0.583333        0
59228.650265 20.207197      NaN  -14.0  10.0   c  0.0   0.97 210.89573 54.31529  7446.99  5553.11 2.70 2.49  48.0 -0.390    19.76 21.90 02a59228o0909c -1.400000        0
59228.658974 20.207197      NaN    0.0  10.0   c  0.0   1.21 210.89573 54.31529  7427.77  5670.28 2.69 2.45  45.7 -0.393    19.80 21.83 02a59228o0928c  0.000000        0
59230.596813 20.207197      NaN  -10.0  10.0   c  0.0   1.08 210.89573 54.31529  3663.51  8732.38 2.94 2.60 -76.6 -0.397    19.72 22.31 01a59230o0856c -1.000000  4194560
59230.600047 20.103715      NaN    0.0  11.0   c  0.0   0.95 210.89573 54.31529  3644.17  8694.74 2.90 2.59 -77.2 -0.395    19.77 22.33 01a59230o0863c  0.000000        0
59230.605590 20.171596      NaN    1.0  10.0   c  0.0   0.85 210.89573 54.31529  3702.42  8768.11 2.80 2.62 -83.6 -0.389    19.76 22.34 01a59230o0875c  0.100000        0
59230.615358 20.171596      NaN    4.0   9.0   c  0.0   1.25 210.89573 54.31529  3720.86  8652.29 2.75 2.58 -80.9 -0.393    19.78 22.39 01a59230o0896c  0.444444        0
59238.585766 20.207197      NaN   -7.0  10.0   c  0.0   0.58 210.89573 54.31529  1151.78  5149.85 2.29 2.19 -63.8 -0.397    19.95 22.17 01a59238o0765c -0.700000   524288
59238.588065 20.449472      NaN   -1.0   8.0   c  0.0   1.43 210.89573 54.31529  1131.69  5112.70 2.37 2.29 -67.1 -0.389    19.94 22.16 01a59238o0770c -0.125000        0
59238.590826 20.321591      NaN   -7.0   9.0   c  0.0   1.06 210.89573 54.31529  1190.58  5189.71 2.39 2.33 -75.3 -0.385    19.95 22.18 01a59238o0776c -0.777778        0
59238.595897 19.868040      NaN   14.0   9.0   c  0.0   0.87 210.89573 54.31529  1209.63  5071.70 2.46 2.42 -78.8 -0.383    19.88 22.19 01a59238o0787c  1.555556        0
59254.582395 19.791368      NaN    5.0  13.0   c  0.0   1.06 210.89573 54.31529   396.73  1416.37 2.77 2.47  45.0 -0.393    19.64 22.07 01a59254o0809c  0.384615  4194560
59254.584237 19.652575      NaN   17.0  11.0   c  0.0   1.59 210.89573 54.31529   368.87  1381.86 2.60 2.34  67.2 -0.431    19.62 22.01 01a59254o0813c  1.545455  4194560
59254.587068 18.955691      NaN   32.0  21.0   c  0.0   0.47 210.89573 54.31529   435.81  1454.46 2.52 2.31  66.0 -0.427    19.24 21.52 01a59254o0819c  1.523810     8192
59254.593104 20.207197      NaN    0.0  10.0   c  0.0   1.17 210.89573 54.31529   452.99  1336.76 2.50 2.28  67.6 -0.427    19.76 22.16 01a59254o0832c  0.000000     8192
59256.529166 19.950541      NaN    5.0  11.0   c  0.0   0.89 210.89573 54.31529  5316.99  3582.27 2.50 2.34  47.3 -0.402    19.79 21.98 02a59256o0695c  0.454545        0
59256.532384 19.979496      NaN    7.0  10.0   c  0.0   1.19 210.89573 54.31529  5336.28  3621.74 2.63 2.39  45.7 -0.397    19.76 21.98 02a59256o0702c  0.700000  4194560
59256.537897 20.103715      NaN    0.0  11.0   c  0.0   0.99 210.89573 54.31529  5279.85  3544.73 2.56 2.33  43.2 -0.402    19.81 21.97 02a59256o0714c  0.000000        0
59256.543014 20.071303      NaN    7.0   9.0   c  0.0   1.41 210.89573 54.31529  5261.51  3660.32 2.62 2.40  46.2 -0.397    19.76 21.98 02a59256o0725c  0.777778        0
59258.571978 20.244005      NaN    5.0   8.0   c  0.0   1.73 210.89573 54.31529  7161.00  6889.33 2.55 2.52  65.9 -0.368    19.75 22.04 01a59258o0790c  0.625000        0
59258.573832 19.922338      NaN    9.0  10.0   c  0.0   1.06 210.89573 54.31529  7145.66  6847.11 2.73 2.59  43.8 -0.356    19.73 22.03 01a59258o0794c  0.900000        0
59258.576596 20.207197      NaN   -3.0  10.0   c  0.0   1.07 210.89573 54.31529  7201.21  6927.09 2.70 2.64  62.5 -0.366    19.74 22.04 01a59258o0800c -0.300000        0
59258.582589 20.137125      NaN    2.0  10.0   c  0.0   1.04 210.89573 54.31529  7218.44  6812.60 2.52 2.48  78.8 -0.375    19.80 22.04 01a59258o0813c  0.200000        0
59262.501830 20.321591      NaN   -7.0   9.0   c  0.0   2.01 210.89573 54.31529  7158.52  6889.64 2.40 2.25 -88.6 -0.395    19.77 21.77 01a59262o0623c -0.777778        0
59262.504607 20.207197      NaN   -1.0  10.0   c  0.0   0.93 210.89573 54.31529  7139.76  6849.92 2.40 2.28 -87.7 -0.390    19.78 21.82 01a59262o0629c -0.100000        0
59262.508306 20.449472      NaN   -6.0   8.0   c  0.0   1.47 210.89573 54.31529  7198.14  6927.18 2.46 2.36  83.2 -0.379    19.75 21.86 01a59262o0637c -0.750000        0
59262.514297 19.791368      NaN   14.0  10.0   c  0.0   1.11 210.89573 54.31529  7216.41  6811.06 2.49 2.41  85.7 -0.374    19.77 21.85 01a59262o0650c  1.400000        0
59288.544037 20.009244      NaN    3.0  11.0   c  0.0   0.99 210.89573 54.31529  5499.06  8637.06 2.43 2.34  52.7 -0.408    19.81 21.80 02a59288o0704c  0.272727        0
59288.579411 19.719755      NaN   17.0  10.0   c  0.0   1.12 210.89573 54.31529  5476.53  8596.43 2.56 2.32  34.2 -0.396    19.77 21.76 02a59288o0780c  1.700000        0
59288.607793 19.631075      NaN  -42.0  17.0   c  0.0   1.32 210.89573 54.31529  5527.62  8670.25 2.61 2.36  33.4 -0.390    18.70 20.56 02a59288o0841c -2.470588   524288
59288.632589 20.321591      NaN  -11.0   9.0   c  0.0   1.77 210.89573 54.31529  5542.56  8550.36 2.78 2.35  41.1 -0.386    19.67 21.69 02a59288o0894c -1.222222        0
59292.459472 20.103715      NaN   -7.0  11.0   c  0.0   0.78 210.89573 54.31529  1693.79  5340.63 2.49 2.30  55.9 -0.413    19.75 21.80 02a59292o0510c -0.636364        0
59292.462673 20.207197      NaN   -7.0  10.0   c  0.0   1.11 210.89573 54.31529  1716.96  5380.26 2.46 2.31  60.7 -0.409    19.74 21.78 02a59292o0517c -0.700000        0
59292.466844 19.979496      NaN    7.0  10.0   c  0.0   1.09 210.89573 54.31529  1656.36  5300.92 2.59 2.36  48.1 -0.402    19.72 21.79 02a59292o0526c  0.700000   524288
59292.473270 20.009244      NaN  -13.0  12.0   c  0.0   0.70 210.89573 54.31529  1638.07  5416.14 2.52 2.31  48.3 -0.405    19.74 21.81 02a59292o0540c -1.083333        0
59292.649611 19.841877      NaN   -3.0  14.0   c  0.0   1.60 210.89573 54.31529  8902.14  5204.38 2.51 2.32  36.4 -0.396    19.18 20.41 02a59292o0918c -0.214286        0
59310.449546 20.039830      NaN    8.0   9.0   c  0.0   1.25 210.89573 54.31529  9061.55  6859.71 2.61 2.41  87.5 -0.400    20.01 21.98 01a59310o0425c  0.888889        0
59310.451851 19.696897      NaN   18.0  10.0   c  0.0   1.06 210.89573 54.31529  9042.11  6820.18 2.59 2.43 -85.2 -0.392    20.03 21.99 01a59310o0430c  1.800000        0
59310.455624 20.449472 0.361912   24.0   8.0   c  0.0   1.28 210.89573 54.31529  9104.05  6897.15 2.54 2.42  87.2 -0.394    20.01 21.99 01a59310o0438c  3.000000  4194560
59310.464868 20.071303      NaN   10.0   8.0   c  0.0   1.41 210.89573 54.31529  9120.30  6781.26 2.62 2.55 -83.8 -0.385    19.96 22.08 01a59310o0457c  1.250000        0
59314.443833 20.171596      NaN    4.0   9.0   c  0.0   0.79 210.89573 54.31529  6554.42   974.64 2.46 2.29   5.7 -0.392    19.96 21.85 01a59314o0481c  0.444444        0
59314.445680 20.321591      NaN   -6.0   9.0   c  0.0   0.85 210.89573 54.31529  6535.20   935.44 2.67 2.39  -6.3 -0.369    19.94 21.88 01a59314o0485c -0.666667        0
59314.448467 20.321591      NaN    0.0   9.0   c  0.0   1.04 210.89573 54.31529  6596.90  1014.39 2.62 2.37  -2.4 -0.372    19.95 21.87 01a59314o0491c  0.000000        0
59314.453560 20.449472      NaN  -21.0   8.0   c  0.0   1.41 210.89573 54.31529  6611.86   901.25 2.40 2.20 -19.0 -0.396    19.97 21.86 01a59314o0502c -2.625000        0
59318.482085 20.321591      NaN   -8.0   9.0   c  0.0   0.93 210.89573 54.31529  4025.05  9610.47 2.42 2.28 -41.3 -0.387    19.76 21.52 01a59318o0559c -0.888889        0
59318.517343 19.868040      NaN   11.0  10.0   c  0.0   0.97 210.89573 54.31529  4052.22  9644.23 2.29 2.10 -51.5 -0.388    19.89 21.56 01a59318o0635c  1.100000        0
59318.520566 20.171596      NaN    7.0   8.0   c  0.0   1.11 210.89573 54.31529  3992.74  9566.44 2.28 2.07 -45.2 -0.389    19.89 21.57 01a59318o0642c  0.875000        0
59318.543605 20.207197      NaN    6.0   8.0   c  0.0   1.31 210.89573 54.31529  3978.58  9680.24 2.28 2.10 -53.5 -0.387    19.86 21.46 01a59318o0691c  0.750000   524288
59322.408613 20.449472      NaN    0.0   8.0   c  0.0   1.29 210.89573 54.31529  3089.31  4989.44 2.30 2.21 -81.9 -0.395    19.96 21.79 01a59322o0383c  0.000000   524288
59322.410910 20.449472      NaN   -9.0   8.0   c  0.0   1.12 210.89573 54.31529  3069.47  4951.19 2.29 2.17 -84.0 -0.398    19.97 21.80 01a59322o0388c -1.125000        0
59322.414135 20.039830      NaN   11.0   8.0   c  0.0   1.30 210.89573 54.31529  3127.09  5026.77 2.24 2.12 -74.6 -0.401    19.99 21.81 01a59322o0395c  1.375000        0
59322.419674 20.244005      NaN    2.0   9.0   c  0.0   0.76 210.89573 54.31529  3145.54  4911.61 2.33 2.19 -67.0 -0.399    19.92 21.79 01a59322o0407c  0.222222        0
59344.419514 19.791368      NaN   14.0  10.0   c  0.0   1.29 210.89573 54.31529  1140.77  5165.34 2.36 2.24 -41.0 -0.422    19.73 21.69 02a59344o0385c  1.400000   524288
59344.423635 20.449472      NaN  -22.0   8.0   c  0.0   1.93 210.89573 54.31529  1121.22  5126.63 2.39 2.26 -41.2 -0.419    19.71 21.70 02a59344o0394c -2.750000        0
59344.429702 20.103715      NaN   -8.0  11.0   c  0.0   1.02 210.89573 54.31529  1181.69  5200.17 2.40 2.26 -46.3 -0.424    19.71 21.72 02a59344o0407c -0.727273        0
59344.462022 20.009244      NaN    6.0  10.0   c  0.0   1.20 210.89573 54.31529  1199.85  5077.44 2.33 2.28 -17.3 -0.419    19.69 21.62 02a59344o0474c  0.600000        0
59370.364702 19.950541      NaN   11.0   9.0   c  0.0   1.10 210.89573 54.31529  1971.35  9674.22 2.28 2.04 -63.1 -0.403    19.99 22.07 01a59370o0279c  1.222222        0
59370.367930 20.207197      NaN    0.0  10.0   c  0.0   0.83 210.89573 54.31529  1992.76  9713.39 2.32 2.08 -64.7 -0.403    20.00 22.06 01a59370o0286c  0.000000        0
59370.374378 20.071303      NaN   10.0   8.0   c  0.0   1.30 210.89573 54.31529  1930.61  9633.28 2.25 1.99 -65.2 -0.406    20.01 22.04 01a59370o0300c  1.250000        0
59370.408119 20.103715      NaN    6.0   9.0   c  0.0   1.02 210.89573 54.31529  1915.17  9746.65 2.38 2.12 -61.8 -0.407    19.96 22.00 01a59370o0367c  0.666667        0
59374.345057 20.244005      NaN    2.0   9.0   c  0.0   1.27 210.89573 54.31529  1972.58  9677.11 2.45 2.21 -61.5 -0.392    19.98 22.03 01a59374o0234c  0.222222        0
59374.348286 20.449472      NaN    0.0   8.0   c  0.0   0.99 210.89573 54.31529  1993.93  9715.31 2.30 2.10 -65.4 -0.402    19.98 22.02 01a59374o0241c  0.000000        0
59374.353832 19.791368      NaN   17.0   9.0   c  0.0   1.04 210.89573 54.31529  1935.41  9637.03 2.31 2.10 -54.0 -0.390    19.99 22.02 01a59374o0253c  1.888889        0
59374.364434 20.321591      NaN   -3.0   9.0   c  0.0   1.00 210.89573 54.31529  1914.94  9752.12 2.39 2.11 -62.2 -0.402    19.97 22.04 01a59374o0276c -0.333333        0
59378.326788 20.321591      NaN    6.0   7.0   c  0.0   1.80 210.89573 54.31529  4997.13  1940.97 2.15 2.08  53.2 -0.401    19.98 21.72 01a59378o0193c  0.857143        0
59378.330008 20.449472      NaN  -11.0   8.0   c  0.0   0.99 210.89573 54.31529  5018.02  1981.45 2.17 2.12  32.1 -0.400    19.93 21.73 01a59378o0200c -1.375000        0
59378.335546 20.207197      NaN   -6.0  10.0   c  0.0   0.79 210.89573 54.31529  4962.04  1903.15 2.21 2.11  20.1 -0.398    19.97 21.75 01a59378o0212c -0.600000        0
59378.348438 20.244005      NaN    2.0   9.0   c  0.0   1.14 210.89573 54.31529  4947.44  2018.37 2.23 2.15  11.5 -0.392    19.97 21.87 01a59378o0240c  0.222222        0
59404.284177 20.103715      NaN  -11.0  11.0   c  0.0   1.32 210.89573 54.31529  1770.16  8913.82 2.63 1.98 -48.8 -0.448    19.74 21.54 02a59404o0088c -1.000000  4194560
59404.287411 20.321591      NaN  -21.0   9.0   c  0.0   1.50 210.89573 54.31529  1750.26  8875.01 2.67 2.01 -50.2 -0.439    19.73 21.54 02a59404o0095c -2.333333        0
59404.292910 20.103715      NaN  -10.0  11.0   c  0.0   1.00 210.89573 54.31529  1804.66  8947.71 2.61 2.08 -50.9 -0.431    19.70 21.51 02a59404o0107c -0.909091        0
59404.302990 19.922338      NaN  -10.0  13.0   c  0.0   0.96 210.89573 54.31529  1824.76  8828.63 2.67 2.07 -50.0 -0.436    19.66 21.51 02a59404o0129c -0.769231        0
59408.274563 19.287255      NaN   31.0  13.0   c  0.0   1.29 210.89573 54.31529  1772.69  8913.00 2.59 2.03 -48.7 -0.439    19.66 21.40 02a59408o0068c  2.384615        0
59408.277767 19.719755      NaN    8.0  13.0   c  0.0   0.96 210.89573 54.31529  1751.37  8873.83 2.61 2.16 -52.0 -0.422    19.64 21.42 02a59408o0075c  0.615385        0
59408.283262 20.103715      NaN   -8.0  11.0   c  0.0   1.00 210.89573 54.31529  1806.35  8948.80 2.58 2.16 -51.3 -0.430    19.62 21.42 02a59408o0087c -0.727273        0
59408.295675 19.922338      NaN   -2.0  13.0   c  0.0   1.08 210.89573 54.31529  1828.08  8828.04 2.52 2.08 -47.9 -0.434    19.67 21.47 02a59408o0114c -0.153846        0
59426.249901 19.841877      NaN   -1.0  14.0   c  0.0   0.75 210.89573 54.31529  6861.23  1785.34 2.36 2.16 -72.8 -0.407    19.54 20.73 01a59426o0032c -0.071429        0
59426.253177 19.894850      NaN    7.0  11.0   c  0.0   0.78 210.89573 54.31529  6880.25  1825.34 2.40 2.20 -74.5 -0.404    19.71 21.20 01a59426o0039c  0.636364        0
59426.258716 20.321591      NaN    0.0   9.0   c  0.0   0.99 210.89573 54.31529  6825.98  1750.23 2.29 2.16 -72.8 -0.405    19.86 21.60 01a59426o0051c  0.000000        0
59426.272762 20.321591      NaN    0.0   9.0   c  0.0   1.34 210.89573 54.31529  6809.86  1867.80 2.30 2.17 -75.0 -0.407    19.88 21.67 01a59426o0081c  0.000000   524288
59430.242183 19.256669      NaN   -7.0  24.0   c  0.0   1.18 210.89573 54.31529  6861.38  1789.99 2.30 2.17 -36.1 -0.389    18.64 19.07 01a59430o0020c -0.291667        0
59430.244954 19.318728      NaN   11.0  19.0   c  0.0   1.11 210.89573 54.31529  6881.55  1826.51 2.29 2.14 -75.5 -0.400    19.10 19.81 01a59430o0026c  0.578947        0
59430.250541 20.103715      NaN    3.0  10.0   c  0.0   1.14 210.89573 54.31529  6830.16  1752.50 2.31 2.15 -75.2 -0.398    19.66 20.96 01a59430o0038c  0.300000        0
59430.260749 20.321591      NaN   -7.0   9.0   c  0.0   1.32 210.89573 54.31529  6811.86  1867.50 2.35 2.19 -80.2 -0.402    19.86 21.60 01a59430o0060c -0.777778        0
59434.246925 19.791368      NaN    2.0  14.0   c  0.0   1.39 210.89573 54.31529  9407.07  5345.45 2.85 2.42 -84.2 -0.365    19.33 20.53 01a59434o0034c  0.142857   524288
59434.250609 19.922338      NaN    0.0  13.0   c  0.0   0.90 210.89573 54.31529  9427.37  5380.58 2.84 2.40 -87.2 -0.376    19.54 21.12 01a59434o0042c  0.000000        0
59434.256155 20.207197      NaN   -9.0  10.0   c  0.0   1.07 210.89573 54.31529  9368.84  5310.44 2.78 2.39 -81.8 -0.380    19.71 21.52 01a59434o0054c -0.900000        0
59434.267220 20.207197      NaN   -4.0  10.0   c  0.0   1.27 210.89573 54.31529  9352.30  5429.52 2.50 2.22 -79.4 -0.399    19.85 21.64 01a59434o0078c -0.400000        0
59588.641428 19.922338      NaN   -6.0  13.0   c  0.0   0.89 210.89573 54.31529  3817.94  7443.60 2.64 2.40  46.7 -0.398    19.65 21.81 02a59588o0978c -0.461538        0
59588.646929 19.719755      NaN    8.0  13.0   c  0.0   0.78 210.89573 54.31529  3838.80  7482.01 2.57 2.39  44.6 -0.407    19.61 21.81 02a59588o0990c  0.615385        0
59588.658083 20.009244      NaN  -10.0  12.0   c  0.0   1.09 210.89573 54.31529  3778.96  7402.75 2.56 2.35  45.7 -0.405    19.61 21.75 02a59588o1014c -0.833333        0
59588.665789 20.009244      NaN   -1.0  12.0   c  0.0   1.43 210.89573 54.31529  3755.55  7522.29 2.65 2.37  46.6 -0.397    19.46 21.22 02a59588o1030c -0.083333        0
59615.558656 19.841877      NaN   -1.0  14.0   c  0.0   0.65 210.89573 54.31529  1506.20  3699.13 2.42 2.36  62.6 -0.422    19.60 21.48 02a59615o0775c -0.071429        0
59615.561412 20.103715      NaN  -16.0  11.0   c  0.0   1.08 210.89573 54.31529  1525.87  3738.18 2.41 2.34  54.9 -0.425    19.61 21.49 02a59615o0781c -1.454545  4194560
59615.564167 19.979496      NaN    7.0  10.0   c  0.0   1.24 210.89573 54.31529  1467.41  3658.37 2.53 2.37  44.3 -0.418    19.59 21.49 02a59615o0787c  0.700000        0
59615.571520 19.894850      NaN    4.0  12.0   c  0.0   0.81 210.89573 54.31529  1450.00  3773.37 2.45 2.37  59.2 -0.421    19.60 21.51 02a59615o0803c  0.333333   524288
59619.586609 19.922338      NaN  -10.0  13.0   c  0.0   0.91 210.89573 54.31529  4004.64  9595.18 2.54 2.48  49.5 -0.407    19.67 21.67 02a59619o0807c -0.769231        0
59619.588435 20.009244      NaN  -17.0  12.0   c  0.0   1.26 210.89573 54.31529  4024.59  9634.72 2.57 2.47  50.2 -0.406    19.66 21.67 02a59619o0811c -1.416667        0
59619.592559 19.841877      NaN  -21.0  14.0   c  0.0   1.09 210.89573 54.31529  3962.25  9555.65 2.64 2.44  46.5 -0.397    19.63 21.67 02a59619o0820c -1.500000        0
59619.610269 19.609992      NaN    4.0  16.0   c  0.0   0.83 210.89573 54.31529  3941.00  9673.12 2.65 2.46  42.7 -0.396    19.65 21.62 02a59619o0858c  0.250000        0
59639.510262 19.549093      NaN   19.0  12.0   c  0.0   0.99 210.89573 54.31529  1817.62  7497.78 2.33 2.28  63.3 -0.429    19.73 21.72 02a59639o0653c  1.583333        0
59639.513468 19.950541      NaN    5.0  11.0   c  0.0   1.23 210.89573 54.31529  1837.63  7537.98 2.44 2.32  41.7 -0.417    19.69 21.70 02a59639o0660c  0.454545        0
59639.516215 19.791368      NaN   14.0  10.0   c  0.0   1.25 210.89573 54.31529  1778.15  7456.88 2.32 2.27  61.7 -0.433    19.71 21.71 02a59639o0666c  1.400000        0
59639.522156 20.207197      NaN  -13.0  10.0   c  0.0   1.64 210.89573 54.31529  1758.11  7572.80 2.35 2.31  71.8 -0.430    19.72 21.72 02a59639o0679c -1.300000        0
59643.579606 19.631075      NaN   12.0  13.0   c  0.0   1.31 210.89573 54.31529   817.76  3022.17 2.23 2.10   6.7 -0.449    19.23 21.76 02a59643o0746c  0.923077        0
59643.582534 19.841877      NaN   -5.0  14.0   c  0.0   1.10 210.89573 54.31529   796.12  2981.64 2.24 2.12   2.2 -0.448    19.21 21.75 02a59643o0752c -0.357143        0
59643.617736 20.103715      NaN   -3.0  11.0   c  0.0   1.65 210.89573 54.31529   854.52  3055.14 2.33 2.09  30.1 -0.440    19.25 21.72 02a59643o0823c -0.272727        0
59643.623182 19.401649      NaN   24.0  13.0   c  0.0   1.75 210.89573 54.31529   875.61  2933.31 2.25 2.12   8.7 -0.448    19.22 21.71 02a59643o0834c  1.846154        0
59647.511394 19.351140      NaN  -14.0  22.0   c  0.0   0.90 210.89573 54.31529  9769.94  7549.09 2.70 2.33  86.6 -0.448    18.96 21.75 02a59647o0432c -0.636364   524288
59647.514333 19.287255      NaN   16.0  18.0   c  0.0   1.35 210.89573 54.31529  9791.08  7586.40 2.73 2.33  79.9 -0.441    18.94 21.77 02a59647o0438c  0.888889   524288
59647.519354 18.280067      NaN  -54.0  59.0   c  0.0   1.07 210.89573 54.31529  9732.03  7513.74 2.65 2.37  79.9 -0.450    17.72 20.47 02a59647o0448c -0.915254        0
59647.539712 19.351140      NaN   -7.0  22.0   c  0.0   0.93 210.89573 54.31529  9716.82  7633.82 2.89 2.56  68.1 -0.421    18.89 21.75 02a59647o0488c -0.318182        0
59671.401837 19.841877      NaN   -4.0  14.0   c  0.0   0.96 210.89573 54.31529  3593.37  5815.97 2.72 2.52  41.0 -0.395    19.49 21.62 02a59671o0314c -0.285714        0
59671.428617 19.816329      NaN    1.0  14.0   c  0.0   1.09 210.89573 54.31529  3627.33  5853.29 2.79 2.53  42.7 -0.393    19.53 21.63 02a59671o0371c  0.071429   524288
59671.431827 19.841877      NaN  -15.0  14.0   c  0.0   1.11 210.89573 54.31529  3569.41  5778.95 2.92 2.59  44.1 -0.384    19.45 21.63 02a59671o0378c -1.071429        0
59671.437311 19.743105      NaN    1.0  15.0   c  0.0   0.98 210.89573 54.31529  3549.71  5895.73 2.95 2.56  40.6 -0.386    19.42 21.63 02a59671o0390c  0.066667   524288
59675.445368 16.575176      NaN  113.0 246.0   c  0.0   1.23 210.89573 54.31529  1914.08  9619.93 2.52 2.40  40.5 -0.389    16.29 18.27 02a59675o0501c  0.459350  4196354
59675.451766 18.280067      NaN   60.0  39.0   c  0.0   1.36 210.89573 54.31529  1893.75  9735.94 2.40 2.34  28.0 -0.458    18.45 20.52 02a59675o0515c  1.538462   532480
59679.432660 19.256669      NaN   -9.0  24.0   c  0.0   0.85 210.89573 54.31529  1950.40  9659.71 2.53 2.39  41.3 -0.436    18.97 20.69 02a59679o0440c -0.375000        0
59679.438161 19.351140      NaN  -12.0  22.0   c  0.0   0.99 210.89573 54.31529  1970.87  9697.88 2.48 2.38  33.1 -0.441    18.97 20.71 02a59679o0452c -0.545455        0
59679.439989 19.212347      NaN   18.0  19.0   c  0.0   1.40 210.89573 54.31529  1909.87  9617.76 2.48 2.36  33.1 -0.450    18.99 20.72 02a59679o0456c  0.947368        0
59679.445014 19.454622      NaN  -16.0  20.0   c  0.0   1.22 210.89573 54.31529  1887.89  9735.44 2.48 2.41  30.6 -0.443    19.00 20.75 02a59679o0467c -0.800000        0
59695.447397 19.922338      NaN  -18.0  13.0   c  0.0   0.83 210.89573 54.31529  8885.34  5228.92 2.73 2.49  32.2 -0.401    19.49 21.38 02a59695o0478c -1.384615        0
59695.450623 19.631075      NaN    6.0  15.0   c  0.0   0.88 210.89573 54.31529  8865.88  5188.59 2.66 2.39  33.1 -0.403    19.51 21.38 02a59695o0485c  0.400000        0
59695.485942 19.589310      NaN   11.0  14.0   c  0.0   1.16 210.89573 54.31529  8915.89  5267.98 2.75 2.44  30.0 -0.390    19.47 21.34 02a59695o0561c  0.785714   524288
59695.514381 19.696897      NaN  -37.0  16.0   c  0.0   1.42 210.89573 54.31529  8932.93  5152.45 2.76 2.40  28.4 -0.395    19.02 20.86 02a59695o0622c -2.312500   524288
59699.416003 15.737366      NaN  410.0 477.0   c  0.0   0.82 210.89573 54.31529  3359.98  7106.78 2.65 2.33  24.6 -0.397    15.53 16.82 02a59699o0410c  0.859539  4196354
59699.419220 18.776955      NaN   16.0  32.0   c  0.0   1.57 210.89573 54.31529  3342.81  7071.41 2.59 2.33  26.4 -0.397    18.25 19.68 02a59699o0417c  0.500000     8192
59699.424739 17.927085      NaN    5.0  80.0   c  0.0   1.39 210.89573 54.31529  3398.75  7145.37 2.64 2.33  24.4 -0.400    17.23 18.61 02a59699o0429c  0.062500     8192
59699.459844 19.351140      NaN  -37.0  22.0   c  0.0   1.10 210.89573 54.31529  3404.40  7026.35 2.59 2.25  27.4 -0.396    18.82 20.34 02a59699o0505c -1.681818  4194560
59723.379391 19.922338      NaN   -3.0  13.0   c  0.0   1.19 210.89573 54.31529  5039.53  4866.07 2.69 2.33  28.8 -0.399    19.57 21.29 02a59723o0312c -0.230769        0
59723.382603 19.841877      NaN  -23.0  14.0   c  0.0   1.05 210.89573 54.31529  5016.76  4824.89 2.96 2.46  29.7 -0.388    19.52 21.28 02a59723o0319c -1.642857        0
59723.388089 19.549093      NaN   16.0  13.0   c  0.0   0.99 210.89573 54.31529  5077.71  4903.17 2.69 2.30  28.5 -0.402    19.58 21.25 02a59723o0331c  1.230769        0
59723.400898 19.696897      NaN   12.0  12.0   c  0.0   1.09 210.89573 54.31529  5096.34  4789.05 2.76 2.37  26.9 -0.397    19.55 21.26 02a59723o0359c  1.000000        0
59727.350487 17.935984      NaN   66.0  59.0   c  0.0   1.47 210.89573 54.31529  5044.07  4872.20 2.68 2.28  31.1 -0.398    17.52 18.91 02a59727o0248c  1.118644        0
59727.353687 18.978793      NaN   -1.0  31.0   c  0.0   0.66 210.89573 54.31529  5024.45  4832.83 2.65 2.25  29.9 -0.401    18.58 20.08 02a59727o0255c -0.032258        0
59727.360089 17.862567      NaN   98.0  54.0   c  0.0   1.44 210.89573 54.31529  5082.35  4908.42 2.64 2.25  30.7 -0.403    17.59 18.92 02a59727o0269c  1.814815  4194560
59727.371522 18.550302      NaN   24.0  38.0   c  0.0   1.73 210.89573 54.31529  5103.11  4791.08 2.81 2.30  31.3 -0.389    18.00 19.43 02a59727o0294c  0.631579   524288
59731.393020 20.009244      NaN  -16.0  12.0   c  0.0   1.43 210.89573 54.31529  3630.99  8753.87 2.74 2.67  34.9 -0.390    19.54 21.53 02a59731o0172c -1.333333        0
59731.398541 19.922338      NaN   -1.0  13.0   c  0.0   1.28 210.89573 54.31529  3610.94  8714.70 2.84 2.66  42.3 -0.386    19.56 21.51 02a59731o0184c -0.076923        0
59731.401810 19.589310      NaN   14.0  13.0   c  0.0   1.19 210.89573 54.31529  3667.55  8791.67 2.61 2.58  46.8 -0.392    19.59 21.52 02a59731o0191c  1.076923        0
59731.414645 20.009244      NaN  -27.0  12.0   c  0.0   1.59 210.89573 54.31529  3685.08  8670.94 2.70 2.54  25.3 -0.395    19.57 21.46 02a59731o0219c -2.250000        0
59751.314809 20.207197      NaN   -5.0  10.0   c  0.0   1.77 210.89573 54.31529  4539.43  1085.46 2.41 2.29  78.8 -0.428    19.65 21.48 02a59751o0156c -0.500000        0
59751.318028 20.321591      NaN  -11.0   9.0   c  0.0   1.29 210.89573 54.31529  4519.21  1049.06 2.38 2.26  74.3 -0.429    19.63 21.48 02a59751o0163c -1.222222        0
59751.323522 19.719755      NaN    8.0  13.0   c  0.0   0.77 210.89573 54.31529  4580.48  1124.26 2.32 2.24  80.2 -0.430    19.66 21.47 02a59751o0175c  0.615385        0
59751.334507 19.766969      NaN   15.0  10.0   c  0.0   1.30 210.89573 54.31529  4601.80  1012.04 2.51 2.36  84.3 -0.424    19.64 21.45 02a59751o0199c  1.500000        0
59783.267980 20.009244      NaN  -16.0  12.0   c  0.0   1.18 210.89573 54.31529  1487.74  6787.23 2.40 2.26 -39.9 -0.428    19.57 21.12 02a59783o0058c -1.333333        0
59783.271622 19.922338      NaN  -13.0  13.0   c  0.0   1.34 210.89573 54.31529  1468.54  6748.16 2.58 2.37 -48.8 -0.423    19.53 21.16 02a59783o0066c -1.000000        0
59783.278464 20.103715      NaN   -4.0  11.0   c  0.0   1.14 210.89573 54.31529  1524.82  6823.86 2.47 2.26 -47.1 -0.430    19.60 21.20 02a59783o0081c -0.363636        0
59783.292955 20.009244      NaN   -3.0  12.0   c  0.0   1.08 210.89573 54.31529  1543.81  6703.56 2.37 2.17 -49.0 -0.440    19.57 21.12 02a59783o0113c -0.250000        0
59787.293213 19.816329      NaN    4.0  13.0   c  0.0   1.02 210.89573 54.31529  6756.20  3132.68 2.82 2.75  54.9 -0.404    19.41 21.28 02a59787o0117c  0.307692        0
59787.297291 20.009244      NaN  -16.0  12.0   c  0.0   1.52 210.89573 54.31529  6735.96  3090.12 2.90 2.84  55.3 -0.387    19.39 21.27 02a59787o0126c -1.333333   524288
59787.303716 20.009244      NaN  -38.0  12.0   c  0.0   1.17 210.89573 54.31529  6793.61  3165.54 2.86 2.76  41.4 -0.390    19.42 21.26 02a59787o0140c -3.166667        0
59787.318300 19.841877      NaN   -4.0  14.0   c  0.0   1.03 210.89573 54.31529  6814.87  3047.34 2.85 2.72  38.3 -0.390    19.44 21.27 02a59787o0172c -0.285714   524288
59811.240646 18.857417      NaN    2.0  34.0   c  0.0   1.06 210.89573 54.31529  9057.10  6886.94 2.67 2.42  28.6 -0.411    18.72 19.75 02a59811o0025c  0.058824        0
59811.243827 19.302877      NaN  -14.0  23.0   c  0.0   1.02 210.89573 54.31529  9036.55  6845.06 2.59 2.44  26.7 -0.415    19.14 20.36 02a59811o0032c -0.608696        0
59811.251095 19.766969      NaN   -9.0  15.0   c  0.0   0.85 210.89573 54.31529  9095.26  6923.15 2.65 2.50  24.9 -0.412    19.43 21.04 02a59811o0048c -0.600000        0
59811.262036 19.631075      NaN   -7.0  17.0   c  0.0   0.77 210.89573 54.31529  9113.54  6804.96 2.61 2.49  23.9 -0.419    19.49 21.14 02a59811o0072c -0.411765        0
59819.241262 19.922338      NaN   -6.0  13.0   c  0.0   1.15 210.89573 54.31529  6596.62   984.85 2.35 2.22  59.0 -0.408    19.14 20.53 02a59819o0037c -0.461538        0
59819.246702 20.103715      NaN  -18.0  11.0   c  0.0   1.46 210.89573 54.31529  6575.35   945.00 2.35 2.24  85.7 -0.416    19.34 20.93 02a59819o0049c -1.636364        0
59819.249867 19.743105      NaN    4.0  14.0   c  0.0   0.86 210.89573 54.31529  6636.26  1025.15 2.52 2.40  84.1 -0.399    19.35 21.00 02a59819o0056c  0.285714        0
59819.259883 19.816329      NaN    1.0  14.0   c  0.0   1.09 210.89573 54.31529  6659.04   907.76 2.40 2.23 -74.9 -0.427    19.37 21.05 02a59819o0078c  0.071429        0
59841.218401 18.445391      NaN   11.0  47.0   c  0.0   1.30 210.89573 54.31529  6957.73  9564.88 3.07 2.87  65.8 -0.351    17.82 19.42 01a59841o0022c  0.234043        0
59841.222104 18.990530      NaN   11.0  27.0   c  0.0   1.31 210.89573 54.31529  6978.52  9605.64 3.06 2.87  69.6 -0.350    18.50 20.18 01a59841o0030c  0.407407        0
59841.232292 19.510313      NaN  -26.0  19.0   c  0.0   0.93 210.89573 54.31529  6916.50  9533.90 3.10 2.92  73.0 -0.347    18.98 20.90 01a59841o0052c -1.368421        0
59841.238300 19.510313      NaN   -5.0  19.0   c  0.0   1.01 210.89573 54.31529  6896.35  9650.74 3.11 2.95  71.9 -0.345    19.00 20.95 01a59841o0065c -0.263158        0
59999.634833 19.051202      NaN  -43.0  29.0   c  0.0   1.05 210.89573 54.31529  9240.74  9026.55 2.78 2.66  59.5 -0.390    18.65 20.44 02a59999o0111c -1.482759   524288
59999.637641 18.806434      NaN   37.0  24.0   c  0.0   1.45 210.89573 54.31529  9221.48  8984.31 2.79 2.68  52.0 -0.385    18.85 20.68 02a59999o0117c  1.541667   524288
59999.650179 19.155932      NaN    4.0  25.0   c  0.0   1.40 210.89573 54.31529  9275.65  9064.78 2.80 2.58  41.8 -0.388    18.66 20.40 02a59999o0142c  0.160000   524288
59999.656837 19.351140      NaN    3.0  21.0   c  0.0   4.56 210.89573 54.31529  9292.80  8946.01 2.74 2.67  55.6 -0.387    18.85 20.61 02a59999o0155c  0.142857  4194561
60048.393577 19.816329      NaN    4.0  13.0   c  0.0   1.31 210.89573 54.31529  5655.95  7358.78 2.59 2.31  44.1 -0.410    19.52 21.42 02a60048o0341c  0.307692        0
60048.395386 19.631075      NaN    9.0  14.0   c  0.0   0.91 210.89573 54.31529  5675.98  7397.47 2.59 2.33  43.3 -0.410    19.55 21.42 02a60048o0345c  0.642857        0
60048.401280 19.791368      NaN    8.0  12.0   c  0.0   1.18 210.89573 54.31529  5617.26  7321.03 2.64 2.34  41.5 -0.408    19.55 21.43 02a60048o0357c  0.666667        0
60048.436787 19.529530      NaN   23.0  11.0   c  0.0   1.43 210.89573 54.31529  5598.94  7440.39 2.60 2.30  36.8 -0.410    19.59 21.48 02a60048o0428c  2.090909        0
60050.476350 19.841877      NaN  -35.0  14.0   c  0.0   1.07 210.89573 54.31529  7519.96  9058.08 2.56 2.41  41.1 -0.420    19.44 21.13 02a60050o0512c -2.500000        0
60050.479980 19.183773      NaN   11.0  22.0   c  0.0   0.64 210.89573 54.31529  7500.42  9016.69 2.54 2.42  44.4 -0.415    19.18 20.81 02a60050o0520c  0.500000   524288
60050.515339 19.743105      NaN    4.0  14.0   c  0.0   1.10 210.89573 54.31529  7555.15  9091.43 2.58 2.38  37.7 -0.409    19.51 21.22 02a60050o0595c  0.285714        0
60050.521155 19.841877      NaN  -12.0  14.0   c  0.0   0.91 210.89573 54.31529  7573.23  8971.47 2.62 2.41  36.5 -0.410    19.50 21.21 02a60050o0607c -0.857143   524288
60052.473293 19.419021      NaN   14.0  16.0   c  0.0   0.96 210.89573 54.31529  5233.32  4857.00 2.42 2.19  34.8 -0.405    19.31 20.97 02a60052o0517c  0.875000   524288
60052.476484 19.743105      NaN    1.0  15.0   c  0.0   1.10 210.89573 54.31529  5213.70  4817.42 2.52 2.21  29.4 -0.396    19.08 20.78 02a60052o0524c  0.066667        0
60052.509238 19.549093      NaN   13.0  14.0   c  0.0   0.79 210.89573 54.31529  5273.82  4886.76 2.54 2.21  32.3 -0.401    19.45 21.04 02a60052o0592c  0.928571        0
60052.515613 19.841877      NaN   -7.0  14.0   c  0.0   1.01 210.89573 54.31529  5294.84  4768.43 2.56 2.21  33.7 -0.395    19.42 20.99 02a60052o0605c -0.500000        0
60056.426687 19.472870      NaN   20.0  13.0   c  0.0   1.03 210.89573 54.31529  1344.28  5151.55 2.48 2.28  20.5 -0.422    19.44 21.06 02a60056o0426c  1.538462        0
60056.430308 19.696897      NaN   -6.0  16.0   c  0.0   0.87 210.89573 54.31529  1325.93  5111.21 2.60 2.46  12.2 -0.417    19.37 21.05 02a60056o0434c -0.375000        0
60056.465450 19.367717      NaN   26.0  13.0   c  0.0   1.29 210.89573 54.31529  1378.22  5178.97 2.42 2.22  20.2 -0.426    19.49 21.06 02a60056o0509c  2.000000        0
60056.470537 19.841877      NaN  -12.0  14.0   c  0.0   0.91 210.89573 54.31529  1400.13  5060.26 2.42 2.23  17.0 -0.423    19.47 21.04 02a60056o0520c -0.857143        0
60058.400358 19.696897      NaN  -14.0  16.0   c  0.0   1.25 210.89573 54.31529  5896.34  9497.58 2.76 2.42  41.3 -0.396    19.41 21.02 02a60058o0368c -0.875000        0
60058.403081 19.841877      NaN   -4.0  14.0   c  0.0   0.99 210.89573 54.31529  5917.48  9534.62 2.73 2.41  37.3 -0.401    19.44 21.03 02a60058o0374c -0.285714   524288
60058.406260 19.696897      NaN   -6.0  16.0   c  0.0   0.76 210.89573 54.31529  5855.43  9459.18 2.79 2.42  42.0 -0.392    19.44 21.03 02a60058o0381c -0.375000        0
60058.412604 19.696897      NaN   -7.0  16.0   c  0.0   1.03 210.89573 54.31529  5834.64  9578.72 2.73 2.40  39.1 -0.397    19.44 21.03 02a60058o0395c -0.437500  4194560
60076.451715 20.009244      NaN  -12.0  12.0   c  0.0   0.99 210.89573 54.31529  6764.39   971.29 2.33 2.17 -71.6 -0.423    19.51 21.04 02a60076o0241c -1.000000        0
60076.455118 19.696897      NaN    6.0  14.0   c  0.0   0.73 210.89573 54.31529  6745.24   933.45 2.31 2.11 -75.2 -0.429    19.50 21.03 02a60076o0248c  0.428571        0
60076.458122 19.922338      NaN    0.0  13.0   c  0.0   0.98 210.89573 54.31529  6806.78  1013.13 2.32 2.11 -72.5 -0.428    19.54 21.05 02a60076o0254c  0.000000        0
60076.463264 19.922338      NaN   -2.0  13.0   c  0.0   0.91 210.89573 54.31529  6826.43   891.21 2.30 2.12 -80.1 -0.429    19.48 21.02 02a60076o0264c -0.153846        0
60078.380061 20.207197      NaN   -8.0  10.0   c  0.0   1.74 210.89573 54.31529  3273.48  4971.48 2.32 2.16  25.4 -0.414    19.63 21.30 02a60078o0314c -0.800000        0
60078.383226 19.950541      NaN    8.0  10.0   c  0.0   1.17 210.89573 54.31529  3254.19  4936.08 2.29 2.16  19.0 -0.423    19.62 21.30 02a60078o0321c  0.800000        0
60078.390093 20.009244      NaN   -8.0  12.0   c  0.0   0.86 210.89573 54.31529  3312.93  5011.39 2.29 2.15  24.7 -0.417    19.59 21.30 02a60078o0336c -0.666667        0
60078.401655 20.207197      NaN  -22.0  10.0   c  0.0   1.17 210.89573 54.31529  3333.39  4893.00 2.34 2.16  23.5 -0.418    19.61 21.34 02a60078o0361c -2.200000        0