         MJD         m       dm    uJy  duJy   F  err  chi/N        RA      Dec        x        y  maj  min   phi  apfit  mag5sig   Sky            Obs  __tmp_SN    Mask
57396.587948 19.419021      NaN    2.0  20.0   c  0.0   1.00 210.90449 54.30295  7743.77  2273.84 3.99 3.60   7.9 -0.427    19.59 21.57 02a57396o0607c  0.100000 8388609
57396.598947 19.510313      NaN  -15.0  19.0   c  0.0   0.84 210.90449 54.30295  7457.35  1700.88 4.09 3.60   5.1 -0.444    19.60 21.58 02a57396o0625c -0.789474 8388609
57396.614233 18.757738      NaN  -41.0  38.0   c  0.0   1.01 210.90449 54.30295  8271.11  2844.88 3.80 3.60  20.4 -0.418    19.60 21.56 02a57396o0650c -1.078947 8388609
57396.627717 18.474346      NaN   31.0  39.0   c  0.0   1.20 210.90449 54.30295  8533.53  1083.72 4.32 3.66  11.1 -0.431    19.59 21.57 02a57396o0672c  0.794872 8388609
57424.598946 19.631075      NaN    0.0  17.0   c  0.0   1.30 210.90449 54.30295  8242.35  1599.80 4.31 3.76  10.3 -0.439    19.70 21.79 02a57424o0633c  0.000000    True
57424.604067 19.569016      NaN  -12.0  18.0   c  0.0   0.96 210.90449 54.30295  8506.37  2169.86 4.24 3.83  15.2 -0.423    19.68 21.79 02a57424o0641c -0.666667    8192
57424.621336 19.454622      NaN    3.0  19.0   c  0.0   0.79 210.90449 54.30295  7350.90  2787.28 4.01 3.71   9.8 -0.415    19.70 21.79 02a57424o0667c  0.157895    True
57424.633626 19.696897      NaN  -13.0  16.0   c  0.0   1.07 210.90449 54.30295  7273.84  2881.11 3.96 3.67  11.4 -0.417    19.70 21.79 02a57424o0685c -0.812500    8192
57448.521048 19.351140      NaN  -15.0  22.0   c  0.0   1.00 210.90449 54.30295  7908.94  1790.66 3.99 3.65  15.0 -0.450    19.26 20.81 02a57448o0458c -0.681818   False
57448.543577 19.351140      NaN  -27.0  22.0   c  0.0   1.01 210.90449 54.30295  8200.95  2370.94 3.93 3.73  23.3 -0.439    19.21 20.77 02a57448o0497c -1.227273    True
57448.565924 19.169763      NaN    6.0  24.0   c  0.0   0.98 210.90449 54.30295  7060.03  2992.97 4.37 3.91  -1.2 -0.388    19.09 20.75 02a57448o0536c  0.250000   False
57448.596475 19.271854      NaN   14.0  19.0   c  0.0   1.27 210.90449 54.30295  3368.08  7805.07 3.87 3.61 -70.4 -0.422    19.20 20.80 02a57448o0592c  0.736842   False
57449.515332 19.454622      NaN   -6.0  20.0   c  0.0   1.14 210.90449 54.30295  8145.70  1741.32 4.04 3.63  15.5 -0.461    19.45 21.19 02a57449o0610c -0.300000   False
57449.538360 19.142275      NaN   23.0  19.0   c  0.0   1.07 210.90449 54.30295  8444.13  2319.14 3.82 3.59  30.8 -0.456    19.42 21.11 02a57449o0650c  1.210526   False
57449.558557 19.569016      NaN  -27.0  18.0   c  0.0   0.97 210.90449 54.30295  7303.47  2946.58 3.77 3.62  15.0 -0.427    19.39 21.07 02a57449o0688c -1.500000   False
57449.570520 19.454622      NaN   -4.0  20.0   c  0.0   0.91 210.90449 54.30295  7285.33  2885.92 3.75 3.57  18.2 -0.439    19.39 21.06 02a57449o0709c -0.200000   False
57458.509881 19.631075      NaN  -14.0  17.0   c  0.0   1.14 210.90449 54.30295  8228.23  1593.88 4.31 3.77  15.4 -0.446    19.65 21.70 02a57458o0606c -0.823529    True
57458.513259 19.102305      NaN   23.0  20.0   c  0.0   0.98 210.90449 54.30295  8514.13  2162.61 4.20 3.90  23.8 -0.426    19.61 21.68 02a57458o0613c  1.150000    8192
57458.536888 19.589310      NaN    2.0  17.0   c  0.0   1.08 210.90449 54.30295  7386.98  2788.05 4.11 3.83   1.9 -0.402    19.60 21.68 02a57458o0653c  0.117647    True
57458.567769 19.696897      NaN   -8.0  16.0   c  0.0   1.25 210.90449 54.30295  3364.38  7802.97 3.85 3.61 -73.0 -0.421    19.64 21.68 02a57458o0708c -0.500000    True
57488.426551 19.510313      NaN  -50.0  19.0   c  0.0   0.91 210.90449 54.30295  8360.60  1666.19 4.31 3.81  20.1 -0.477    19.60 21.59 02a57488o0373c -2.631579   False
57488.444090 19.401649      NaN    3.0  20.0   c  0.0   0.88 210.90449 54.30295  8648.03  2222.61 4.17 3.80  29.7 -0.460    19.60 21.61 02a57488o0405c  0.150000   False
57488.465855 19.510313      NaN   -3.0  19.0   c  0.0   0.90 210.90449 54.30295  7525.93  2869.34 4.05 3.72  15.6 -0.446    19.57 21.56 02a57488o0444c -0.157895    True
57488.475297 19.569016      NaN   -3.0  18.0   c  0.0   1.01 210.90449 54.30295  3350.42  7794.64 3.98 3.61 -65.0 -0.439    19.55 21.54 02a57488o0460c -0.166667   False
57512.362600 19.454622      NaN  -22.0  20.0   c  0.0   1.03 210.90449 54.30295  9548.47  2732.99 4.66 4.15  38.5 -0.435    19.51 21.58 02a57512o0305c -1.100000   False
57512.371077 19.401649      NaN  -29.0  21.0   c  0.0   1.06 210.90449 54.30295  9571.37  2769.28 4.57 4.07  39.9 -0.440    19.53 21.60 02a57512o0322c -1.380952    True
57512.373986 19.256669      NaN   12.0  20.0   c  0.0   1.00 210.90449 54.30295   361.93  2655.64 5.06 3.82 -34.3 -0.412    19.58 21.60 02a57512o0328c  0.600000    True
57512.383392 19.051202      NaN   30.0  19.0   c  0.0   1.14 210.90449 54.30295   381.78  2692.81 5.10 3.92 -34.1 -0.413    19.54 21.60 02a57512o0347c  1.578947   False
57512.386899 19.569016      NaN   -4.0  18.0   c  0.0   1.31 210.90449 54.30295   992.17  7875.39 4.45 3.81 -58.3 -0.428    19.55 21.63 02a57512o0354c -0.222222    True
57512.388945 19.436675      NaN    4.0  19.0   c  0.0   0.98 210.90449 54.30295   315.90  2616.35 5.16 3.88 -31.6 -0.403    19.57 21.61 02a57512o0358c  0.210526    True
57512.397027 19.743105      NaN    1.0  15.0   c  0.0   1.80 210.90449 54.30295  1022.65  7756.17 4.38 3.76 -57.8 -0.429    19.55 21.60 02a57512o0374c  0.066667    True
57512.407432 19.334813      NaN   16.0  17.0   c  0.0   1.12 210.90449 54.30295 10216.15  7822.77 4.60 3.71  81.1 -0.426    19.54 21.62 02a57512o0395c  0.941176   False
57512.416849 18.900000      NaN   40.0  20.0   c  0.0   0.77 210.90449 54.30295  3624.74  8629.23 4.14 3.80 -61.9 -0.410    19.52 21.58 02a57512o0414c  2.000000   False
57515.371866 19.334813      NaN    1.0  22.0   c  0.0   0.81 210.90449 54.30295  1966.39   481.21 5.36 3.74 -16.0 -0.483    19.58 21.68 02a57515o0321c  0.045455   False
57515.372987 18.933071      NaN   19.0  26.0   c  0.0   1.01 210.90449 54.30295  7377.81   285.76 5.28 3.91  10.2 -0.491    19.61 21.70 02a57515o0323c  0.730769    True
57515.374441 19.569016      NaN  -13.0  18.0   c  0.0   1.19 210.90449 54.30295  8548.48 10119.14 4.30 3.86  75.2 -0.415    19.60 21.66 02a57515o0326c -0.722222    True
57515.383262 19.454622      NaN   -1.0  20.0   c  0.0   0.88 210.90449 54.30295  3113.09 10241.98 4.23 3.94 -48.8 -0.400    19.61 21.73 02a57515o0344c -0.050000   False
57515.385734 19.334813      NaN    1.0  22.0   c  0.0   0.79 210.90449 54.30295  8476.87 10039.59 4.17 3.76  74.3 -0.422    19.61 21.65 02a57515o0348c  0.045455   False
57515.386824 19.569016      NaN  -16.0  18.0   c  0.0   1.20 210.90449 54.30295  3165.18 10326.45 4.28 3.96 -54.5 -0.403    19.61 21.70 02a57515o0350c -0.888889   False
57515.400161 19.510313      NaN  -10.0  19.0   c  0.0   1.19 210.90449 54.30295  3199.68 10206.25 4.17 3.91 -48.8 -0.391    19.61 21.69 02a57515o0376c -0.526316    True
57515.402098 19.287255      NaN    7.0  21.0   c  0.0   1.05 210.90449 54.30295  2048.12   407.00 5.17 3.65 -15.9 -0.484    19.58 21.64 02a57515o0380c  0.333333    True
57515.409082 19.401649      NaN  -17.0  21.0   c  0.0   1.20 210.90449 54.30295  1999.38   469.66 5.25 3.65 -14.9 -0.478    19.58 21.61 02a57515o0393c -0.809524   False
57515.410533 19.436675      NaN    4.0  19.0   c  0.0   0.99 210.90449 54.30295  3158.74 10269.92 4.12 3.91 -43.0 -0.393    19.61 21.65 02a57515o0396c  0.210526   False
57545.329395 19.569016      NaN  -18.0  18.0   c  0.0   0.97 210.90449 54.30295  1127.26  8133.91 4.40 3.94 -56.1 -0.416    19.59 21.73 02a57545o0190c -1.000000   False
57545.338129 19.351140      NaN   -2.0  22.0   c  0.0   0.79 210.90449 54.30295  1114.37  8096.57 4.40 3.93 -61.1 -0.432    19.58 21.75 02a57545o0208c -0.090909    True
57545.345896 19.569016      NaN  -34.0  18.0   c  0.0   0.99 210.90449 54.30295 10328.55  8216.76 4.55 3.63  80.2 -0.431    19.64 21.77 02a57545o0224c -1.888889   False
57545.355107 19.631075      NaN   -6.0  17.0   c  0.0   1.20 210.90449 54.30295  1172.83  8172.37 4.15 3.77 -57.1 -0.430    19.62 21.73 02a57545o0243c -0.352941    True
57545.356559 19.510313      NaN  -14.0  19.0   c  0.0   1.01 210.90449 54.30295 10316.67  8179.08 4.65 3.61  82.6 -0.426    19.64 21.79 02a57545o0246c -0.736842   False
57545.358980 19.510313      NaN   -5.0  19.0   c  0.0   0.91 210.90449 54.30295 10373.74  8261.10 4.64 3.65  81.3 -0.435    19.64 21.79 02a57545o0251c -0.263158    True
57545.361400 19.454622      NaN  -17.0  20.0   c  0.0   1.01 210.90449 54.30295  1185.75  8055.10 4.39 3.92 -58.1 -0.425    19.56 21.74 02a57545o0256c -0.850000   False
57545.371093 19.510313      NaN  -18.0  19.0   c  0.0   1.17 210.90449 54.30295  1153.10  8115.77 4.36 3.89 -56.8 -0.427    19.46 21.59 02a57545o0276c -0.947368    True
57545.380784 19.128787      NaN   21.0  20.0   c  0.0   1.18 210.90449 54.30295 10386.41  8148.45 4.68 3.68  80.3 -0.421    19.41 21.51 02a57545o0296c  1.050000   False
57545.390661 19.631075      NaN   -6.0  17.0   c  0.0   1.49 210.90449 54.30295 10348.85  8208.27 4.89 3.82  79.3 -0.420    19.52 21.66 02a57545o0315c -0.352941   False
57549.332077 19.401649      NaN    3.0  20.0   c  0.0   1.08 210.90449 54.30295  2415.62  9659.28 4.08 3.84 -55.4 -0.425    19.44 21.31 02a57549o0078c  0.150000   False
57549.342782 19.401649      NaN  -15.0  21.0   c  0.0   1.17 210.90449 54.30295  2405.46  9619.50 4.16 3.87 -54.0 -0.417    19.44 21.33 02a57549o0100c -0.714286   False
57549.359807 19.454622      NaN  -20.0  20.0   c  0.0   0.92 210.90449 54.30295  2461.82  9694.90 4.11 3.83 -48.7 -0.420    19.46 21.36 02a57549o0135c -1.000000    True
57549.367069 19.271854      NaN    8.0  21.0   c  0.0   1.15 210.90449 54.30295  2474.48  9578.12 4.12 3.84 -53.9 -0.424    19.47 21.39 02a57549o0150c  0.380952    True
57549.375839 19.472870      NaN    2.0  19.0   c  0.0   0.99 210.90449 54.30295  2443.02  9641.83 4.24 3.89 -49.5 -0.416    19.49 21.47 02a57549o0168c  0.105263   False
57581.293250 19.089302      NaN  -24.0  28.0   c  0.0   0.81 210.90449 54.30295  3746.08  6896.57 4.16 3.83 -77.0 -0.443    19.01 20.64 02a57581o0088c -0.857143    True
57581.304631 18.955691      NaN   17.0  26.0   c  0.0   1.03 210.90449 54.30295  3733.49  6855.21 4.12 3.85 -62.0 -0.443    19.01 20.65 02a57581o0111c  0.653846   False
57581.321240 18.900000      NaN   16.0  28.0   c  0.0   0.81 210.90449 54.30295  3788.92  6929.71 3.97 3.69 -62.8 -0.452    19.00 20.58 02a57581o0145c  0.571429   False
57581.328019 19.155932      NaN    4.0  25.0   c  0.0   1.15 210.90449 54.30295  3801.29  6812.33 3.92 3.63 -72.1 -0.454    19.00 20.57 02a57581o0159c  0.160000   False
57581.338880 19.212347      NaN  -10.0  25.0   c  0.0   1.00 210.90449 54.30295  3768.53  6871.31 3.99 3.68 -65.9 -0.453    18.93 20.48 02a57581o0181c -0.400000   False
57605.257770 18.459772 0.267815  150.0  37.0   c  0.0   1.28 210.90449 54.30295  4009.47  6971.33 4.25 3.91  41.6 -0.372    18.85 21.71 02a57605o0052c  4.054054 8388609
57605.266058 18.748255      NaN    1.0  38.0   c  0.0   1.03 210.90449 54.30295  3986.53  6930.76 4.44 4.23  42.0 -0.399    18.84 21.70 02a57605o0066c  0.026316 8388609
57605.277177 17.905150 0.191090  250.0  44.0   c  0.0   0.87 210.90449 54.30295  4042.76  7004.23 5.25 5.14  64.7 -0.324    18.70 21.72 02a57605o0085c  5.681818 8388609
57605.290850 19.226921      NaN    8.0  22.0   c  0.0   1.10 210.90449 54.30295  4066.43  6888.15 4.91 4.71 -64.5 -0.355    19.19 21.41 02a57605o0109c  0.363636 8388609
57605.303123 19.569016      NaN   -8.0  18.0   c  0.0   1.02 210.90449 54.30295  4021.11  6943.97 4.12 3.93 -60.0 -0.388    19.35 21.41 02a57605o0133c -0.444444 8388609
57609.251150 18.738855      NaN   35.0  27.0   c  0.0   1.26 210.90449 54.30295  1303.34 10104.32 4.18 3.78 -54.7 -0.425    19.04 20.57 02a57609o0045c  1.296296   False
57609.257024       NaN      NaN    NaN   NaN NaN  NaN    NaN       NaN      NaN      NaN      NaN  NaN  NaN   NaN    NaN      NaN   NaN            NaN       NaN   False
57609.260345 19.212347      NaN  -19.0  25.0   c  0.0   1.10 210.90449 54.30295  1279.53 10062.79 4.24 3.88 -54.2 -0.430    19.15 20.84 02a57609o0061c -0.760000    True
57609.274446 18.967180      NaN   19.0  25.0   c  0.0   1.19 210.90449 54.30295  1334.69 10138.58 4.23 4.00 -55.3 -0.430    19.15 20.86 02a57609o0086c  0.760000   False
57609.275582 15.828358      NaN    7.0 562.0   c  0.0   0.01 210.90449 54.30295 10515.65 10185.49 5.08 4.03  81.4 -0.384    19.23 20.97 02a57609o0088c  0.012456    True
57609.283416 18.955691      NaN   14.0  27.0   c  0.0   1.03 210.90449 54.30295  1346.58 10015.73 4.35 3.86 -54.9 -0.414    19.11 20.83 02a57609o0102c  0.518519    True
57609.293767 19.128787      NaN  -10.0  27.0   c  0.0   1.12 210.90449 54.30295  1310.34 10079.99 4.49 3.94 -54.1 -0.405    19.06 20.79 02a57609o0120c -0.370370   False
57746.613969 19.569016      NaN  -23.0  18.0   c  0.0   0.88 210.90449 54.30295  9609.44  2396.02 4.06 3.81  81.9 -0.422    19.61 21.65 02a57746o0819c -1.277778   False
57746.625461 19.510313      NaN  -20.0  19.0   c  0.0   0.91 210.90449 54.30295  9619.82  2435.64 4.08 3.83  80.9 -0.420    19.61 21.63 02a57746o0841c -1.052632   False
57746.627011 19.491430      NaN    4.0  18.0   c  0.0   0.93 210.90449 54.30295   410.47  2325.84 4.23 4.16 -88.7 -0.369    19.54 21.57 02a57746o0844c  0.222222   False
57746.636855 19.491430      NaN    1.0  19.0   c  0.0   1.06 210.90449 54.30295  9564.27  2362.75 4.24 4.02  81.1 -0.403    19.60 21.66 02a57746o0863c  0.052632    True
57746.638445 19.351140      NaN   12.0  18.0   c  0.0   1.07 210.90449 54.30295   423.09  2366.03 4.28 4.20  85.9 -0.364    19.56 21.60 02a57746o0866c  0.666667    True
57746.648259 19.183773      NaN   23.0  18.0   c  0.0   1.09 210.90449 54.30295  9550.27  2480.90 4.17 3.92  78.9 -0.407    19.60 21.66 02a57746o0885c  1.277778    True
57746.650355 19.631075      NaN  -13.0  17.0   c  0.0   1.07 210.90449 54.30295   364.31  2283.66 4.15 4.02  85.7 -0.380    19.60 21.59 02a57746o0889c -0.764706    True
57746.659628 19.212347      NaN   18.0  19.0   c  0.0   1.15 210.90449 54.30295  9586.41  2422.64 4.06 3.79  79.7 -0.417    19.52 21.38 02a57746o0907c  0.947368    True
57746.661195 19.454622      NaN  -22.0  20.0   c  0.0   1.10 210.90449 54.30295   353.29  2420.17 4.09 3.96  84.2 -0.381    19.40 21.16 02a57746o0910c -1.100000   False
57746.669931 18.649074      NaN  -23.0  42.0   c  0.0   0.93 210.90449 54.30295   386.60  2344.58 4.32 4.15  80.0 -0.358    18.45 19.40 02a57746o0927c -0.547619    True
57778.570698 19.510313      NaN  -31.0  19.0   c  0.0   1.01 210.90449 54.30295  9100.60 10220.21 4.12 3.71 -88.1 -0.431    19.77 21.82 02a57778o0568c -1.631579   False
57778.576629 19.076453      NaN   25.0  20.0   c  0.0   1.00 210.90449 54.30295  7875.33   418.95 4.00 3.78  15.3 -0.454    19.75 21.80 02a57778o0578c  1.250000   False
57778.584061 19.401649      NaN    6.0  19.0   c  0.0   0.78 210.90449 54.30295  9113.96 10261.69 4.09 3.68 -88.1 -0.432    19.77 21.81 02a57778o0592c  0.315789    True
57778.589437 19.334813      NaN   13.0  18.0   c  0.0   1.03 210.90449 54.30295  7887.60   459.85 3.93 3.77  18.4 -0.451    19.77 21.82 02a57778o0602c  0.722222   False
57778.596885 19.569016      NaN   -8.0  18.0   c  0.0   1.13 210.90449 54.30295  9056.58 10187.64 4.09 3.74  89.5 -0.433    19.78 21.83 02a57778o0616c -0.444444    True
57778.602290 19.454622      NaN  -13.0  20.0   c  0.0   1.02 210.90449 54.30295  7845.07   384.49 3.95 3.73  15.2 -0.452    19.79 21.85 02a57778o0626c -0.650000   False
57778.609876 19.287255      NaN   16.0  18.0   c  0.0   1.04 210.90449 54.30295  9034.45 10308.83 4.04 3.68 -88.4 -0.432    19.80 21.86 02a57778o0640c  0.888889    True
57778.615190 19.419021      NaN    8.0  18.0   c  0.0   1.15 210.90449 54.30295  7824.49   508.15 3.84 3.67  17.9 -0.452    19.81 21.88 02a57778o0650c  0.444444    True
57778.622705 19.569016      NaN  -17.0  18.0   c  0.0   1.16 210.90449 54.30295  9079.94 10249.31 3.99 3.63 -88.9 -0.436    19.82 21.89 02a57778o0664c -0.944444   False
57778.628048 19.569016      NaN  -10.0  18.0   c  0.0   1.24 210.90449 54.30295  7858.60   449.07 3.99 3.81  15.5 -0.447    19.77 21.86 02a57778o0674c -0.555556   False
57782.565439 19.631075      NaN   -3.0  17.0   c  0.0   1.04 210.90449 54.30295  8311.33  1418.73 3.86 3.75  84.3 -0.416    19.82 21.96 02a57782o0717c -0.176471    True
57782.579866 19.696897      NaN   -9.0  16.0   c  0.0   1.08 210.90449 54.30295  8333.28  1458.65 3.89 3.75 -88.5 -0.409    19.84 21.99 02a57782o0743c -0.562500   False
57782.593858 19.549093      NaN    4.0  17.0   c  0.0   0.89 210.90449 54.30295  8276.95  1385.60 3.81 3.67  86.7 -0.414    19.88 22.03 02a57782o0769c  0.235294   False
57782.607900 19.183773      NaN   23.0  18.0   c  0.0   0.98 210.90449 54.30295  8253.98  1509.17 3.93 3.77  83.5 -0.404    19.81 21.96 02a57782o0795c  1.277778   False
57782.621826 19.631075      NaN  -23.0  17.0   c  0.0   0.95 210.90449 54.30295  8302.51  1451.06 3.86 3.71  85.7 -0.415    19.84 21.99 02a57782o0821c -1.352941    True
57786.563706 19.569016      NaN   -5.0  18.0   c  0.0   1.01 210.90449 54.30295  9327.80  9939.87 3.91 3.51 -86.0 -0.426    19.80 21.89 02a57786o0507c -0.277778   False
57786.566299 19.002397      NaN   28.0  21.0   c  0.0   0.92 210.90449 54.30295  8084.26   139.95 3.89 3.68  12.8 -0.447    19.82 21.92 02a57786o0512c  1.333333    True
57786.576403 19.631075      NaN   -2.0  17.0   c  0.0   1.07 210.90449 54.30295  9338.98  9980.17 3.98 3.59 -88.5 -0.418    19.82 21.94 02a57786o0531c -0.117647   False
57786.579012 19.454622      NaN  -35.0  20.0   c  0.0   1.14 210.90449 54.30295  8096.53   180.49 3.87 3.68  17.4 -0.448    19.85 21.96 02a57786o0536c -1.750000    True
57786.589214 19.631075      NaN  -10.0  17.0   c  0.0   1.12 210.90449 54.30295  9280.78  9904.71 3.94 3.57 -89.9 -0.429    19.83 21.94 02a57786o0555c -0.588235   False
57786.591848 19.510313      NaN   -8.0  19.0   c  0.0   0.98 210.90449 54.30295  8040.78   104.80 3.90 3.71  15.6 -0.449    19.68 21.79 02a57786o0560c -0.421053    True
57786.602149 19.256669      NaN  -23.0  24.0   c  0.0   1.10 210.90449 54.30295  9258.04 10026.42 3.98 3.64  85.5 -0.433    19.48 21.55 02a57786o0579c -0.958333    True
57786.604786 19.302877      NaN  -22.0  23.0   c  0.0   0.97 210.90449 54.30295  8029.44   225.94 3.88 3.76  19.2 -0.441    19.84 21.98 02a57786o0584c -0.956522    True
57786.615038 19.569016      NaN   -6.0  18.0   c  0.0   0.88 210.90449 54.30295  9303.00  9967.70 3.95 3.59  86.1 -0.425    19.78 21.88 02a57786o0603c -0.333333    True
57786.617646 18.978793      NaN   27.0  22.0   c  0.0   0.87 210.90449 54.30295  8063.83   169.38 3.90 3.74  24.9 -0.448    19.84 21.99 02a57786o0608c  1.227273    True
57806.543426 19.197966      NaN   19.0  19.0   c  0.0   1.08 210.90449 54.30295  9187.17  1322.27 3.85 3.71  60.5 -0.446    19.76 21.82 02a57806o0606c  1.000000   False
57806.546470 19.569016      NaN   -6.0  18.0   c  0.0   0.88 210.90449 54.30295  9213.44  1359.42 3.98 3.84  55.7 -0.429    19.74 21.83 02a57806o0612c -0.333333   False
57806.563479 19.609992      NaN    1.0  17.0   c  0.0   1.10 210.90449 54.30295  9155.96  1286.69 4.05 3.88  52.7 -0.427    19.76 21.89 02a57806o0643c  0.058824    True
57806.577726 19.063754      NaN   32.0  18.0   c  0.0   1.15 210.90449 54.30295  9135.58  1405.83 3.91 3.72  65.3 -0.440    19.76 21.84 02a57806o0669c  1.777778   False
57806.591596 19.631075      NaN  -10.0  17.0   c  0.0   1.15 210.90449 54.30295  9185.66  1345.14 3.91 3.71  61.1 -0.439    19.72 21.75 02a57806o0695c -0.588235    True
57834.492888 19.609992      NaN    4.0  16.0   c  0.0   1.18 210.90449 54.30295  8087.58  3390.31 3.99 3.71  87.7 -0.381    19.07 21.15 02a57834o0443c  0.250000   False
57834.503330 19.351140      NaN    0.0  22.0   c  0.0   0.94 210.90449 54.30295  2394.93  7020.94 3.82 3.69  45.1 -0.427    19.11 21.19 02a57834o0463c  0.000000   False
57834.527024 19.155932      NaN   13.0  22.0   c  0.0   0.88 210.90449 54.30295  2442.27  7096.94 3.82 3.67  46.6 -0.423    19.04 21.02 02a57834o0506c  0.590909   False
57834.542612 18.967180      NaN   28.0  22.0   c  0.0   0.94 210.90449 54.30295  2461.47  6981.80 4.01 3.88  52.1 -0.407    18.92 20.83 02a57834o0535c  1.272727    True
57834.554663 18.806434      NaN   37.0  24.0   c  0.0   0.96 210.90449 54.30295  2416.37  7043.19 4.05 3.88  49.8 -0.393    18.86 20.73 02a57834o0557c  1.541667   False
57838.492206 19.454622      NaN  -11.0  20.0   c  0.0   1.29 210.90449 54.30295   134.69   570.50 4.44 4.39 -72.8 -0.376    19.01 21.19 02a57838o0454c -0.550000   False
57838.492735 18.889197      NaN   32.0  23.0   c  0.0   0.93 210.90449 54.30295  1497.72 10379.41 4.32 4.18  26.2 -0.384    19.04 21.20 02a57838o0455c  1.391304    True
57838.494486 19.401649      NaN  -52.0  21.0   c  0.0   1.14 210.90449 54.30295  9013.43   109.39 4.02 3.88  39.8 -0.447    19.06 21.21 02a57838o0458c -2.476190    True
57838.495005 19.351140      NaN  -16.0  22.0   c  0.0   1.13 210.90449 54.30295 10378.32  9921.67 4.46 4.09  80.9 -0.413    19.01 21.18 02a57838o0459c -0.727273    True
57838.505700 19.351140      NaN    0.0  22.0   c  0.0   1.12 210.90449 54.30295 10306.81  9846.47 4.42 4.10  81.9 -0.402    19.02 21.17 02a57838o0479c  0.000000    True
57838.524714 19.569016      NaN   -4.0  18.0   c  0.0   1.07 210.90449 54.30295   193.28   487.30 4.25 4.18 -14.6 -0.374    19.03 21.14 02a57838o0515c -0.222222    True
57838.528687 18.990530      NaN   29.0  21.0   c  0.0   1.17 210.90449 54.30295  1546.67 10294.43 4.13 3.95  18.6 -0.402    19.04 21.15 02a57838o0522c  1.380952   False
57838.541835 19.038793      NaN   16.0  24.0   c  0.0   0.82 210.90449 54.30295  1518.87 10356.94 4.23 3.75   9.1 -0.385    19.03 21.12 02a57838o0547c  0.666667    True
57838.542881 19.183773      NaN    8.0  23.0   c  0.0   0.85 210.90449 54.30295   159.82   542.85 4.09 3.99 -87.7 -0.398    19.06 21.09 02a57838o0549c  0.347826   False
57842.515338 19.351140      NaN  -22.0  22.0   c  0.0   1.03 210.90449 54.30295  3842.39  6708.28 4.04 3.91  55.5 -0.397    18.98 21.04 02a57842o0427c -1.000000    True
57842.526432 19.351140      NaN  -27.0  22.0   c  0.0   0.96 210.90449 54.30295  3885.57  6783.96 4.26 4.09  67.2 -0.387    18.93 21.04 02a57842o0448c -1.227273    8192
57842.544005 18.990530      NaN   29.0  21.0   c  0.0   0.99 210.90449 54.30295  3906.66  6663.73 4.12 3.95  75.7 -0.378    18.94 20.97 02a57842o0481c  1.380952    8192
57862.478560 19.351140      NaN   -4.0  22.0   c  0.0   0.92 210.90449 54.30295  3534.66  6940.00 3.82 3.70  86.1 -0.396    18.84 20.47 02a57862o0525c -0.181818   False
57862.500554 19.351140      NaN   -5.0  22.0   c  0.0   0.80 210.90449 54.30295  3511.76  6900.05 3.78 3.66  86.7 -0.402    18.76 20.25 02a57862o0570c -0.227273   False
57862.510937 19.226921      NaN   14.0  20.0   c  0.0   1.24 210.90449 54.30295  3568.63  6975.74 3.72 3.61  84.9 -0.412    18.74 20.17 02a57862o0591c  0.700000    True
57862.522570 19.302877      NaN   -9.0  23.0   c  0.0   1.05 210.90449 54.30295  3592.60  6857.29 3.74 3.65  72.3 -0.401    18.68 20.07 02a57862o0615c -0.391304   False
57862.530436 19.241693      NaN    7.0  22.0   c  0.0   1.02 210.90449 54.30295  3559.50  6916.20 3.69 3.59  76.4 -0.414    18.67 20.02 02a57862o0631c  0.318182    True
57870.492158 20.207197      NaN   -2.0  10.0   c  0.0   1.31 210.90449 54.30295  1906.61  8583.67 2.42 2.27   7.6 -0.466    19.53 20.68 02a57870o0440c -0.200000   False
57870.509600 20.321591      NaN   -7.0   9.0   c  0.0   1.56 210.90449 54.30295  1883.43  8545.73 2.44 2.28   5.7 -0.462    19.48 20.63 02a57870o0473c -0.777778   False
57870.517991 19.652575      NaN   14.0  12.0   c  0.0   0.85 210.90449 54.30295  1938.71  8617.71 2.45 2.31   7.1 -0.469    19.46 20.60 02a57870o0489c  1.166667   False
57870.530201 20.207197      NaN  -14.0  10.0   c  0.0   1.58 210.90449 54.30295  1964.39  8500.21 2.48 2.35   1.3 -0.461    19.42 20.58 02a57870o0512c -1.400000    True
57870.541671 20.103715      NaN   -2.0  11.0   c  0.0   1.10 210.90449 54.30295  1931.63  8557.89 2.47 2.35   0.7 -0.466    19.42 20.55 02a57870o0534c -0.181818   False
57894.386745 19.868040      NaN    5.0  12.0   c  0.0   1.28 210.90449 54.30295  1329.62  9757.91 2.54 2.32 -11.5 -0.464    19.65 21.54 02a57894o0292c  0.416667    8192
57894.416893 20.103715      NaN   -2.0  11.0   c  0.0   0.97 210.90449 54.30295  1306.55  9717.16 2.59 2.35 -13.9 -0.468    19.81 21.74 02a57894o0349c -0.181818    True
57894.419529 20.103715      NaN  -10.0  11.0   c  0.0   0.84 210.90449 54.30295  1364.03  9789.43 2.58 2.37  -6.4 -0.467    19.78 21.70 02a57894o0354c -0.909091    8192
57894.441778 20.207197      NaN   -7.0  10.0   c  0.0   1.74 210.90449 54.30295  1378.51  9669.59 2.53 2.29  -7.5 -0.474    19.68 21.53 02a57894o0396c -0.700000    True
57894.453543 19.841877      NaN    0.0  14.0   c  0.0   0.87 210.90449 54.30295  1343.45  9728.73 2.53 2.30  -4.3 -0.475    19.49 21.27 02a57894o0418c  0.000000    True
57898.389114 20.207197      NaN  -20.0  10.0   c  0.0   1.15 210.90449 54.30295  1864.84  8708.41 2.66 2.37  -5.2 -0.481    19.73 21.69 02a57898o0138c -2.000000   False
57898.398663 19.894850      NaN    4.0  12.0   c  0.0   1.27 210.90449 54.30295  1841.19  8668.42 2.48 2.29  -0.7 -0.503    19.78 21.72 02a57898o0156c  0.333333   False
57898.417223 19.674510      NaN   10.0  13.0   c  0.0   0.87 210.90449 54.30295  1896.71  8742.26 2.59 2.34 -11.9 -0.486    19.75 21.68 02a57898o0191c  0.769231   False
57898.437402 20.039830      NaN    5.0  10.0   c  0.0   1.13 210.90449 54.30295  1922.65  8621.54 2.46 2.24   2.1 -0.504    19.75 21.62 02a57898o0229c  0.500000   False
57898.446924 19.841877      NaN    9.0  11.0   c  0.0   1.14 210.90449 54.30295  1888.62  8679.01 2.67 2.48   1.7 -0.486    19.69 21.60 02a57898o0247c  0.818182   False
57902.386132 20.207197      NaN   -2.0  10.0   c  0.0   1.06 210.90449 54.30295  4388.63  7519.35 2.52 2.42  -3.7 -0.451    19.81 21.63 02a57902o0297c -0.200000   False
57902.397408 19.894850      NaN   10.0  10.0   c  0.0   1.56 210.90449 54.30295  4378.11  7479.45 2.57 2.47  -9.2 -0.461    19.77 21.60 02a57902o0319c  1.000000   False
57902.399963 19.816329      NaN   10.0  11.0   c  0.0   0.95 210.90449 54.30295  4425.01  7557.42 2.59 2.45  -2.7 -0.449    19.78 21.58 02a57902o0324c  0.909091    True
57902.422768 19.868040      NaN    8.0  11.0   c  0.0   1.08 210.90449 54.30295  4449.28  7438.37 2.56 2.45  -0.2 -0.463    19.79 21.63 02a57902o0368c  0.727273   False
57902.433611 20.009244      NaN   -5.0  12.0   c  0.0   1.09 210.90449 54.30295  4414.14  7495.16 2.61 2.52  -1.9 -0.455    19.67 21.49 02a57902o0389c -0.416667    True
58020.235926 19.401649      NaN   21.0  14.0   c  0.0   1.15 210.90449 54.30295  3553.92  3756.11 2.42 2.31 -78.4 -0.409    19.28 20.64 02a58020o0006c  1.500000 8388609
58194.569176 20.207197      NaN   -4.0  10.0   c  0.0   1.08 210.90449 54.30295  2274.24  8872.46 2.55 2.35  22.2 -0.453    19.73 21.58 02a58194o0731c -0.400000    True
58194.580281 20.321591      NaN   -5.0   9.0   c  0.0   1.18 210.90449 54.30295  2250.00  8834.11 2.56 2.31  25.0 -0.452    19.75 21.58 02a58194o0749c -0.555556   False
58194.590959 20.103715      NaN  -11.0  11.0   c  0.0   1.10 210.90449 54.30295  2299.87  8906.32 2.63 2.46  14.6 -0.444    19.72 21.58 02a58194o0768c -1.000000   False
58194.602403 19.922338      NaN    6.0  11.0   c  0.0   0.90 210.90449 54.30295  2309.72  8787.37 2.41 2.21  17.2 -0.466    19.75 21.57 02a58194o0786c  0.545455   False
58196.529228 18.526952      NaN   -9.0  47.0   c  0.0   1.17 210.90449 54.30295  4970.94  3689.72 2.58 2.44  19.6 -0.397    17.79 19.73 02a58196o0652c -0.191489    True
58196.535461 20.103715      NaN    6.0   9.0   c  0.0   1.36 210.90449 54.30295  4939.61  3653.72 2.45 2.31  46.1 -0.411    19.80 21.89 02a58196o0663c  0.666667    8192
58196.543979 17.740268      NaN  -37.0  97.0   c  0.0   1.20 210.90449 54.30295  4995.53  3728.94 2.45 2.34  37.9 -0.438    16.95 18.82 02a58196o0680c -0.381443    8192
58251.578978 19.841877      NaN   12.0  10.0   c  0.0   1.43 210.90449 54.30295  4139.16  3768.26 2.73 2.54 -52.9 -0.388    19.50 21.34 02a58251o0733c  1.200000    8192
58251.587115 19.791368      NaN   11.0  11.0   c  0.0   1.32 210.90449 54.30295  4138.43  3772.25 2.83 2.62 -51.3 -0.378    19.45 21.26 02a58251o0749c  1.000000    8192
58251.594640 19.241693      NaN   34.0  13.0   c  0.0   1.05 210.90449 54.30295  4126.87  3775.84 2.68 2.55 -50.4 -0.388    19.43 21.20 02a58251o0764c  2.615385    True
58251.602316 19.766969      NaN  -10.0  15.0   c  0.0   0.90 210.90449 54.30295  4136.87  3778.59 3.00 2.79 -53.4 -0.380    19.28 21.09 02a58251o0779c -0.666667    True
58252.572007 20.009244      NaN  -24.0  12.0   c  0.0   1.20 210.90449 54.30295  4138.63  3764.37 2.58 2.45 -49.9 -0.394    19.44 21.13 02a58252o0684c -2.000000    True
58252.582264 20.039830      NaN    2.0  11.0   c  0.0   1.35 210.90449 54.30295  4137.65  3769.62 2.51 2.40 -48.7 -0.402    19.46 21.08 02a58252o0703c  0.181818    True
58252.589663 19.652575      NaN   17.0  11.0   c  0.0   1.44 210.90449 54.30295  4125.89  3772.92 2.54 2.45 -46.9 -0.398    19.40 21.05 02a58252o0718c  1.545455    8192
58252.598499 19.384550      NaN   22.0  14.0   c  0.0   0.94 210.90449 54.30295  4137.02  3775.97 2.49 2.40 -53.0 -0.398    19.37 20.99 02a58252o0735c  1.571429    8192
58256.417856 18.526952      NaN   24.0  39.0   c  0.0   0.15 210.90449 54.30295  3208.15  5361.37 2.37 2.34 -16.0 -0.425    19.82 21.77 02a58256o0256c  0.615385   False
58256.432475 20.282105      NaN    1.0   9.0   c  0.0   1.08 210.90449 54.30295  3186.14  5320.90 2.41 2.41  21.9 -0.424    19.76 21.79 02a58256o0287c  0.111111   False
58256.449876 20.321591      NaN  -12.0   9.0   c  0.0   1.31 210.90449 54.30295  3242.24  5397.01 2.34 2.31  11.5 -0.431    19.80 21.75 02a58256o0324c -1.333333   False
58256.458792 20.449472      NaN  -16.0   8.0   c  0.0   1.21 210.90449 54.30295  3266.15  5277.88 2.38 2.30  39.7 -0.425    19.79 21.74 02a58256o0343c -2.000000    True
58280.393689 20.207197      NaN  -13.0  10.0   c  0.0   1.08 210.90449 54.30295  5372.51  4882.01 2.45 2.41 -69.3 -0.419    19.75 21.71 02a58280o0323c -1.300000   False
58280.407270 19.816329      NaN   10.0  11.0   c  0.0   1.15 210.90449 54.30295  5362.21  4845.90 2.53 2.51  54.8 -0.412    19.67 21.62 02a58280o0352c  0.909091   False
58280.414598 19.549093      NaN   13.0  14.0   c  0.0   0.81 210.90449 54.30295  5417.57  4919.70 2.44 2.41  54.2 -0.422    19.45 21.31 02a58280o0368c  0.928571   False
58280.424534 20.207197      NaN  -24.0  10.0   c  0.0   0.92 210.90449 54.30295  5428.73  4807.36 2.42 2.38  53.6 -0.418    19.72 21.59 02a58280o0389c -2.400000   False
58284.387122 19.791368      NaN   11.0  11.0   c  0.0   1.14 210.90449 54.30295  2845.16  5632.64 2.36 2.30   0.6 -0.420    19.59 21.41 02a58284o0307c  1.000000   False
58284.391741 20.207197      NaN  -10.0  10.0   c  0.0   1.38 210.90449 54.30295  2819.60  5594.09 2.35 2.29   4.0 -0.423    19.62 21.46 02a58284o0317c -1.000000   False
58284.403480 20.103715      NaN    0.0  11.0   c  0.0   0.79 210.90449 54.30295  2878.14  5671.62 2.40 2.34  20.7 -0.428    19.67 21.53 02a58284o0342c  0.000000   False
58284.411716 20.171596      NaN    1.0  10.0   c  0.0   1.45 210.90449 54.30295  2899.46  5551.03 2.44 2.38  22.0 -0.430    19.70 21.54 02a58284o0360c  0.100000   False
58308.365311 19.841877      NaN   12.0  10.0   c  0.0   1.26 210.90449 54.30295  5584.24  3902.21 2.75 2.47 -51.2 -0.410    19.67 21.59 02a58308o0015c  1.200000    8192
58308.374538 20.103715      NaN  -14.0  11.0   c  0.0   1.25 210.90449 54.30295  5605.67  3783.72 2.67 2.48 -52.0 -0.409    19.64 21.54 02a58308o0035c -1.272727    8192
58312.333401 19.791368      NaN   20.0   8.0   c  0.0   1.76 210.90449 54.30295  5135.08  3940.96 2.52 2.35 -53.8 -0.416    19.75 21.63 02a58312o0193c  2.500000   False
58312.339561 19.719755      NaN   17.0  10.0   c  0.0   1.11 210.90449 54.30295  5109.87  3900.61 2.69 2.43 -54.7 -0.407    19.71 21.63 02a58312o0206c  1.700000   False
58312.349040 19.696897      NaN   18.0  10.0   c  0.0   1.26 210.90449 54.30295  5167.25  3977.29 2.58 2.48 -50.9 -0.410    19.67 21.61 02a58312o0226c  1.800000   False
58312.361108 19.743105      NaN   16.0  10.0   c  0.0   1.16 210.90449 54.30295  5189.48  3859.87 2.53 2.47 -50.2 -0.409    19.68 21.58 02a58312o0252c  1.600000   False
58316.328042 19.841877      NaN   -5.0  14.0   c  0.0   0.92 210.90449 54.30295  3273.88  3420.98 3.09 2.96 -62.0 -0.381    19.36 21.19 02a58316o0183c -0.357143    True
58316.337992 19.569016      NaN   18.0  12.0   c  0.0   1.37 210.90449 54.30295  3262.87  3379.93 3.05 3.00  68.4 -0.366    19.34 21.27 02a58316o0204c  1.500000    True
58316.346903 19.922338      NaN   -1.0  13.0   c  0.0   0.96 210.90449 54.30295  3318.44  3455.36 2.82 2.80  35.8 -0.378    19.44 21.34 02a58316o0223c -0.076923    8192
58316.359453 19.922338      NaN   -7.0  13.0   c  0.0   0.88 210.90449 54.30295  3340.48  3337.94 3.39 3.33 -52.8 -0.357    19.31 21.41 02a58316o0250c -0.538462    True
58344.281357 19.816329      NaN    4.0  13.0   c  0.0   1.46 210.90449 54.30295  3993.53  2665.38 2.61 2.40 -55.2 -0.387    19.46 21.13 02a58344o0108c  0.307692   False
58344.290487 19.922338      NaN   -4.0  13.0   c  0.0   1.05 210.90449 54.30295  3982.41  2626.10 2.74 2.55 -63.2 -0.394    19.41 21.10 02a58344o0127c -0.307692    True
58344.299671 19.384550      NaN   19.0  15.0   c  0.0   0.81 210.90449 54.30295  4038.76  2702.06 2.67 2.48 -55.6 -0.384    19.08 20.79 02a58344o0146c  1.266667   False
58344.308612 20.103715      NaN    0.0  11.0   c  0.0   1.20 210.90449 54.30295  4060.44  2579.84 2.62 2.50 -52.1 -0.392    19.43 21.14 02a58344o0165c  0.000000   False
58376.224249 19.155932      NaN    7.0  24.0   c  0.0   0.98 210.90449 54.30295  5677.19  2154.86 2.62 2.39 -58.6 -0.397    18.75 19.69 02a58376o0028c  0.291667    True
58376.230043 19.183773      NaN   20.0  19.0   c  0.0   0.98 210.90449 54.30295  5665.52  2115.01 2.56 2.41 -64.1 -0.391    18.99 20.12 02a58376o0040c  1.052632    8192
58376.238331 19.334813      NaN   16.0  17.0   c  0.0   1.10 210.90449 54.30295  5720.44  2217.43 2.68 2.50 -61.1 -0.388    19.11 20.35 02a58376o0057c  0.941176    True
58376.247461 19.384550      NaN    7.0  19.0   c  0.0   0.97 210.90449 54.30295  5743.77  2090.94 2.89 2.78 -67.9 -0.379    19.00 20.36 02a58376o0076c  0.368421    8192
58520.663770 19.766969      NaN    5.0  13.0   c  0.0   0.83 210.90449 54.30295  4410.83  7821.45 2.59 2.36  19.3 -0.464    19.68 21.60 02a58520o0274c  0.461538    8192
58520.673685 18.910912      NaN  -28.0  33.0   c  0.0   1.14 210.90449 54.30295  4385.24  7781.64 2.64 2.45  19.8 -0.473    18.45 19.41 02a58520o0295c -0.818182    8192
58576.556729 20.009244      NaN   -9.0  12.0   c  0.0   1.31 210.90449 54.30295  7718.09    85.49 2.48 2.09 -59.9 -0.404    19.78 21.80 02a58576o0718c -0.666667    True
58576.558102 20.321591      NaN   -2.0   9.0   c  0.0   1.92 210.90449 54.30295  7984.82  9822.90 2.66 2.50 -64.7 -0.402    19.80 21.82 02a58576o0721c -0.111111   False
58576.570795 20.009244      NaN   -2.0  12.0   c  0.0   0.86 210.90449 54.30295  7960.45  9781.83 2.75 2.52 -54.5 -0.414    19.76 21.80 02a58576o0748c -0.083333   False
58576.571708 18.079051      NaN  -17.0  71.0   c  0.0   0.07 210.90449 54.30295  7694.80    43.80 2.55 2.17 -54.5 -0.393    19.74 21.77 02a58576o0750c -0.225352   False
58576.577207 19.454622      NaN   23.0  12.0   c  0.0   1.73 210.90449 54.30295  7760.32   123.65 2.57 2.18 -55.4 -0.421    19.76 21.75 02a58576o0762c  2.000000   False
58576.578589 19.743105      NaN   12.0  11.0   c  0.0   1.32 210.90449 54.30295  8015.58  9862.57 2.83 2.48 -54.2 -0.409    19.73 21.78 02a58576o0765c  1.181818   False
58576.591620 20.103715      NaN  -13.0  11.0   c  0.0   1.37 210.90449 54.30295  8036.16  9745.38 2.90 2.51 -53.6 -0.401    19.67 21.74 02a58576o0792c -1.090909   False
58580.533459 20.207197      NaN   -6.0  10.0   c  0.0   1.36 210.90449 54.30295  7596.83  7859.85 2.64 2.49  45.0 -0.407    19.60 21.43 02a58580o0667c -0.500000    True
58580.553444 20.071303      NaN    0.0  11.0   c  0.0   1.15 210.90449 54.30295  7629.78  7898.06 2.56 2.54  80.9 -0.405    19.66 21.40 02a58580o0709c  0.090909    8192
58580.565220 20.039830      NaN    1.0  11.0   c  0.0   1.58 210.90449 54.30295  7650.89  7780.28 2.60 2.52  67.6 -0.409    19.59 21.37 02a58580o0734c  0.181818    8192
58604.470220 20.321591      NaN   -1.0   9.0   c  0.0   1.55 210.90449 54.30295  7323.04  3979.47 2.37 2.30  44.9 -0.399    19.60 21.61 02a58604o0438c  0.000000   False
58604.485174 20.207197      NaN   -2.0  10.0   c  0.0   1.09 210.90449 54.30295  7299.92  3940.19 2.38 2.30 -64.5 -0.409    19.59 21.62 02a58604o0470c -0.100000   False
58604.494705 19.719755      NaN   10.0  12.0   c  0.0   1.07 210.90449 54.30295  7353.65  4015.22 2.41 2.38  49.7 -0.404    19.60 21.58 02a58604o0490c  0.916667   False
58604.501777 20.103715      NaN  -10.0  11.0   c  0.0   1.14 210.90449 54.30295  7376.13  3901.60 2.48 2.38 -61.4 -0.399    19.53 21.55 02a58604o0505c -0.818182   False
58612.399959 19.609992      NaN   24.0   9.0   c  0.0   1.85 210.90449 54.30295  9092.96  6875.47 2.56 2.46  58.7 -0.422    19.76 21.60 02a58612o0365c  2.777778   False
58612.401822 19.841877      NaN    5.0  12.0   c  0.0   1.07 210.90449 54.30295  9073.26  6835.75 2.56 2.46  57.6 -0.407    19.79 21.60 02a58612o0369c  0.500000   False
58612.407474 20.103715      NaN   -7.0  11.0   c  0.0   1.20 210.90449 54.30295  9129.46  6915.46 2.57 2.48  79.7 -0.420    19.76 21.61 02a58612o0381c -0.545455   False
58612.432540 20.009244      NaN   -2.0  12.0   c  0.0   1.40 210.90449 54.30295  9139.10  6797.96 2.59 2.47  47.9 -0.462    19.78 21.63 02a58612o0433c -0.083333   False
58636.335628 20.009244      NaN   -2.0  12.0   c  0.0   1.06 210.90449 54.30295  1816.30  7497.27 2.48 2.37 -16.2 -0.429    19.71 21.76 02a58636o0227c -0.083333   False
58636.341238 20.171596      NaN    0.0  10.0   c  0.0   1.46 210.90449 54.30295  8762.98  3034.70 2.37 2.26 -63.6 -0.422    19.80 21.76 02a58636o0239c  0.100000   False
58636.347261 20.103715      NaN   -1.0  11.0   c  0.0   0.90 210.90449 54.30295  8827.13  3124.14 2.44 2.24 -62.2 -0.411    19.80 21.77 02a58636o0252c  0.000000   False
58636.365477 20.207197      NaN   -4.0  10.0   c  0.0   0.92 210.90449 54.30295  8841.55  3004.62 2.46 2.24 -63.5 -0.413    19.75 21.70 02a58636o0291c -0.300000   False
58664.300439 20.103715      NaN   -5.0  11.0   c  0.0   0.73 210.90449 54.30295  2502.39  1192.48 2.38 2.29 -65.4 -0.434    19.78 21.60 02a58664o0137c -0.363636    True
58664.303183 20.171596      NaN    6.0   8.0   c  0.0   1.86 210.90449 54.30295  2481.36  1153.57 2.42 2.27 -59.9 -0.420    19.81 21.61 02a58664o0143c  0.875000    8192
58664.308728 20.207197      NaN  -10.0  10.0   c  0.0   1.36 210.90449 54.30295  2539.04  1227.30 2.35 2.27 -77.8 -0.405    19.80 21.64 02a58664o0155c -0.900000    8192
58664.318819 20.321591      NaN   -4.0   9.0   c  0.0   0.80 210.90449 54.30295  2559.62  1109.30 2.35 2.23 -75.1 -0.431    19.82 21.68 02a58664o0177c -0.333333    True
58668.360430 19.894850      NaN    6.0  11.0   c  0.0   1.23 210.90449 54.30295  6981.80  4763.10 2.58 2.30  40.7 -0.393    19.70 21.53 02a58668o0259c  0.636364   False
58668.363476 19.743105      NaN    6.0  13.0   c  0.0   1.37 210.90449 54.30295  6962.19  4722.87 2.60 2.25  40.7 -0.571    19.74 21.50 02a58668o0265c  0.538462   False
58668.370013 19.719755      NaN   10.0  12.0   c  0.0   0.86 210.90449 54.30295  7017.59  4799.17 2.68 2.25  39.4 -0.390    19.70 21.46 02a58668o0279c  0.916667   False
58668.381748 19.719755      NaN   13.0  11.0   c  0.0   0.95 210.90449 54.30295  7036.85  4680.96 2.56 2.27  38.1 -0.387    19.72 21.46 02a58668o0304c  1.272727   False
58692.299708 20.321591      NaN  -18.0   9.0   c  0.0   1.22 210.90449 54.30295  8887.84  5207.61 2.65 2.49  41.4 -0.392    19.68 21.66 02a58692o0140c -1.888889   False
58692.302589 19.950541      NaN    4.0  11.0   c  0.0   0.98 210.90449 54.30295  8867.63  5167.55 2.64 2.45  38.1 -0.389    19.70 21.66 02a58692o0146c  0.454545   False
58692.308687 20.009244      NaN    5.0  10.0   c  0.0   1.21 210.90449 54.30295  8923.26  5247.09 2.53 2.46  53.8 -0.394    19.67 21.63 02a58692o0157c  0.600000   False
58692.318540 20.207197      NaN  -26.0  10.0   c  0.0   1.54 210.90449 54.30295  8941.81  5130.67 2.56 2.44  41.4 -0.392    19.70 21.60 02a58692o0178c -2.500000   False
58696.259275 19.696897      NaN   14.0  11.0   c  0.0   1.07 210.90449 54.30295  8894.29  5210.76 2.77 2.47 -64.3 -0.398    19.61 21.39 02a58696o0060c  1.363636   False
58696.263160 19.950541      NaN    4.0  11.0   c  0.0   1.15 210.90449 54.30295  8873.42  5170.33 2.89 2.48 -64.6 -0.397    19.64 21.51 02a58696o0068c  0.454545   False
58696.268990 19.894850      NaN    6.0  11.0   c  0.0   1.02 210.90449 54.30295  8930.26  5250.38 2.87 2.52 -64.2 -0.401    19.66 21.57 02a58696o0080c  0.636364   False
58696.279054 19.549093      NaN   18.0  12.0   c  0.0   0.99 210.90449 54.30295  8946.21  5140.75 3.00 2.55 -63.9 -0.397    19.61 21.57 02a58696o0101c  1.583333   False
58700.300639 19.589310      NaN   13.0  13.0   c  0.0   1.09 210.90449 54.30295  3350.45  7081.83 2.45 2.42   7.9 -0.386    19.55 21.20 02a58700o0151c  1.076923   False
58700.303953 20.009244 0.361912   35.0  12.0   c  0.0   0.96 210.90449 54.30295  3331.75  7041.81 2.38 2.34  -0.2 -0.391    19.59 21.19 02a58700o0158c  3.000000    True
58700.310446 19.766969      NaN   11.0  11.0   c  0.0   1.36 210.90449 54.30295  3387.81  7119.81 2.48 2.37  26.6 -0.380    19.54 21.19 02a58700o0172c  1.090909   False
58700.320640 19.979496      NaN    3.0  11.0   c  0.0   1.18 210.90449 54.30295  3407.54  7000.89 2.44 2.40   0.5 -0.389    19.55 21.17 02a58700o0194c  0.363636   False
58708.299948 18.878500      NaN  -27.0  34.0   c  0.0   1.45 210.90449 54.30295  4773.63  3191.89 2.87 2.31  41.7 -0.386    18.22 19.07 02a58708o0161c -0.764706    True
58708.302750 18.649074      NaN  -77.0  42.0   c  0.0   1.17 210.90449 54.30295  4752.57  3153.24 2.82 2.29  42.5 -0.398    18.06 18.90 02a58708o0167c -1.809524   False
58708.309789 18.702047      NaN  -86.0  40.0   c  0.0   1.20 210.90449 54.30295  4812.45  3232.26 2.94 2.35  42.2 -0.375    17.75 18.71 02a58708o0182c -2.125000   False
58708.319771 18.649074      NaN   23.0  34.0   c  0.0   1.30 210.90449 54.30295  4833.84  3113.69 2.71 2.33  39.5 -0.400    18.16 18.98 02a58708o0203c  0.705882   False
58724.254212 20.103715      NaN  -13.0  11.0   c  0.0   1.42 210.90449 54.30295  5045.26  4834.53 2.75 2.32  34.3 -0.404    19.58 21.32 02a58724o0081c -1.090909    True
58724.257423 20.009244      NaN   -6.0  12.0   c  0.0   1.40 210.90449 54.30295  5026.76  4796.28 2.64 2.29  38.5 -0.401    19.54 21.31 02a58724o0088c -0.416667   False
58724.263511 20.009244      NaN   -1.0  12.0   c  0.0   1.25 210.90449 54.30295  5081.91  4872.14 2.76 2.32  36.7 -0.393    19.50 21.30 02a58724o0101c  0.000000   False
58724.275107 20.009244      NaN  -12.0  12.0   c  0.0   1.11 210.90449 54.30295  5102.74  4758.47 2.72 2.32  36.3 -0.394    19.49 21.25 02a58724o0126c -0.916667   False
58872.552407 20.039830      NaN    1.0  11.0   c  0.0   1.17 210.90449 54.30295  3587.69  5811.07 2.53 2.32  43.9 -0.392    19.85 22.00 02a58872o0760c  0.181818   False
58872.555279 20.071303      NaN    3.0  10.0   c  0.0   1.03 210.90449 54.30295  3609.76  5848.89 2.36 2.33 -56.3 -0.411    19.81 21.99 02a58872o0766c  0.400000   False
58872.561131 19.841877      NaN   14.0   9.0   c  0.0   0.96 210.90449 54.30295  3552.24  5769.71 2.35 2.31 -49.1 -0.410    19.84 21.99 02a58872o0778c  1.666667   False
58872.571799 20.207197      NaN   -5.0  10.0   c  0.0   1.18 210.90449 54.30295  3521.66  5890.21 2.52 2.31  40.8 -0.393    19.84 22.02 02a58872o0799c -0.400000   False
58876.651589 20.039830      NaN    1.0  11.0   c  0.0   0.97 210.90449 54.30295  1947.70  9657.76 2.41 2.33 -38.3 -0.426    19.70 21.82 02a58876o0927c  0.181818    8192
58876.655266 19.419021      NaN   13.0  16.0   c  0.0   1.16 210.90449 54.30295  1966.87  9696.61 2.50 2.37 -43.4 -0.418    19.31 21.31 02a58876o0935c  0.875000    True
58876.662978 19.436675      NaN    6.0  18.0   c  0.0   0.98 210.90449 54.30295  1909.20  9617.57 2.45 2.31 -39.6 -0.420    19.30 21.14 02a58876o0951c  0.388889    True
58876.669196 19.014394      NaN   -3.0  30.0   c  0.0   1.21 210.90449 54.30295  1888.14  9734.07 2.47 2.31 -35.3 -0.427    18.50 19.82 02a58876o0963c -0.066667    True
58884.593779 20.039830      NaN    8.0   9.0   c  0.0   1.37 210.90449 54.30295  5076.48  1963.06 2.50 2.27  50.2 -0.395    19.82 21.99 02a58884o0827c  0.888889   False
58884.596741 19.841877      NaN   12.0  10.0   c  0.0   1.05 210.90449 54.30295  5101.22  1998.51 2.43 2.20 -61.5 -0.403    19.85 21.98 02a58884o0833c  1.200000    True
58884.605408 19.979496      NaN    7.0  10.0   c  0.0   0.91 210.90449 54.30295  5046.03  1922.12 2.47 2.26 -62.8 -0.401    19.81 21.98 02a58884o0851c  0.700000   False
58884.615927 20.171596      NaN    1.0  10.0   c  0.0   0.76 210.90449 54.30295  5024.40  2040.90 2.43 2.26  52.2 -0.400    19.81 21.99 02a58884o0873c  0.100000   False
58900.591861 20.009244      NaN   -8.0  12.0   c  0.0   0.73 210.90449 54.30295  7238.35  3501.88 2.54 2.48  70.1 -0.387    19.55 21.59 02a58900o0772c -0.666667   False
58900.593725 19.766969      NaN   -7.0  15.0   c  0.0   0.71 210.90449 54.30295  7260.35  3533.67 2.56 2.43 -67.9 -0.391    19.32 21.32 02a58900o0776c -0.466667   False
58900.597390 19.816329      NaN    1.0  14.0   c  0.0   1.18 210.90449 54.30295  7202.35  3462.07 2.87 2.78 -67.7 -0.394    19.29 21.41 02a58900o0783c  0.071429   False
58900.608099 19.743105      NaN   10.0  12.0   c  0.0   1.26 210.90449 54.30295  3402.45  7002.46 2.76 2.65 -56.4 -0.386    19.52 21.66 02a58900o0803c  0.833333   False
58932.513609 20.103715      NaN  -17.0  11.0   c  0.0   1.38 210.90449 54.30295  3631.79  8736.59 2.66 2.33 -51.9 -0.412    19.73 21.71 02a58932o0633c -1.545455    True
58932.516828 19.979496      NaN    7.0  10.0   c  0.0   1.21 210.90449 54.30295  3612.96  8697.19 2.70 2.37 -52.4 -0.412    19.70 21.70 02a58932o0640c  0.700000   False
58932.522331 20.103715      NaN   -3.0  11.0   c  0.0   1.37 210.90449 54.30295  3667.75  8772.92 2.65 2.29 -51.7 -0.416    19.71 21.69 02a58932o0652c -0.272727   False
58932.532128 19.631075      NaN   15.0  12.0   c  0.0   0.91 210.90449 54.30295  3686.32  8655.74 2.64 2.33 -52.4 -0.413    19.72 21.67 02a58932o0673c  1.250000   False
58956.480280 20.207197      NaN  -10.0  10.0   c  0.0   1.12 210.90449 54.30295   401.15  1387.84 2.72 2.33 -57.7 -0.410    19.70 21.69 02a58956o0530c -1.000000   False
58956.483493 20.207197      NaN   -4.0  10.0   c  0.0   0.79 210.90449 54.30295   380.59  1348.98 2.74 2.36 -59.2 -0.412    19.68 21.70 02a58956o0537c -0.400000   False
58956.489223 20.207197      NaN    0.0  10.0   c  0.0   1.07 210.90449 54.30295   440.42  1418.61 2.73 2.35 -57.9 -0.413    19.70 21.68 02a58956o0549c  0.000000   False
58956.499532 19.631075      NaN   21.0  10.0   c  0.0   1.61 210.90449 54.30295   460.37  1297.38 2.77 2.39 -59.4 -0.415    19.66 21.63 02a58956o0570c  2.100000   False
58960.425104 19.922338      NaN  -13.0  13.0   c  0.0   1.13 210.90449 54.30295 10186.64  9189.71 2.96 2.81  45.3 -0.374    19.66 21.55 02a58960o0416c -1.000000   False
58960.428590 19.922338      NaN    6.0  11.0   c  0.0   0.70 210.90449 54.30295   372.52  1352.66 2.56 2.33 -59.1 -0.412    19.70 21.56 02a58960o0423c  0.545455   False
58960.434799 20.009244      NaN    9.0   9.0   c  0.0   1.17 210.90449 54.30295   433.20  1423.25 2.48 2.33 -57.7 -0.417    19.72 21.56 02a58960o0436c  1.000000   False
58960.471580 19.791368      NaN   11.0  11.0   c  0.0   1.02 210.90449 54.30295   458.69  1299.79 2.37 2.29  76.7 -0.420    19.72 21.63 02a58960o0459c  1.000000   False
58964.430982 19.128787      NaN    0.0  27.0   c  0.0   1.12 210.90449 54.30295  7137.56  6895.85 2.52 2.46 -82.4 -0.404    18.74 20.40 02a58964o0427c  0.000000   False
58964.434180 18.489118      NaN   29.0  39.0   c  0.0   1.26 210.90449 54.30295  7118.86  6856.29 2.54 2.51  84.9 -0.397    18.18 19.79 02a58964o0434c  0.743590   False
58964.440185 19.652575      NaN    5.0  15.0   c  0.0   1.77 210.90449 54.30295  7175.08  6935.75 2.64 2.59 -70.5 -0.392    19.01 20.86 02a58964o0447c  0.333333    True
58964.475522 19.950541      NaN    5.0  11.0   c  0.0   1.04 210.90449 54.30295  7190.75  6820.41 2.63 2.56  42.2 -0.395    19.59 21.44 02a58964o0523c  0.454545   False
58984.385056 19.868040      NaN   11.0  10.0   c  0.0   1.37 210.90449 54.30295  1468.91  6771.95 2.37 2.24  11.4 -0.404    19.75 21.72 02a58984o0250c  1.100000   False
58984.388259 20.009244      NaN  -10.0  12.0   c  0.0   0.79 210.90449 54.30295  1450.56  6731.21 2.37 2.20 -51.0 -0.414    19.79 21.70 02a58984o0257c -0.833333   False
58984.393747 20.207197      NaN   -2.0  10.0   c  0.0   1.17 210.90449 54.30295  1508.35  6808.05 2.38 2.21 -48.2 -0.421    19.78 21.71 02a58984o0269c -0.200000   False
58984.404468 20.321591      NaN    3.0   8.0   c  0.0   1.16 210.90449 54.30295  1533.68  6690.38 2.37 2.20 -45.8 -0.416    19.79 21.73 02a58984o0290c  0.375000   False
58988.407142 20.103715      NaN   -5.0  11.0   c  0.0   0.73 210.90449 54.30295  6736.55  3107.64 2.59 2.29  35.5 -0.390    19.71 21.63 02a58988o0375c -0.454545   False
58988.410344 19.922338      NaN    6.0  11.0   c  0.0   0.71 210.90449 54.30295  6719.27  3069.00 2.44 2.34  35.1 -0.395    19.73 21.61 02a58988o0382c  0.545455   False
58988.415874 19.979496      NaN    7.0  10.0   c  0.0   1.06 210.90449 54.30295  6776.97  3145.64 2.44 2.31  38.5 -0.393    19.70 21.59 02a58988o0394c  0.700000   False
58988.427368 19.841877      NaN    9.0  11.0   c  0.0   0.78 210.90449 54.30295  6801.54  3032.66 2.36 2.34  83.2 -0.396    19.72 21.59 02a58988o0419c  0.818182   False
58992.358373 19.894850      NaN   13.0   9.0   c  0.0   1.79 210.90449 54.30295  6742.92  3114.99 2.63 2.41  33.3 -0.389    19.73 21.75 02a58992o0269c  1.444444   False
58992.361575 20.103715      NaN   -9.0  11.0   c  0.0   1.01 210.90449 54.30295  6723.00  3075.12 2.55 2.36  32.6 -0.393    19.72 21.74 02a58992o0276c -0.818182   False
58992.367526 20.039830      NaN    2.0  11.0   c  0.0   0.88 210.90449 54.30295  6781.46  3152.74 2.59 2.40  31.5 -0.386    19.74 21.75 02a58992o0289c  0.181818   False
58992.401785 20.103715      NaN   -8.0  11.0   c  0.0   0.96 210.90449 54.30295  6798.20  3033.68 2.63 2.38  29.0 -0.384    19.70 21.75 02a58992o0362c -0.727273   False
59011.354173 19.589310      NaN   23.0  10.0   c  0.0   1.16 210.90449 54.30295  9045.06  6870.83 3.00 2.95  56.9 -0.382    19.64 21.96 02a59011o0241c  2.300000    8192
59011.357398 20.103715      NaN   -5.0  11.0   c  0.0   1.06 210.90449 54.30295  9023.55  6825.21 2.93 2.86  55.7 -0.384    19.67 21.95 02a59011o0248c -0.454545    True
59011.363858 20.207197      NaN  -36.0  10.0   c  0.0   1.08 210.90449 54.30295  9080.20  6906.34 2.94 2.90  48.8 -0.385    19.68 21.95 02a59011o0262c -3.600000    True
59011.384568 19.841877      NaN    6.0  12.0   c  0.0   1.47 210.90449 54.30295  9092.04  6787.75 3.90 3.56  31.1 -0.330    19.44 21.95 02a59011o0306c  0.500000    True
59015.333919 20.244005      NaN    2.0   9.0   c  0.0   1.21 210.90449 54.30295  9044.22  6865.35 2.65 2.57  58.0 -0.399    19.78 21.91 02a59015o0200c  0.222222    True
59015.337583 19.922338      NaN    3.0  12.0   c  0.0   1.03 210.90449 54.30295  9025.42  6824.46 2.63 2.55  64.0 -0.398    19.79 21.90 02a59015o0208c  0.250000    True
59015.343104 19.766969      NaN   12.0  11.0   c  0.0   1.00 210.90449 54.30295  9079.19  6905.36 2.76 2.45  35.9 -0.390    19.78 21.90 02a59015o0220c  1.090909    8192
59015.354141 19.950541      NaN    8.0  10.0   c  0.0   1.44 210.90449 54.30295  9098.29  6790.77 2.69 2.59  68.0 -0.396    19.76 21.87 02a59015o0244c  0.800000    8192
59020.330908 20.207197      NaN   -2.0  10.0   c  0.0   0.99 210.90449 54.30295  6572.58   965.40 2.45 2.32 -69.3 -0.404    19.50 21.38 02a59020o0132c -0.200000   False
59020.334109 20.321591      NaN   -6.0   9.0   c  0.0   1.19 210.90449 54.30295  6552.01   925.17 2.44 2.30 -64.0 -0.401    19.75 21.74 02a59020o0139c -0.666667   False
59020.341236 19.868040      NaN    8.0  11.0   c  0.0   0.88 210.90449 54.30295  6611.74  1006.06 2.54 2.42  88.3 -0.392    19.60 21.65 02a59020o0154c  0.727273   False
59020.352367 19.419021      NaN   14.0  16.0   c  0.0   1.12 210.90449 54.30295  6630.76   882.79 2.36 2.31 -82.7 -0.405    19.43 21.35 02a59020o0178c  0.875000   False
59040.285251 19.696897      NaN   12.0  12.0   c  0.0   1.11 210.90449 54.30295  8745.92  3078.88 2.87 2.73 -61.8 -0.377    19.58 21.62 02a59040o0091c  1.000000   False
59040.288469 20.009244      NaN   -2.0  12.0   c  0.0   1.14 210.90449 54.30295  8726.19  3038.77 2.82 2.70 -57.7 -0.372    19.58 21.62 02a59040o0098c -0.166667   False
59040.295427 20.103715      NaN   -7.0  11.0   c  0.0   1.00 210.90449 54.30295  8785.64  3116.40 2.74 2.65 -59.8 -0.379    19.70 21.65 02a59040o0113c -0.636364    True
59040.306084 20.039830      NaN    2.0  11.0   c  0.0   1.00 210.90449 54.30295  8807.01  2998.64 2.80 2.70  41.1 -0.379    19.65 21.66 02a59040o0136c  0.181818   False
59044.317072 19.922338      NaN    6.0  11.0   c  0.0   0.94 210.90449 54.30295   795.67  3009.28 2.48 2.27 -55.6 -0.400    19.71 21.76 02a59044o0158c  0.545455   False
59044.320832 20.449472      NaN  -20.0   8.0   c  0.0   1.59 210.90449 54.30295   774.00  2969.23 2.53 2.34 -61.3 -0.402    19.68 21.77 02a59044o0166c -2.500000    True
59044.327714 20.009244      NaN  -15.0  12.0   c  0.0   0.86 210.90449 54.30295   836.60  3047.37 2.61 2.46 -60.5 -0.404    19.62 21.76 02a59044o0181c -1.250000   False
59044.337475 20.103715      NaN  -15.0  11.0   c  0.0   1.08 210.90449 54.30295   859.73  2926.98 2.75 2.44 -57.4 -0.397    19.60 21.71 02a59044o0202c -1.363636   False
59048.285981 20.321591      NaN   -4.0   9.0   c  0.0   1.52 210.90449 54.30295   801.89  3013.64 2.55 2.35  34.0 -0.395    19.64 21.53 02a59048o0095c -0.444444   False
59048.290126 20.009244      NaN   -2.0  12.0   c  0.0   0.94 210.90449 54.30295   781.12  2974.96 2.65 2.36  36.6 -0.389    19.44 21.30 02a59048o0104c -0.166667   False
59048.296595 20.103715      NaN   -1.0  11.0   c  0.0   1.49 210.90449 54.30295   840.12  3048.39 2.56 2.32  35.8 -0.393    19.57 21.51 02a59048o0118c -0.090909   False
59048.308077 20.321591      NaN   -8.0   9.0   c  0.0   1.17 210.90449 54.30295   863.95  2928.85 2.36 2.33  16.3 -0.405    19.68 21.65 02a59048o0143c -0.888889    True
59108.240914 19.922338      NaN  -15.0  13.0   c  0.0   1.60 210.90449 54.30295  4762.55  3183.49 2.37 2.34  61.9 -0.401    19.32 20.86 02a59108o0046c -1.153846   False
59108.246004 19.841877      NaN    6.0  12.0   c  0.0   1.82 210.90449 54.30295  4742.24  3156.59 2.56 2.40  37.5 -0.391    19.27 20.84 02a59108o0057c  0.500000   False
59108.250126 19.841877      NaN   -4.0  14.0   c  0.0   1.26 210.90449 54.30295  4801.84  3227.86 2.42 2.39  52.0 -0.395    19.30 20.84 02a59108o0066c -0.285714   False
59108.260706 19.696897      NaN  -12.0  16.0   c  0.0   0.99 210.90449 54.30295  4821.30  3117.74 2.62 2.44 -52.2 -0.395    19.22 20.80 02a59108o0089c -0.750000   False
59206.608827 20.207197      NaN   -8.0  10.0   c  0.0   1.10 210.90449 54.30295  4773.85  3171.05 2.53 2.47 -30.6 -0.370    19.71 21.84 01a59206o0880c -0.800000   False
59206.612058 20.137125      NaN    2.0  10.0   c  0.0   1.23 210.90449 54.30295  4751.90  3136.16 2.57 2.51 -32.2 -0.368    19.69 21.85 01a59206o0887c  0.200000   False
59206.617585 19.868040      NaN    8.0  11.0   c  0.0   1.02 210.90449 54.30295  4813.07  3212.58 2.73 2.64  -7.8 -0.359    19.62 21.85 01a59206o0899c  0.727273   False
59206.631405 20.207197      NaN  -10.0  10.0   c  0.0   0.87 210.90449 54.30295  4831.45  3100.74 2.77 2.58  21.5 -0.358    19.63 21.85 01a59206o0929c -1.000000   False
59208.639885 19.816329      NaN   10.0  11.0   c  0.0   1.02 210.90449 54.30295  8791.42  1674.27 2.61 2.33 -54.3 -0.407    19.68 21.64 02a59208o0962c  0.909091   False
59208.650450 20.071303      NaN    4.0  10.0   c  0.0   1.23 210.90449 54.30295  8811.79  1713.24 2.61 2.34 -53.9 -0.404    19.70 21.65 02a59208o0985c  0.400000   False
59208.655955 20.207197      NaN    3.0   9.0   c  0.0   1.33 210.90449 54.30295  8757.21  1639.95 2.58 2.31 -55.3 -0.401    19.67 21.61 02a59208o0997c  0.333333   False
59208.664725 19.922338      NaN   -1.0  13.0   c  0.0   0.90 210.90449 54.30295  8738.92  1760.64 2.57 2.34 -56.6 -0.404    19.41 20.84 02a59208o1016c -0.076923   False
59228.630646 20.009244      NaN   -7.0  12.0   c  0.0   1.11 210.90449 54.30295  7489.48  5612.14 2.68 2.51  50.1 -0.390    19.74 21.88 02a59228o0867c -0.583333   False
59228.633851 19.922338      NaN    6.0  11.0   c  0.0   0.93 210.90449 54.30295  7509.70  5650.46 2.71 2.51  48.6 -0.388    19.72 21.88 02a59228o0874c  0.545455   False
59228.650265 20.321591      NaN    0.0   9.0   c  0.0   1.22 210.90449 54.30295  7457.55  5576.71 2.70 2.49  48.0 -0.390    19.76 21.90 02a59228o0909c  0.000000   False
59228.658974 19.979496      NaN    1.0  12.0   c  0.0   0.73 210.90449 54.30295  7438.33  5693.89 2.69 2.45  45.7 -0.393    19.80 21.83 02a59228o0928c  0.083333   False
59230.596813 19.922338      NaN    9.0  10.0   c  0.0   1.27 210.90449 54.30295  3653.11  8708.61 2.94 2.60 -76.7 -0.397    19.72 22.31 01a59230o0856c  0.900000   False
59230.600047 20.207197      NaN  -22.0  10.0   c  0.0   0.99 210.90449 54.30295  3633.77  8670.98 2.90 2.59 -77.3 -0.395    19.77 22.33 01a59230o0863c -2.200000   False
59230.605590 20.207197      NaN   -7.0  10.0   c  0.0   0.84 210.90449 54.30295  3692.03  8744.34 2.80 2.62 -83.7 -0.389    19.76 22.34 01a59230o0875c -0.700000   False
59230.615358 20.171596      NaN    7.0   8.0   c  0.0   1.45 210.90449 54.30295  3710.46  8628.53 2.75 2.58 -81.0 -0.393    19.78 22.39 01a59230o0896c  0.875000   False
59238.585766 19.894850      NaN   16.0   8.0   c  0.0   1.17 210.90449 54.30295  1140.48  5126.50 2.29 2.19 -63.8 -0.397    19.95 22.17 01a59238o0765c  2.000000    True
59238.588065 19.609992      NaN   22.0  10.0   c  0.0   0.89 210.90449 54.30295  1120.39  5089.35 2.37 2.29 -67.2 -0.389    19.94 22.16 01a59238o0770c  2.200000   False
59238.590826 20.207197      NaN   -6.0  10.0   c  0.0   0.82 210.90449 54.30295  1179.30  5166.36 2.39 2.33 -75.7 -0.385    19.95 22.18 01a59238o0776c -0.600000   False
59238.595897 20.171596      NaN    1.0  10.0   c  0.0   0.87 210.90449 54.30295  1198.34  5048.35 2.46 2.42 -79.3 -0.383    19.88 22.19 01a59238o0787c  0.100000   False
59254.582395 19.868040      NaN    2.0  13.0   c  0.0   0.85 210.90449 54.30295   384.88  1392.78 2.77 2.47  44.9 -0.394    19.64 22.07 01a59254o0809c  0.153846   False
59254.584237 20.207197      NaN    0.0  10.0   c  0.0   1.52 210.90449 54.30295   357.01  1358.27 2.60 2.34  66.9 -0.430    19.62 22.01 01a59254o0813c  0.000000   False
59254.587068 19.631075      NaN  -10.0  17.0   c  0.0   0.94 210.90449 54.30295   423.98  1430.88 2.52 2.31  65.7 -0.426    19.24 21.52 01a59254o0819c -0.588235   False
59254.593104 20.137125      NaN    5.0   9.0   c  0.0   1.30 210.90449 54.30295   441.15  1313.17 2.50 2.28  67.3 -0.426    19.76 22.16 01a59254o0832c  0.555556   False
59256.529166 20.321591      NaN    3.0   8.0   c  0.0   1.20 210.90449 54.30295  5326.90  3606.15 2.50 2.34  47.2 -0.402    19.79 21.98 02a59256o0695c  0.375000   False
59256.532384 20.207197      NaN   -2.0  10.0   c  0.0   0.72 210.90449 54.30295  5346.20  3645.61 2.64 2.39  45.6 -0.397    19.76 21.98 02a59256o0702c -0.200000    True
59256.537897 19.922338      NaN    9.0  10.0   c  0.0   1.06 210.90449 54.30295  5289.75  3568.61 2.56 2.33  43.1 -0.401    19.81 21.97 02a59256o0714c  0.900000   False
59256.543014 20.321591      NaN    0.0   9.0   c  0.0   1.18 210.90449 54.30295  5271.40  3684.20 2.62 2.40  46.1 -0.397    19.76 21.98 02a59256o0725c  0.000000   False
59258.571978 20.449472      NaN   -7.0   8.0   c  0.0   1.27 210.90449 54.30295  7151.54  6865.25 2.55 2.52  66.1 -0.368    19.75 22.04 01a59258o0790c -0.875000   False
59258.573832 20.103715      NaN    3.0  10.0   c  0.0   0.84 210.90449 54.30295  7136.19  6823.03 2.73 2.59  43.7 -0.356    19.73 22.03 01a59258o0794c  0.300000   False
59258.576596 20.244005      NaN    2.0   9.0   c  0.0   1.34 210.90449 54.30295  7191.75  6903.00 2.70 2.64  62.6 -0.366    19.74 22.04 01a59258o0800c  0.222222   False
59258.582589 20.009244      NaN    6.0  10.0   c  0.0   1.17 210.90449 54.30295  7208.99  6788.52 2.52 2.48  79.0 -0.375    19.80 22.04 01a59258o0813c  0.600000   False
59262.501830 20.009244      NaN    6.0  10.0   c  0.0   0.72 210.90449 54.30295  7149.12  6865.53 2.40 2.25 -88.5 -0.394    19.77 21.77 01a59262o0623c  0.600000   False
59262.504607 20.321591      NaN   -6.0   9.0   c  0.0   1.14 210.90449 54.30295  7130.35  6825.82 2.40 2.28 -87.6 -0.390    19.78 21.82 01a59262o0629c -0.666667   False
59262.508306 20.137125      NaN    5.0   9.0   c  0.0   1.19 210.90449 54.30295  7188.74  6903.07 2.46 2.36  83.3 -0.379    19.75 21.86 01a59262o0637c  0.555556   False
59262.514297 20.137125      NaN    2.0  10.0   c  0.0   1.23 210.90449 54.30295  7207.01  6786.95 2.49 2.41  85.9 -0.374    19.77 21.85 01a59262o0650c  0.200000   False
59288.544037 20.039830      NaN    5.0  10.0   c  0.0   1.36 210.90449 54.30295  5489.21  8613.00 2.43 2.34  52.0 -0.408    19.81 21.80 02a59288o0704c  0.500000   False
59288.579411 19.674510      NaN   16.0  11.0   c  0.0   1.01 210.90449 54.30295  5466.70  8572.37 2.56 2.31  34.1 -0.395    19.77 21.76 02a59288o0780c  1.454545   False
59288.607793 19.454622      NaN   -4.0  20.0   c  0.0   0.84 210.90449 54.30295  5517.80  8646.18 2.61 2.36  33.4 -0.390    18.70 20.56 02a59288o0841c -0.200000    True
59288.632589 19.510313      NaN   21.0  12.0   c  0.0   0.86 210.90449 54.30295  5532.76  8526.30 2.78 2.35  41.1 -0.386    19.67 21.69 02a59288o0894c  1.750000   False
59292.459472 20.071303      NaN    4.0  10.0   c  0.0   0.99 210.90449 54.30295  1702.67  5364.96 2.49 2.30  55.9 -0.413    19.75 21.80 02a59292o0510c  0.400000   False
59292.462673 19.719755      NaN   17.0  10.0   c  0.0   1.10 210.90449 54.30295  1725.84  5404.59 2.46 2.31  60.6 -0.409    19.74 21.78 02a59292o0517c  1.700000   False
59292.466844 19.696897      NaN   15.0  11.0   c  0.0   0.70 210.90449 54.30295  1665.23  5325.26 2.59 2.36  48.1 -0.401    19.72 21.79 02a59292o0526c  1.363636   False
59292.473270 19.979496      NaN    4.0  11.0   c  0.0   0.94 210.90449 54.30295  1646.93  5440.48 2.52 2.31  48.3 -0.404    19.74 21.81 02a59292o0540c  0.363636   False
59292.649611 19.631075      NaN   -4.0  17.0   c  0.0   1.22 210.90449 54.30295  8893.32  5180.02 2.51 2.32  36.4 -0.396    19.18 20.41 02a59292o0918c -0.235294   False
59310.449546 20.321591      NaN   -3.0   9.0   c  0.0   0.99 210.90449 54.30295  9052.56  6835.34 2.61 2.41  87.6 -0.400    20.01 21.98 01a59310o0425c -0.333333   False
59310.451851 20.207197      NaN   -8.0  10.0   c  0.0   1.17 210.90449 54.30295  9033.12  6795.83 2.59 2.43 -85.0 -0.393    20.03 21.99 01a59310o0430c -0.800000   False
59310.455624 20.171596      NaN    4.0   9.0   c  0.0   0.89 210.90449 54.30295  9095.07  6872.78 2.54 2.41  87.4 -0.394    20.01 21.99 01a59310o0438c  0.444444    True
59310.464868 19.979496      NaN   13.0   8.0   c  0.0   1.44 210.90449 54.30295  9111.33  6756.89 2.62 2.55 -83.3 -0.385    19.96 22.08 01a59310o0457c  1.625000   False
59314.443833 20.321591      NaN   -3.0   9.0   c  0.0   0.82 210.90449 54.30295  6544.82   950.43 2.46 2.29   5.7 -0.392    19.96 21.85 01a59314o0481c -0.333333   False
59314.445680 20.321591      NaN   -2.0   9.0   c  0.0   0.97 210.90449 54.30295  6525.59   911.22 2.68 2.39  -6.3 -0.369    19.94 21.88 01a59314o0485c -0.222222   False
59314.448467 20.321591      NaN  -15.0   9.0   c  0.0   0.97 210.90449 54.30295  6587.31   990.18 2.62 2.37  -2.4 -0.372    19.95 21.87 01a59314o0491c -1.666667   False
59314.453560 20.282105      NaN    4.0   8.0   c  0.0   1.24 210.90449 54.30295  6602.28   877.03 2.40 2.20 -18.8 -0.396    19.97 21.86 01a59314o0502c  0.500000   False
59318.482085 20.171596      NaN    4.0   9.0   c  0.0   1.46 210.90449 54.30295  4034.88  9634.59 2.42 2.28 -41.2 -0.387    19.76 21.52 01a59318o0559c  0.444444   False
59318.517343 19.816329      NaN   16.0   9.0   c  0.0   1.13 210.90449 54.30295  4062.06  9668.34 2.29 2.10 -51.4 -0.389    19.89 21.56 01a59318o0635c  1.777778   False
59318.520566 20.594452      NaN  -20.0   7.0   c  0.0   1.89 210.90449 54.30295  4002.55  9590.56 2.28 2.07 -45.1 -0.388    19.89 21.57 01a59318o0642c -2.857143    4096
59318.543605 20.207197      NaN    0.0  10.0   c  0.0   0.78 210.90449 54.30295  3988.38  9704.37 2.28 2.10 -53.4 -0.387    19.86 21.46 01a59318o0691c  0.000000   False
59322.408613 20.449472      NaN   -8.0   8.0   c  0.0   1.02 210.90449 54.30295  3078.64  4965.90 2.30 2.21 -82.1 -0.395    19.96 21.79 01a59322o0383c -1.000000    True
59322.410910 20.594452      NaN   -6.0   7.0   c  0.0   1.36 210.90449 54.30295  3058.79  4927.65 2.29 2.17 -84.1 -0.398    19.97 21.80 01a59322o0388c -0.857143   False
59322.414135 20.171596      NaN    4.0   9.0   c  0.0   0.84 210.90449 54.30295  3116.43  5003.23 2.24 2.12 -74.7 -0.401    19.99 21.81 01a59322o0395c  0.444444   False
59322.419674 20.449472      NaN  -24.0   8.0   c  0.0   1.56 210.90449 54.30295  3134.88  4888.07 2.33 2.19 -67.0 -0.399    19.92 21.79 01a59322o0407c -3.000000   False
59344.419514 20.207197      NaN    3.0   9.0   c  0.0   1.33 210.90449 54.30295  1129.57  5141.93 2.36 2.24 -41.2 -0.422    19.73 21.69 02a59344o0385c  0.333333   False
59344.423635 20.207197      NaN    3.0   9.0   c  0.0   1.29 210.90449 54.30295  1110.01  5103.22 2.39 2.26 -41.3 -0.418    19.71 21.70 02a59344o0394c  0.333333   False
59344.429702 20.282105      NaN    4.0   8.0   c  0.0   1.40 210.90449 54.30295  1170.50  5176.76 2.40 2.26 -46.4 -0.423    19.71 21.72 02a59344o0407c  0.500000   False
59344.462022 20.207197      NaN  -10.0  10.0   c  0.0   0.99 210.90449 54.30295  1188.67  5054.03 2.33 2.28 -17.8 -0.419    19.69 21.62 02a59344o0474c -1.000000   False
59370.364702 20.449472      NaN  -11.0   8.0   c  0.0   1.27 210.90449 54.30295  1980.52  9698.61 2.28 2.04 -62.9 -0.403    19.99 22.07 01a59370o0279c -1.375000   False
59370.367930 20.207197      NaN   -2.0  10.0   c  0.0   0.73 210.90449 54.30295  2001.94  9737.79 2.32 2.08 -64.5 -0.403    20.00 22.06 01a59370o0286c -0.200000   False
59370.374378 20.449472      NaN   -7.0   8.0   c  0.0   0.85 210.90449 54.30295  1939.77  9657.67 2.25 1.99 -65.0 -0.406    20.01 22.04 01a59370o0300c -0.875000    True
59370.408119 20.103715      NaN    6.0   9.0   c  0.0   1.13 210.90449 54.30295  1924.30  9771.07 2.38 2.12 -61.6 -0.408    19.96 22.00 01a59370o0367c  0.666667   False
59374.345057 20.321591      NaN  -17.0   9.0   c  0.0   1.05 210.90449 54.30295  1981.75  9701.50 2.45 2.21 -61.3 -0.393    19.98 22.03 01a59374o0234c -1.888889   False
59374.348286 20.449472      NaN   -4.0   8.0   c  0.0   0.91 210.90449 54.30295  2003.11  9739.71 2.30 2.10 -65.1 -0.402    19.98 22.02 01a59374o0241c -0.500000   False
59374.353832 20.321591      NaN    6.0   7.0   c  0.0   1.11 210.90449 54.30295  1944.57  9661.43 2.31 2.10 -53.9 -0.391    19.99 22.02 01a59374o0253c  0.857143   False
59374.364434 20.244005      NaN    5.0   8.0   c  0.0   1.09 210.90449 54.30295  1924.09  9776.53 2.38 2.11 -62.1 -0.403    19.97 22.04 01a59374o0276c  0.625000   False
59378.326788 19.766969      NaN   15.0  10.0   c  0.0   0.69 210.90449 54.30295  5007.30  1964.87 2.15 2.08  53.8 -0.401    19.98 21.72 01a59378o0193c  1.500000   False
59378.330008 20.321591      NaN   -1.0   9.0   c  0.0   0.73 210.90449 54.30295  5028.19  2005.34 2.17 2.12  32.5 -0.400    19.93 21.73 01a59378o0200c -0.111111   False
59378.335546 19.652575      NaN   20.0  10.0   c  0.0   0.91 210.90449 54.30295  4972.20  1927.05 2.21 2.11  20.2 -0.398    19.97 21.75 01a59378o0212c  2.000000   False
59378.348438 20.009244      NaN   12.0   8.0   c  0.0   1.27 210.90449 54.30295  4957.58  2042.26 2.23 2.16  11.5 -0.391    19.97 21.87 01a59378o0240c  1.500000   False
59404.284177 20.039830      NaN    5.0  10.0   c  0.0   1.38 210.90449 54.30295  1759.30  8890.20 2.62 1.98 -48.8 -0.448    19.74 21.54 02a59404o0088c  0.500000   False
59404.287411 20.103715      NaN  -10.0  11.0   c  0.0   1.36 210.90449 54.30295  1739.39  8851.39 2.67 2.01 -50.2 -0.439    19.73 21.54 02a59404o0095c -0.909091   False
59404.292910 19.979496      NaN    7.0  10.0   c  0.0   1.18 210.90449 54.30295  1793.81  8924.08 2.61 2.08 -50.9 -0.430    19.70 21.51 02a59404o0107c  0.700000   False
59404.302990 19.791368      NaN    2.0  14.0   c  0.0   0.92 210.90449 54.30295  1813.91  8805.01 2.67 2.07 -50.0 -0.436    19.66 21.51 02a59404o0129c  0.142857    True
59408.274563 19.868040      NaN    5.0  12.0   c  0.0   1.18 210.90449 54.30295  1761.83  8889.37 2.59 2.03 -48.7 -0.439    19.66 21.40 02a59408o0068c  0.416667   False
59408.277767 20.009244      NaN   -4.0  12.0   c  0.0   0.88 210.90449 54.30295  1740.50  8850.21 2.61 2.16 -52.0 -0.422    19.64 21.42 02a59408o0075c -0.333333   False
59408.283262 20.103715      NaN   -7.0  11.0   c  0.0   1.26 210.90449 54.30295  1795.50  8925.17 2.58 2.16 -51.2 -0.429    19.62 21.42 02a59408o0087c -0.636364   False
59408.295675 20.103715      NaN   -7.0  11.0   c  0.0   1.08 210.90449 54.30295  1817.24  8804.41 2.52 2.08 -47.9 -0.434    19.67 21.47 02a59408o0114c -0.636364   False
59426.249901 19.922338      NaN  -21.0  13.0   c  0.0   1.02 210.90449 54.30295  6871.87  1809.00 2.36 2.16 -72.9 -0.407    19.54 20.73 01a59426o0032c -1.615385   False
59426.253177 19.894850      NaN    7.0  11.0   c  0.0   1.11 210.90449 54.30295  6890.90  1848.99 2.40 2.20 -74.6 -0.404    19.71 21.20 01a59426o0039c  0.636364   False
59426.258716 20.362567      NaN    2.0   8.0   c  0.0   0.94 210.90449 54.30295  6836.61  1773.90 2.29 2.16 -72.9 -0.405    19.86 21.60 01a59426o0051c  0.250000   False
59426.272762 20.321591      NaN  -16.0   9.0   c  0.0   1.13 210.90449 54.30295  6820.48  1891.47 2.31 2.17 -75.1 -0.407    19.88 21.67 01a59426o0081c -1.777778   False
59430.242183 19.256669      NaN  -12.0  24.0   c  0.0   1.12 210.90449 54.30295  6872.03  1813.66 2.30 2.17 -36.3 -0.389    18.64 19.07 01a59430o0020c -0.500000   False
59430.244954 19.569016      NaN  -26.0  18.0   c  0.0   1.04 210.90449 54.30295  6892.20  1850.16 2.29 2.14 -75.6 -0.400    19.10 19.81 01a59430o0026c -1.444444   False
59430.250541 20.103715      NaN  -12.0  11.0   c  0.0   1.08 210.90449 54.30295  6840.79  1776.17 2.31 2.15 -75.3 -0.398    19.66 20.96 01a59430o0038c -1.090909   False
59430.260749 20.321591      NaN   -4.0   9.0   c  0.0   1.29 210.90449 54.30295  6822.48  1891.16 2.35 2.19 -80.2 -0.402    19.86 21.60 01a59430o0060c -0.444444   False
59434.246925 19.766969      NaN   -7.0  15.0   c  0.0   1.13 210.90449 54.30295  9418.57  5368.68 2.85 2.42 -84.2 -0.365    19.33 20.53 01a59434o0034c -0.466667    True
59434.250609 19.791368      NaN   11.0  11.0   c  0.0   1.30 210.90449 54.30295  9438.88  5403.81 2.84 2.40 -87.2 -0.375    19.54 21.12 01a59434o0042c  1.000000   False
59434.256155 19.589310      NaN   20.0  11.0   c  0.0   0.85 210.90449 54.30295  9380.32  5333.68 2.78 2.39 -81.9 -0.380    19.71 21.52 01a59434o0054c  1.818182   False
59434.267220 20.321591      NaN   -9.0   9.0   c  0.0   1.41 210.90449 54.30295  9363.77  5452.77 2.50 2.22 -79.5 -0.399    19.85 21.64 01a59434o0078c -1.000000   False
59588.641428 20.009244      NaN   -1.0  12.0   c  0.0   0.71 210.90449 54.30295  3827.39  7467.69 2.64 2.40  46.8 -0.398    19.65 21.81 02a59588o0978c -0.083333   False
59588.646929 20.103715      NaN   -2.0  11.0   c  0.0   1.21 210.90449 54.30295  3848.25  7506.10 2.57 2.39  44.6 -0.407    19.61 21.81 02a59588o0990c -0.181818   False
59588.658083 20.103715      NaN  -16.0  11.0   c  0.0   1.12 210.90449 54.30295  3788.39  7426.85 2.56 2.35  45.7 -0.405    19.61 21.75 02a59588o1014c -1.454545   False
59588.665789 19.841877      NaN   -6.0  14.0   c  0.0   1.10 210.90449 54.30295  3764.97  7546.39 2.65 2.37  46.6 -0.397    19.46 21.22 02a59588o1030c -0.428571   False
59615.558656 19.841877      NaN    6.0  12.0   c  0.0   1.03 210.90449 54.30295  1515.11  3723.54 2.42 2.36  62.0 -0.422    19.60 21.48 02a59615o0775c  0.500000   False
59615.561412 19.816329      NaN    7.0  12.0   c  0.0   1.04 210.90449 54.30295  1534.79  3762.58 2.41 2.34  54.5 -0.424    19.61 21.49 02a59615o0781c  0.583333   False
59615.564167 20.207197      NaN   -5.0  10.0   c  0.0   1.42 210.90449 54.30295  1476.31  3682.79 2.54 2.37  44.2 -0.418    19.59 21.49 02a59615o0787c -0.500000   False
59615.571520 20.009244      NaN    3.0  11.0   c  0.0   0.90 210.90449 54.30295  1458.90  3797.79 2.45 2.37  58.8 -0.420    19.60 21.51 02a59615o0803c  0.272727    True
59619.586609 19.696897      NaN    9.0  13.0   c  0.0   0.86 210.90449 54.30295  4014.14  9619.46 2.54 2.48  49.9 -0.407    19.67 21.67 02a59619o0807c  0.692308   False
59619.588435 20.103715      NaN  -15.0  11.0   c  0.0   1.19 210.90449 54.30295  4034.10  9659.00 2.56 2.47  50.5 -0.406    19.66 21.67 02a59619o0811c -1.363636   False
59619.592559 20.207197      NaN  -30.0  10.0   c  0.0   1.46 210.90449 54.30295  3971.74  9579.94 2.63 2.44  46.6 -0.397    19.63 21.67 02a59619o0820c -3.000000   False
59619.610269 19.841877      NaN  -15.0  14.0   c  0.0   0.82 210.90449 54.30295  3950.47  9697.42 2.65 2.46  42.8 -0.396    19.65 21.62 02a59619o0858c -1.071429   False
59639.510262 19.894850      NaN    1.0  13.0   c  0.0   0.74 210.90449 54.30295  1826.47  7522.14 2.33 2.28  63.5 -0.429    19.73 21.72 02a59639o0653c  0.076923   False
59639.513468 20.207197      NaN  -14.0  10.0   c  0.0   1.29 210.90449 54.30295  1846.48  7562.34 2.44 2.32  41.7 -0.416    19.69 21.70 02a59639o0660c -1.400000   False
59639.516215 20.009244      NaN   -7.0  12.0   c  0.0   0.93 210.90449 54.30295  1786.98  7481.25 2.32 2.27  62.0 -0.433    19.71 21.71 02a59639o0666c -0.583333   False
59639.522156 19.816329      NaN   10.0  11.0   c  0.0   1.30 210.90449 54.30295  1766.93  7597.18 2.35 2.31  72.2 -0.430    19.72 21.72 02a59639o0679c  0.909091   False
59643.579606 19.841877      NaN    0.0  14.0   c  0.0   1.20 210.90449 54.30295   806.31  2998.69 2.23 2.10   6.4 -0.449    19.23 21.76 02a59643o0746c  0.000000   False
59643.582534 19.922338      NaN    3.0  12.0   c  0.0   1.47 210.90449 54.30295   784.66  2958.15 2.25 2.12   2.0 -0.448    19.21 21.75 02a59643o0752c  0.250000   False
59643.617736 19.472870      NaN   17.0  14.0   c  0.0   1.22 210.90449 54.30295   843.10  3031.65 2.33 2.09  29.9 -0.440    19.25 21.72 02a59643o0823c  1.214286   False
59643.623182 19.841877      NaN   -8.0  14.0   c  0.0   1.12 210.90449 54.30295   864.20  2909.81 2.25 2.12   8.3 -0.448    19.22 21.71 02a59643o0834c -0.571429   False
59647.511394 19.569016      NaN   -9.0  18.0   c  0.0   1.31 210.90449 54.30295  9781.42  7572.59 2.70 2.33  86.7 -0.448    18.96 21.75 02a59647o0432c -0.500000    True
59647.514333 19.351140      NaN  -31.0  22.0   c  0.0   0.71 210.90449 54.30295  9802.57  7609.90 2.74 2.33  80.0 -0.441    18.94 21.77 02a59647o0438c -1.409091    True
59647.519354 18.226218      NaN  -24.0  62.0   c  0.0   1.01 210.90449 54.30295  9743.49  7537.24 2.66 2.37  80.0 -0.450    17.72 20.47 02a59647o0448c -0.387097    8192
59647.539712 19.401649      NaN   -8.0  21.0   c  0.0   1.10 210.90449 54.30295  9728.27  7657.34 2.90 2.56  68.1 -0.421    18.89 21.75 02a59647o0488c -0.380952    8192
59671.401837 19.743105      NaN   13.0  11.0   c  0.0   1.99 210.90449 54.30295  3602.77  5840.04 2.72 2.52  41.0 -0.395    19.49 21.62 02a59671o0314c  1.181818    8192
59671.428617 19.841877      NaN   -5.0  14.0   c  0.0   1.22 210.90449 54.30295  3636.72  5877.36 2.79 2.53  42.6 -0.393    19.53 21.63 02a59671o0371c -0.357143    True
59671.431827 19.922338      NaN   -4.0  13.0   c  0.0   1.33 210.90449 54.30295  3578.79  5803.02 2.92 2.59  44.1 -0.384    19.45 21.63 02a59671o0378c -0.307692    True
59671.437311 19.696897      NaN  -12.0  16.0   c  0.0   0.89 210.90449 54.30295  3559.08  5919.80 2.95 2.56  40.6 -0.386    19.42 21.63 02a59671o0390c -0.750000    True
59675.445368 16.690846      NaN -104.0 255.0   c  0.0   0.99 210.90449 54.30295  1922.89  9644.49 2.52 2.40  40.8 -0.389    16.29 18.27 02a59675o0501c -0.407843 8388609
59675.451766 18.623526      NaN  -40.0  43.0   c  0.0   0.97 210.90449 54.30295  1902.55  9760.53 2.40 2.35  28.0 -0.458    18.45 20.52 02a59675o0515c -0.930233 8388609
59679.432660 19.142275      NaN   20.0  20.0   c  0.0   1.47 210.90449 54.30295  1959.23  9684.27 2.53 2.39  41.5 -0.437    18.97 20.69 02a59679o0440c  1.000000   False
59679.438161 19.401649      NaN  -23.0  21.0   c  0.0   1.06 210.90449 54.30295  1979.70  9722.44 2.48 2.38  33.2 -0.441    18.97 20.71 02a59679o0452c -1.095238   False
59679.439989 19.089302      NaN   27.0  19.0   c  0.0   1.72 210.90449 54.30295  1918.68  9642.32 2.48 2.36  33.1 -0.450    18.99 20.72 02a59679o0456c  1.421053   False
59679.445014 19.302877      NaN  -32.0  23.0   c  0.0   0.81 210.90449 54.30295  1896.68  9760.02 2.48 2.41  30.5 -0.443    19.00 20.75 02a59679o0467c -1.391304   False
59695.447397 19.841877      NaN  -11.0  14.0   c  0.0   0.80 210.90449 54.30295  8876.48  5204.57 2.73 2.49  32.2 -0.400    19.49 21.38 02a59695o0478c -0.785714    8192
59695.450623 19.719755      NaN    2.0  15.0   c  0.0   0.74 210.90449 54.30295  8857.01  5164.25 2.66 2.39  33.1 -0.403    19.51 21.38 02a59695o0485c  0.133333    8192
59695.485942 19.894850      NaN   10.0  10.0   c  0.0   1.40 210.90449 54.30295  8907.05  5243.62 2.75 2.44  30.0 -0.390    19.47 21.34 02a59695o0561c  1.000000    True
59695.514381 19.631075      NaN  -28.0  17.0   c  0.0   1.18 210.90449 54.30295  8924.10  5128.09 2.76 2.40  28.4 -0.395    19.02 20.86 02a59695o0622c -1.647059    True
59699.416003 15.878897      NaN  260.0 452.0   c  0.0   1.13 210.90449 54.30295  3349.54  7083.11 2.65 2.33  24.6 -0.397    15.53 16.82 02a59699o0410c  0.575221    True
59699.419220 18.900000      NaN   16.0  28.0   c  0.0   1.69 210.90449 54.30295  3332.37  7047.75 2.59 2.33  26.4 -0.397    18.25 19.68 02a59699o0417c  0.571429    True
59699.424739 17.558604      NaN   68.0  92.0   c  0.0   1.22 210.90449 54.30295  3388.32  7121.70 2.64 2.33  24.4 -0.400    17.23 18.61 02a59699o0429c  0.739130    8192
59699.459844 19.212347      NaN  -34.0  25.0   c  0.0   0.77 210.90449 54.30295  3393.99  7002.68 2.59 2.25  27.4 -0.395    18.82 20.34 02a59699o0505c -1.360000    8192
59723.379391 19.922338      NaN   -7.0  13.0   c  0.0   1.00 210.90449 54.30295  5029.58  4842.25 2.69 2.33  28.8 -0.399    19.57 21.29 02a59723o0312c -0.538462   False
59723.382603 19.491430      NaN   16.0  14.0   c  0.0   0.76 210.90449 54.30295  5006.81  4801.06 2.96 2.46  29.7 -0.389    19.52 21.28 02a59723o0319c  1.142857   False
59723.388089 20.009244      NaN    0.0  12.0   c  0.0   0.75 210.90449 54.30295  5067.78  4879.34 2.69 2.30  28.5 -0.402    19.58 21.25 02a59723o0331c  0.000000   False
59723.400898 19.894850      NaN    1.0  13.0   c  0.0   0.81 210.90449 54.30295  5086.42  4765.21 2.76 2.37  26.9 -0.397    19.55 21.26 02a59723o0359c  0.076923   False
59727.350487 18.104842      NaN    4.0  68.0   c  0.0   1.19 210.90449 54.30295  5034.12  4848.38 2.68 2.28  31.1 -0.398    17.52 18.91 02a59727o0248c  0.058824   False
59727.353687 19.128787      NaN  -15.0  27.0   c  0.0   1.00 210.90449 54.30295  5014.50  4809.00 2.65 2.25  29.9 -0.401    18.58 20.08 02a59727o0255c -0.555556   False
59727.360089 18.298627      NaN  -55.0  58.0   c  0.0   1.46 210.90449 54.30295  5072.42  4884.59 2.64 2.25  30.7 -0.403    17.59 18.92 02a59727o0269c -0.948276   False
59727.371522 18.504094      NaN  -12.0  48.0   c  0.0   1.06 210.90449 54.30295  5093.19  4767.24 2.81 2.30  31.3 -0.389    18.00 19.43 02a59727o0294c -0.250000    True
59731.393020 19.631075      NaN    9.0  14.0   c  0.0   0.74 210.90449 54.30295  3620.66  8730.04 2.74 2.67  34.7 -0.390    19.54 21.53 02a59731o0172c  0.642857   False
59731.398541 20.103715      NaN  -17.0  11.0   c  0.0   1.55 210.90449 54.30295  3600.62  8690.88 2.84 2.66  42.1 -0.385    19.56 21.51 02a59731o0184c -1.545455   False
59731.401810 19.652575      NaN   14.0  12.0   c  0.0   1.11 210.90449 54.30295  3657.24  8767.83 2.61 2.58  45.8 -0.392    19.59 21.52 02a59731o0191c  1.166667   False
59731.414645 19.841877      NaN    0.0  14.0   c  0.0   1.03 210.90449 54.30295  3674.78  8647.11 2.71 2.54  25.2 -0.395    19.57 21.46 02a59731o0219c  0.000000   False
59751.314809 20.103715      NaN   -4.0  11.0   c  0.0   1.08 210.90449 54.30295  4529.27  1061.42 2.41 2.29  79.6 -0.428    19.65 21.48 02a59751o0156c -0.363636   False
59751.318028 20.039830      NaN    2.0  11.0   c  0.0   1.09 210.90449 54.30295  4509.04  1025.01 2.38 2.26  75.2 -0.429    19.63 21.48 02a59751o0163c  0.181818   False
59751.323522 20.321591      NaN  -12.0   9.0   c  0.0   1.40 210.90449 54.30295  4570.34  1100.22 2.33 2.24  81.2 -0.430    19.66 21.47 02a59751o0175c -1.333333   False
59751.334507 20.207197      NaN   -1.0  10.0   c  0.0   0.89 210.90449 54.30295  4591.67   987.98 2.51 2.36  84.9 -0.424    19.64 21.45 02a59751o0199c -0.100000   False
59783.267980 20.009244      NaN   -8.0  12.0   c  0.0   1.17 210.90449 54.30295  1476.73  6763.77 2.40 2.26 -39.9 -0.428    19.57 21.12 02a59783o0058c -0.666667   False
59783.271622 19.922338      NaN   -7.0  13.0   c  0.0   1.48 210.90449 54.30295  1457.52  6724.71 2.58 2.37 -48.8 -0.423    19.53 21.16 02a59783o0066c -0.538462    True
59783.278464 19.841877      NaN  -26.0  14.0   c  0.0   0.78 210.90449 54.30295  1513.83  6800.40 2.47 2.26 -47.1 -0.430    19.60 21.20 02a59783o0081c -1.857143   False
59783.292955 19.922338      NaN  -21.0  13.0   c  0.0   0.95 210.90449 54.30295  1532.82  6680.10 2.37 2.17 -49.1 -0.440    19.57 21.12 02a59783o0113c -1.615385   False
59787.293213 19.841877      NaN   -4.0  14.0   c  0.0   1.05 210.90449 54.30295  6746.81  3108.57 2.82 2.75  55.4 -0.404    19.41 21.28 02a59787o0117c -0.285714    8192
59787.297291 19.841877      NaN  -20.0  14.0   c  0.0   0.85 210.90449 54.30295  6726.57  3066.01 2.90 2.84  56.0 -0.387    19.39 21.27 02a59787o0126c -1.428571    True
59787.303716 19.766969      NaN    9.0  12.0   c  0.0   1.29 210.90449 54.30295  6784.24  3141.42 2.85 2.76  41.8 -0.391    19.42 21.26 02a59787o0140c  0.750000    True
59787.318300 19.922338      NaN  -12.0  13.0   c  0.0   1.10 210.90449 54.30295  6805.51  3023.21 2.85 2.72  38.5 -0.390    19.44 21.27 02a59787o0172c -0.923077    True
59811.240646 18.910912      NaN  -25.0  33.0   c  0.0   0.80 210.90449 54.30295  9048.24  6862.49 2.67 2.41  28.6 -0.410    18.72 19.75 02a59811o0025c -0.757576   False
59811.243827 18.806434      NaN   34.0  25.0   c  0.0   0.77 210.90449 54.30295  9027.69  6820.62 2.59 2.44  26.7 -0.415    19.14 20.36 02a59811o0032c  1.360000   False
59811.251095 19.401649      NaN   24.0  13.0   c  0.0   1.35 210.90449 54.30295  9086.41  6898.69 2.65 2.49  24.9 -0.412    19.43 21.04 02a59811o0048c  1.846154   False
59811.262036 19.529530      NaN   14.0  14.0   c  0.0   1.03 210.90449 54.30295  9104.71  6780.50 2.60 2.49  24.0 -0.418    19.49 21.14 02a59811o0072c  1.000000   False
59819.241262 19.766969      NaN   -5.0  15.0   c  0.0   0.92 210.90449 54.30295  6587.19   960.55 2.35 2.22  60.0 -0.408    19.14 20.53 02a59819o0037c -0.333333   False
59819.246702 19.894850      NaN    1.0  13.0   c  0.0   0.82 210.90449 54.30295  6565.92   920.70 2.35 2.24  86.5 -0.416    19.34 20.93 02a59819o0049c  0.076923   False
59819.249867 19.589310      NaN   14.0  13.0   c  0.0   1.27 210.90449 54.30295  6626.85  1000.86 2.52 2.40  84.8 -0.399    19.35 21.00 02a59819o0056c  1.076923   False
59819.259883 19.696897      NaN   -6.0  16.0   c  0.0   0.91 210.90449 54.30295  6649.64   883.45 2.40 2.23 -74.8 -0.427    19.37 21.05 02a59819o0078c -0.375000    True
59841.218401 18.396507      NaN  -12.0  53.0   c  0.0   1.01 210.90449 54.30295  6968.40  9588.74 3.07 2.87  66.1 -0.351    17.82 19.42 01a59841o0022c -0.226415   False
59841.222104 19.089302      NaN  -34.0  28.0   c  0.0   1.25 210.90449 54.30295  6989.19  9629.51 3.06 2.87  70.0 -0.350    18.50 20.18 01a59841o0030c -1.214286   False
59841.232292 19.569016      NaN  -24.0  18.0   c  0.0   0.96 210.90449 54.30295  6927.13  9557.77 3.10 2.92  73.3 -0.347    18.98 20.90 01a59841o0052c -1.333333   False
59841.238300 19.569016      NaN  -13.0  18.0   c  0.0   1.02 210.90449 54.30295  6906.97  9674.63 3.11 2.95  72.3 -0.344    19.00 20.95 01a59841o0065c -0.722222   False
59999.634833 19.212347      NaN  -24.0  25.0   c  0.0   1.19 210.90449 54.30295  9231.77  9001.87 2.78 2.66  58.9 -0.390    18.65 20.44 02a59999o0111c -0.960000    8192
59999.637641 19.256669      NaN   -7.0  24.0   c  0.0   1.27 210.90449 54.30295  9212.51  8959.64 2.79 2.68  51.4 -0.385    18.85 20.68 02a59999o0117c -0.291667    True
59999.650179 19.351140      NaN  -17.0  22.0   c  0.0   1.47 210.90449 54.30295  9266.69  9040.08 2.80 2.58  41.6 -0.388    18.66 20.40 02a59999o0142c -0.772727    True
59999.656837 19.302877      NaN   -6.0  23.0   c  0.0   0.94 210.90449 54.30295  9283.85  8921.33 2.74 2.67  54.5 -0.387    18.85 20.61 02a59999o0155c -0.260870    True
60048.393577 20.207197      NaN   -7.0  10.0   c  0.0   1.43 210.90449 54.30295  5665.97  7382.65 2.59 2.31  44.2 -0.410    19.52 21.42 02a60048o0341c -0.700000   False
60048.395386 19.894850      NaN    4.0  12.0   c  0.0   1.18 210.90449 54.30295  5686.01  7421.35 2.59 2.33  43.3 -0.410    19.55 21.42 02a60048o0345c  0.333333   False
60048.401280 19.589310      NaN   14.0  13.0   c  0.0   0.99 210.90449 54.30295  5627.27  7344.91 2.64 2.34  41.5 -0.408    19.55 21.43 02a60048o0357c  1.076923   False
60048.436787 19.609992      NaN   19.0  11.0   c  0.0   1.39 210.90449 54.30295  5608.93  7464.28 2.60 2.30  36.8 -0.410    19.59 21.48 02a60048o0428c  1.727273   False
60050.476350 19.674510      NaN    7.0  14.0   c  0.0   1.10 210.90449 54.30295  7510.60  9033.68 2.57 2.41  40.8 -0.420    19.44 21.13 02a60050o0512c  0.500000    True
60050.479980 19.631075      NaN    0.0  17.0   c  0.0   1.04 210.90449 54.30295  7491.06  8992.29 2.55 2.42  44.0 -0.415    19.18 20.81 02a60050o0520c  0.000000    True
60050.515339 19.766969      NaN    6.0  13.0   c  0.0   1.08 210.90449 54.30295  7545.81  9067.01 2.59 2.38  37.6 -0.409    19.51 21.22 02a60050o0595c  0.461538    8192
60050.521155 19.609992      NaN   10.0  14.0   c  0.0   0.83 210.90449 54.30295  7563.90  8947.07 2.62 2.41  36.4 -0.410    19.50 21.21 02a60050o0607c  0.714286    True
60052.473293 19.226921      NaN   29.0  15.0   c  0.0   0.99 210.90449 54.30295  5223.44  4833.15 2.42 2.19  34.8 -0.405    19.31 20.97 02a60052o0517c  1.933333    True
60052.476484 19.384550      NaN   16.0  16.0   c  0.0   1.18 210.90449 54.30295  5203.81  4793.57 2.52 2.21  29.4 -0.396    19.08 20.78 02a60052o0524c  1.000000   False
60052.509238 19.631075      NaN   12.0  13.0   c  0.0   1.04 210.90449 54.30295  5263.96  4862.90 2.54 2.21  32.3 -0.401    19.45 21.04 02a60052o0592c  0.923077   False
60052.515613 19.922338      NaN   -1.0  13.0   c  0.0   1.06 210.90449 54.30295  5284.99  4744.56 2.56 2.21  33.7 -0.395    19.42 20.99 02a60052o0605c -0.076923   False
60056.426687 19.841877      NaN  -12.0  14.0   c  0.0   1.05 210.90449 54.30295  1333.13  5128.13 2.48 2.28  20.5 -0.422    19.44 21.06 02a60056o0426c -0.857143    True
60056.430308 19.529530      NaN   11.0  15.0   c  0.0   0.90 210.90449 54.30295  1314.78  5087.79 2.60 2.46  12.2 -0.418    19.37 21.05 02a60056o0434c  0.733333   False
60056.465450 19.922338      NaN   -8.0  13.0   c  0.0   1.25 210.90449 54.30295  1367.10  5155.54 2.42 2.22  20.3 -0.426    19.49 21.06 02a60056o0509c -0.615385   False
60056.470537 20.009244      NaN   -8.0  12.0   c  0.0   1.30 210.90449 54.30295  1389.00  5036.83 2.42 2.23  17.0 -0.423    19.47 21.04 02a60056o0520c -0.666667   False
60058.400358 19.922338      NaN   -3.0  13.0   c  0.0   1.83 210.90449 54.30295  5906.48  9521.64 2.76 2.42  41.3 -0.396    19.41 21.02 02a60058o0368c -0.230769   False
60058.403081 19.841877      NaN    0.0  14.0   c  0.0   1.35 210.90449 54.30295  5927.62  9558.69 2.73 2.41  37.3 -0.401    19.44 21.03 02a60058o0374c  0.000000    True
60058.406260 19.766969      NaN   -6.0  15.0   c  0.0   1.28 210.90449 54.30295  5865.55  9483.25 2.78 2.42  42.0 -0.393    19.44 21.03 02a60058o0381c -0.400000   False
60058.412604 19.401649      NaN   24.0  13.0   c  0.0   1.81 210.90449 54.30295  5844.75  9602.81 2.73 2.41  39.1 -0.397    19.44 21.03 02a60058o0395c  1.846154   False
60076.451715 19.696897      NaN   18.0  10.0   c  0.0   1.68 210.90449 54.30295  6754.99   946.98 2.33 2.17 -71.5 -0.423    19.51 21.04 02a60076o0241c  1.800000   False
60076.455118 20.103715      NaN  -16.0  11.0   c  0.0   1.38 210.90449 54.30295  6735.84   909.14 2.31 2.11 -75.1 -0.430    19.50 21.03 02a60076o0248c -1.454545   False
60076.458122 19.743105      NaN   10.0  12.0   c  0.0   0.86 210.90449 54.30295  6797.40   988.82 2.32 2.11 -72.4 -0.429    19.54 21.05 02a60076o0254c  0.833333   False
60076.463264 19.743105      NaN   10.0  12.0   c  0.0   1.28 210.90449 54.30295  6817.06   866.88 2.30 2.12 -79.9 -0.429    19.48 21.02 02a60076o0264c  0.833333   False
60078.380061 19.922338      NaN   -6.0  13.0   c  0.0   0.64 210.90449 54.30295  3262.97  4947.86 2.32 2.16  25.4 -0.414    19.63 21.30 02a60078o0314c -0.461538   False
60078.383226 20.207197      NaN  -19.0  10.0   c  0.0   1.45 210.90449 54.30295  3243.68  4912.46 2.29 2.16  19.0 -0.423    19.62 21.30 02a60078o0321c -1.900000   False
60078.390093 19.894850      NaN   10.0  10.0   c  0.0   1.13 210.90449 54.30295  3302.44  4987.76 2.29 2.15  24.7 -0.417    19.59 21.30 02a60078o0336c  1.000000   False
60078.401655 19.696897      NaN   18.0  10.0   c  0.0   1.37 210.90449 54.30295  3322.91  4869.37 2.34 2.16  23.5 -0.418    19.61 21.34 02a60078o0361c  1.800000   False