         MJD         m       dm  uJy  duJy F  err  chi/N        RA      Dec        x        y  maj  min   phi  apfit  mag5sig   Sky            Obs  __tmp_SN     Mask
57396.587948 19.401649      NaN   -9    21 c    0   0.81 210.91068 54.32112  7749.87  2238.27 4.00 3.60   7.8 -0.428    19.59 21.57 02a57396o0607c -0.380952   524288
57396.598947 19.454622      NaN  -12    20 c    0   0.99 210.91068 54.32112  7463.59  1665.26 4.10 3.60   5.1 -0.444    19.60 21.58 02a57396o0625c -0.550000   524288
57396.614233 18.496580      NaN   21    41 c    0   0.65 210.91068 54.32112  8276.98  2809.32 3.80 3.60  19.9 -0.419    19.60 21.56 02a57396o0650c  0.536585   524288
57396.627717 18.649074      NaN  -10    42 c    0   1.05 210.91068 54.32112  8539.43  1047.85 4.33 3.66  11.1 -0.431    19.59 21.57 02a57396o0672c -0.214286   524288
57424.598946 19.510313      NaN   -2    19 c    0   0.99 210.91068 54.32112  8248.34  1564.07 4.33 3.76  10.2 -0.440    19.70 21.79 02a57424o0633c -0.052632        0
57424.604067 19.510313      NaN  -14    19 c    0   1.01 210.91068 54.32112  8512.22  2134.18 4.25 3.83  15.1 -0.423    19.68 21.79 02a57424o0641c -0.684211        0
57424.621336 19.183773      NaN   22    18 c    0   1.03 210.91068 54.32112  7357.17  2751.83 4.02 3.71   9.7 -0.416    19.70 21.79 02a57424o0667c  1.277778   524288
57424.633626 19.351140      NaN   14    17 c    0   0.96 210.91068 54.32112  7280.13  2845.68 3.97 3.67  11.2 -0.418    19.70 21.79 02a57424o0685c  0.882353        0
57448.521048 18.967180      NaN   21    24 c    0   0.97 210.91068 54.32112  7915.02  1755.00 4.00 3.65  14.8 -0.450    19.26 20.81 02a57448o0458c  0.916667        0
57448.543577 19.351140      NaN  -13    22 c    0   1.04 210.91068 54.32112  8206.90  2335.34 3.94 3.73  22.7 -0.441    19.21 20.77 02a57448o0497c -0.545455   524288
57448.565924 18.574166      NaN   62    24 c    0   1.06 210.91068 54.32112  7066.39  2957.58 4.38 3.91  -1.2 -0.389    19.09 20.75 02a57448o0536c  2.625000        0
57448.596475 19.256669      NaN    5    22 c    0   0.97 210.91068 54.32112  3361.82  7840.53 3.87 3.61 -70.4 -0.422    19.20 20.80 02a57448o0592c  0.272727        0
57449.515332 19.351140      NaN  -15    22 c    0   0.95 210.91068 54.32112  8151.70  1705.62 4.05 3.63  15.3 -0.462    19.45 21.19 02a57449o0610c -0.636364        0
57449.538360 19.051202      NaN   23    21 c    0   0.87 210.91068 54.32112  8449.99  2283.50 3.82 3.59  30.0 -0.457    19.42 21.11 02a57449o0650c  1.142857        0
57449.558557 18.990530      NaN   37    18 c    0   1.10 210.91068 54.32112  7309.73  2911.15 3.78 3.62  14.6 -0.428    19.39 21.07 02a57449o0688c  2.111111        0
57449.570520 19.454622      NaN   -5    20 c    0   0.99 210.91068 54.32112  7291.61  2850.49 3.76 3.57  17.7 -0.440    19.39 21.06 02a57449o0709c -0.200000        0
57458.509881 19.302877      NaN   11    19 c    0   1.07 210.91068 54.32112  8234.21  1558.15 4.32 3.77  15.3 -0.446    19.65 21.70 02a57458o0606c  0.631579   524288
57458.513259 19.454622      NaN   -4    20 c    0   0.94 210.91068 54.32112  8519.98  2126.93 4.21 3.90  23.5 -0.426    19.61 21.68 02a57458o0613c -0.150000        0
57458.536888 19.569016      NaN  -24    18 c    0   0.76 210.91068 54.32112  7393.22  2752.60 4.12 3.83   2.0 -0.403    19.60 21.68 02a57458o0653c -1.277778  4195328
57458.567769 19.454622      NaN    5    18 c    0   0.89 210.91068 54.32112  3358.12  7838.44 3.85 3.61 -73.0 -0.421    19.64 21.68 02a57458o0708c  0.333333   524288
57488.426551 19.063754      NaN   25    20 c    0   1.00 210.91068 54.32112  8366.53  1630.45 4.33 3.81  19.9 -0.478    19.60 21.59 02a57488o0373c  1.300000   524288
57488.444090 19.401649      NaN    2    20 c    0   1.13 210.91068 54.32112  8653.82  2186.92 4.18 3.80  29.2 -0.461    19.60 21.61 02a57488o0405c  0.150000        0
57488.465855 19.401649      NaN  -10    21 c    0   0.90 210.91068 54.32112  7532.11  2833.88 4.06 3.72  15.4 -0.447    19.57 21.56 02a57488o0444c -0.428571   524288
57488.475297 19.318728      NaN   10    19 c    0   0.90 210.91068 54.32112  3344.16  7830.11 3.99 3.61 -65.0 -0.439    19.55 21.54 02a57488o0460c  0.578947        0
57512.362600 19.510313      NaN   -1    19 c    0   1.27 210.91068 54.32112  9553.88  2697.24 4.67 4.15  38.1 -0.436    19.51 21.58 02a57512o0305c  0.000000        0
57512.371077 18.921935      NaN   31    22 c    0   0.93 210.91068 54.32112  9576.77  2733.54 4.57 4.08  39.4 -0.441    19.53 21.60 02a57512o0322c  1.454545   524288
57512.373986 19.351140      NaN  -21    22 c    0   1.02 210.91068 54.32112   371.06  2620.74 5.07 3.82 -34.1 -0.413    19.58 21.60 02a57512o0328c -0.909091   524288
57512.383392 19.510313      NaN  -10    19 c    0   1.17 210.91068 54.32112   390.91  2657.91 5.11 3.92 -33.9 -0.414    19.54 21.60 02a57512o0347c -0.473684        0
57512.386899 19.334813      NaN    9    19 c    0   1.00 210.91068 54.32112   986.80  7911.16 4.45 3.82 -58.4 -0.428    19.55 21.63 02a57512o0354c  0.526316   524288
57512.388945 19.454622      NaN  -33    20 c    0   1.08 210.91068 54.32112   325.05  2581.45 5.16 3.88 -31.4 -0.404    19.57 21.61 02a57512o0358c -1.600000   524288
57512.397027 19.510313      NaN  -30    19 c    0   1.02 210.91068 54.32112  1017.28  7791.93 4.38 3.76 -57.8 -0.429    19.55 21.60 02a57512o0374c -1.526316   524288
57512.407432 19.089302      NaN   26    19 c    0   0.92 210.91068 54.32112 10207.06  7857.70 4.60 3.71  81.1 -0.426    19.54 21.62 02a57512o0395c  1.421053        0
57512.416849 18.933071      NaN   36    20 c    0   0.84 210.91068 54.32112  3618.35  8664.78 4.14 3.80 -61.8 -0.410    19.52 21.58 02a57512o0414c  1.850000        0
57515.371866 19.256669      NaN  -18    24 c    0   0.87 210.91068 54.32112  1961.06   517.16 5.35 3.74 -16.2 -0.484    19.58 21.68 02a57515o0321c -0.708333        0
57515.372987 19.063754      NaN   10    25 c    0   1.07 210.91068 54.32112  7384.17   249.85 5.30 3.91  10.3 -0.491    19.61 21.70 02a57515o0323c  0.440000   524288
57515.374441 19.302877      NaN    8    20 c    0   1.00 210.91068 54.32112  8553.89 10083.15 4.30 3.85  75.6 -0.415    19.60 21.66 02a57515o0326c  0.450000   524288
57515.383262 19.510313      NaN  -23    19 c    0   1.00 210.91068 54.32112  3106.81 10277.93 4.24 3.95 -48.2 -0.399    19.61 21.73 02a57515o0344c -1.157895        0
57515.385734 19.384550      NaN    0    21 c    0   0.90 210.91068 54.32112  8482.33 10003.63 4.16 3.76  74.6 -0.422    19.61 21.65 02a57515o0348c  0.047619        0
57515.386824 19.454622      NaN  -11    20 c    0   0.92 210.91068 54.32112  3158.87 10362.42 4.28 3.97 -54.0 -0.401    19.61 21.70 02a57515o0350c -0.500000        0
57515.400161 19.038793      NaN   27    20 c    0   0.99 210.91068 54.32112  3193.36 10242.19 4.17 3.92 -48.2 -0.389    19.61 21.69 02a57515o0376c  1.400000   524288
57515.402098 19.401649      NaN  -25    21 c    0   1.21 210.91068 54.32112  2042.74   442.96 5.16 3.65 -16.0 -0.485    19.58 21.64 02a57515o0380c -1.142857   524288
57515.409082 19.038793      NaN   15    24 c    0   0.77 210.91068 54.32112  1994.00   505.61 5.24 3.65 -15.0 -0.479    19.58 21.61 02a57515o0393c  0.666667        0
57515.410533 19.454622      NaN   -7    20 c    0   0.89 210.91068 54.32112  3152.43 10305.88 4.12 3.91 -42.2 -0.391    19.61 21.65 02a57515o0396c -0.300000        0
57545.329395 19.510313      NaN  -11    19 c    0   1.07 210.91068 54.32112  1121.80  8169.70 4.40 3.95 -56.1 -0.415    19.59 21.73 02a57545o0190c -0.526316        0
57545.338129 19.226921      NaN   10    21 c    0   0.97 210.91068 54.32112  1108.91  8132.36 4.40 3.93 -61.1 -0.432    19.58 21.75 02a57545o0208c  0.523810   524288
57545.345896 19.419021      NaN    7    18 c    0   0.89 210.91068 54.32112 10319.42  8251.72 4.55 3.64  80.2 -0.430    19.64 21.77 02a57545o0224c  0.444444        0
57545.355107 19.367717      NaN   13    17 c    0   1.27 210.91068 54.32112  1167.34  8208.16 4.15 3.77 -57.0 -0.430    19.62 21.73 02a57545o0243c  0.823529  4194560
57545.356559 19.334813      NaN    9    19 c    0   1.02 210.91068 54.32112 10307.54  8214.04 4.65 3.62  82.6 -0.426    19.64 21.79 02a57545o0246c  0.526316        0
57545.358980 19.631075      NaN  -13    17 c    0   1.24 210.91068 54.32112 10364.59  8296.07 4.64 3.65  81.3 -0.434    19.64 21.79 02a57545o0251c -0.705882   524288
57545.361400 19.510313      NaN  -13    19 c    0   1.45 210.91068 54.32112  1180.26  8090.87 4.39 3.92 -58.1 -0.425    19.56 21.74 02a57545o0256c -0.631579        0
57545.371093 19.454622      NaN   -8    20 c    0   1.18 210.91068 54.32112  1147.61  8151.55 4.36 3.89 -56.8 -0.427    19.46 21.59 02a57545o0276c -0.350000   524288
57545.380784 18.990530      NaN   25    22 c    0   1.17 210.91068 54.32112 10377.24  8183.40 4.68 3.68  80.3 -0.420    19.41 21.51 02a57545o0296c  1.181818        0
57545.390661 19.212347      NaN   14    20 c    0   1.01 210.91068 54.32112 10339.69  8243.23 4.89 3.82  79.3 -0.419    19.52 21.66 02a57545o0315c  0.750000        0
57549.332077 19.351140      NaN   -3    22 c    0   0.94 210.91068 54.32112  2409.59  9695.18 4.08 3.84 -54.9 -0.424    19.44 21.31 02a57549o0078c -0.090909        0
57549.342782 19.401649      NaN   -9    21 c    0   1.23 210.91068 54.32112  2399.43  9655.39 4.17 3.87 -53.6 -0.416    19.44 21.33 02a57549o0100c -0.380952        0
57549.359807 19.401649      NaN  -20    21 c    0   0.94 210.91068 54.32112  2455.76  9730.80 4.12 3.83 -48.2 -0.419    19.46 21.36 02a57549o0135c -0.904762   524288
57549.367069 18.767304 0.355507  112    37 c    0   0.66 210.91068 54.32112  2468.42  9613.99 4.12 3.84 -53.5 -0.423    19.47 21.39 02a57549o0150c  3.054054  4194560
57549.375839 19.142275      NaN   10    23 c    0   0.87 210.91068 54.32112  2436.96  9677.72 4.25 3.90 -49.1 -0.415    19.49 21.47 02a57549o0168c  0.478261        0
57581.293250 18.878500      NaN   20    27 c    0   0.98 210.91068 54.32112  3739.67  6931.90 4.17 3.83 -77.0 -0.443    19.01 20.64 02a57581o0088c  0.777778   524288
57581.304631 19.014394      NaN   -7    30 c    0   0.68 210.91068 54.32112  3727.07  6890.54 4.12 3.85 -62.1 -0.443    19.01 20.65 02a57581o0111c -0.200000        0
57581.321240 19.302877      NaN  -26    23 c    0   1.22 210.91068 54.32112  3782.47  6965.03 3.97 3.69 -62.8 -0.451    19.00 20.58 02a57581o0145c -1.086957        0
57581.328019 19.169763      NaN  -44    26 c    0   0.90 210.91068 54.32112  3794.85  6847.65 3.92 3.63 -72.1 -0.454    19.00 20.57 02a57581o0159c -1.653846        0
57581.338880 19.089302      NaN  -10    28 c    0   0.93 210.91068 54.32112  3762.10  6906.63 3.99 3.68 -66.0 -0.453    18.93 20.48 02a57581o0181c -0.321429        0
57605.257770 18.847027      NaN -125    35 c    0   1.47 210.91068 54.32112  4002.93  7006.63 4.26 3.91  41.4 -0.371    18.85 21.71 02a57605o0052c -3.542857  4194560
57605.266058 18.542463      NaN    3    45 c    0   0.75 210.91068 54.32112  3980.00  6966.06 4.44 4.23  41.7 -0.398    18.84 21.70 02a57605o0066c  0.088889   532480
57605.277177 18.623526      NaN -114    43 c    0   0.93 210.91068 54.32112  4036.20  7039.53 5.25 5.14  64.5 -0.323    18.70 21.72 02a57605o0085c -2.627907  4194560
57605.290850 19.351140      NaN  -20    22 c    0   1.30 210.91068 54.32112  4059.87  6923.44 4.92 4.71 -64.6 -0.356    19.19 21.41 02a57605o0109c -0.863636  4194560
57605.303123 19.436675      NaN    0    20 c    0   0.85 210.91068 54.32112  4014.56  6979.27 4.12 3.93 -60.1 -0.388    19.35 21.41 02a57605o0133c  0.050000   532480
57609.251150 18.847027      NaN   26    26 c    0   1.36 210.91068 54.32112  1297.61 10140.49 4.18 3.79 -54.7 -0.423    19.04 20.57 02a57609o0045c  1.038462        0
57609.257024 15.694011      NaN  286   543 c    0   0.01 210.91068 54.32112 10520.65 10263.35 4.94 3.91  81.8 -0.425    19.23 20.92 02a57609o0055c  0.528545  4196354
57609.260345 19.169763      NaN  -12    26 c    0   1.21 210.91068 54.32112  1273.81 10098.95 4.25 3.89 -54.1 -0.429    19.15 20.84 02a57609o0061c -0.423077        0
57609.274446 18.990530      NaN   16    25 c    0   1.07 210.91068 54.32112  1328.94 10174.75 4.24 4.00 -55.1 -0.431    19.15 20.86 02a57609o0086c  0.680000        0
57609.275582 18.675237      NaN  -76    41 c    0   0.94 210.91068 54.32112 10506.56 10220.79 5.08 4.04  81.4 -0.384    19.23 20.97 02a57609o0088c -1.829268  4194560
57609.283416 19.128787      NaN  -16    27 c    0   1.01 210.91068 54.32112  1340.84 10051.87 4.35 3.86 -54.8 -0.412    19.11 20.83 02a57609o0102c -0.555556        0
57609.293767 18.796518      NaN   31    26 c    0   1.04 210.91068 54.32112  1304.60 10116.15 4.49 3.95 -54.1 -0.403    19.06 20.79 02a57609o0120c  1.230769        0
57746.613969 19.510313      NaN   -2    19 c    0   0.87 210.91068 54.32112  9614.78  2360.22 4.06 3.82  81.8 -0.423    19.61 21.65 02a57746o0819c -0.052632        0
57746.625461 19.454622      NaN   -2    20 c    0   0.98 210.91068 54.32112  9625.15  2399.84 4.08 3.83  80.8 -0.421    19.61 21.63 02a57746o0841c -0.050000        0
57746.627011 19.334813      NaN    9    19 c    0   0.88 210.91068 54.32112   419.47  2290.88 4.23 4.16 -88.1 -0.369    19.54 21.57 02a57746o0844c  0.526316   524288
57746.636855 19.510313      NaN  -19    19 c    0   1.09 210.91068 54.32112  9569.64  2326.95 4.24 4.02  81.0 -0.404    19.60 21.66 02a57746o0863c -0.947368   524288
57746.638445 19.569016      NaN  -15    18 c    0   1.10 210.91068 54.32112   432.09  2331.08 4.28 4.21  86.3 -0.365    19.56 21.60 02a57746o0866c -0.777778   524288
57746.648259 19.510313      NaN   -9    19 c    0   0.89 210.91068 54.32112  9555.63  2445.12 4.17 3.92  78.8 -0.408    19.60 21.66 02a57746o0885c -0.421053   524288
57746.650355 19.631075      NaN   -3    17 c    0   1.21 210.91068 54.32112   373.34  2248.71 4.15 4.02  86.0 -0.380    19.60 21.59 02a57746o0889c -0.117647   524288
57746.659628 19.454622      NaN   -1    20 c    0   1.00 210.91068 54.32112  9591.77  2386.85 4.06 3.80  79.6 -0.417    19.52 21.38 02a57746o0907c  0.000000        0
57746.661195 19.014394      NaN   26    21 c    0   0.73 210.91068 54.32112   362.35  2385.23 4.09 3.96  84.5 -0.381    19.40 21.16 02a57746o0910c  1.285714   524288
57746.669931 18.675237      NaN   -4    41 c    0   1.02 210.91068 54.32112   395.64  2309.63 4.32 4.15  80.2 -0.359    18.45 19.40 02a57746o0927c -0.073171        0
57778.570698 19.436675      NaN    0    20 c    0   0.74 210.91068 54.32112  9105.65 10184.12 4.12 3.71 -88.2 -0.431    19.77 21.82 02a57778o0568c  0.050000   524288
57778.576629 19.351140      NaN  -20    22 c    0   0.95 210.91068 54.32112  7881.45   383.01 4.00 3.78  15.1 -0.454    19.75 21.80 02a57778o0578c -0.863636   524288
57778.584061 19.183773      NaN   22    18 c    0   1.01 210.91068 54.32112  9119.01 10225.58 4.09 3.68 -88.2 -0.432    19.77 21.81 02a57778o0592c  1.277778        0
57778.589437 19.076453      NaN   24    20 c    0   0.86 210.91068 54.32112  7893.72   423.91 3.94 3.77  18.0 -0.452    19.77 21.82 02a57778o0602c  1.250000   524288
57778.596885 19.256669      NaN   17    18 c    0   1.09 210.91068 54.32112  9061.67 10151.56 4.09 3.73  89.4 -0.433    19.78 21.83 02a57778o0616c  1.000000        0
57778.602290 19.155932      NaN   21    19 c    0   1.19 210.91068 54.32112  7851.21   348.55 3.95 3.73  15.0 -0.453    19.79 21.85 02a57778o0626c  1.157895   524288
57778.609876 19.454622      NaN   -5    20 c    0   0.96 210.91068 54.32112  9039.55 10272.73 4.04 3.68 -88.5 -0.432    19.80 21.86 02a57778o0640c -0.200000   524288
57778.615190 19.241693      NaN    6    22 c    0   0.73 210.91068 54.32112  7830.64   472.24 3.85 3.67  17.5 -0.453    19.81 21.88 02a57778o0650c  0.318182        0
57778.622705 19.549093      NaN    0    18 c    0   0.98 210.91068 54.32112  9085.02 10213.22 3.99 3.63 -89.0 -0.436    19.82 21.89 02a57778o0664c  0.055556        0
57778.628048 19.026525      NaN   22    22 c    0   0.90 210.91068 54.32112  7864.75   413.15 3.99 3.81  15.2 -0.447    19.77 21.86 02a57778o0674c  1.045455   524288
57782.565439 19.696897      NaN  -25    16 c    0   1.10 210.91068 54.32112  8317.23  1382.94 3.86 3.76  84.1 -0.417    19.82 21.96 02a57782o0717c -1.500000        0
57782.579866 19.696897      NaN  -13    16 c    0   0.85 210.91068 54.32112  8339.17  1422.87 3.89 3.75 -88.5 -0.409    19.84 21.99 02a57782o0743c -0.750000        0
57782.593858 19.569016      NaN  -21    18 c    0   0.73 210.91068 54.32112  8282.87  1349.82 3.81 3.67  86.7 -0.414    19.88 22.03 02a57782o0769c -1.111111        0
57782.607900 19.510313      NaN   -2    19 c    0   0.86 210.91068 54.32112  8259.92  1473.41 3.93 3.77  83.5 -0.405    19.81 21.96 02a57782o0795c -0.052632  4194560
57782.621826 19.351140      NaN   17    16 c    0   1.19 210.91068 54.32112  8308.43  1415.28 3.86 3.71  85.7 -0.415    19.84 21.99 02a57782o0821c  1.125000        0
57786.563706 19.510313      NaN   -8    19 c    0   0.84 210.91068 54.32112  9332.76  9903.81 3.91 3.50 -86.1 -0.427    19.80 21.89 02a57786o0507c -0.368421   524288
57786.566299 19.454622      NaN   -3    20 c    0   1.06 210.91068 54.32112  8090.33   103.91 3.90 3.68  12.6 -0.447    19.82 21.92 02a57786o0512c -0.100000        0
57786.576403 19.142275      NaN   25    18 c    0   1.01 210.91068 54.32112  9343.93  9944.10 3.97 3.59 -88.6 -0.418    19.82 21.94 02a57786o0531c  1.444444   524288
57786.579012 19.351140      NaN  -20    22 c    0   0.97 210.91068 54.32112  8102.60   144.47 3.88 3.68  17.0 -0.448    19.85 21.96 02a57786o0536c -0.863636        0
57786.589214 19.631075      NaN  -22    17 c    0   0.95 210.91068 54.32112  9285.78  9868.67 3.94 3.57 -90.0 -0.429    19.83 21.94 02a57786o0555c -1.235294   524288
57786.591848 19.256669      NaN  -27    24 c    0   0.98 210.91068 54.32112  8046.89    68.76 3.91 3.71  15.3 -0.450    19.68 21.79 02a57786o0560c -1.083333   524288
57786.602149 18.978793      NaN   17    25 c    0   1.05 210.91068 54.32112  9263.05  9990.36 3.98 3.64  85.5 -0.433    19.48 21.55 02a57786o0579c  0.720000        0
57786.604786 19.197966      NaN    6    23 c    0   1.03 210.91068 54.32112  8035.55   189.93 3.88 3.76  18.5 -0.442    19.84 21.98 02a57786o0584c  0.304348   524288
57786.615038 19.549093      NaN    0    18 c    0   0.98 210.91068 54.32112  9308.00  9931.65 3.95 3.59  86.1 -0.426    19.78 21.88 02a57786o0603c  0.055556   524288
57786.617646 19.401649      NaN  -15    21 c    0   0.91 210.91068 54.32112  8069.93   133.36 3.90 3.74  24.3 -0.449    19.84 21.99 02a57786o0608c -0.666667        0
57806.543426 19.569016      NaN   -1    18 c    0   1.12 210.91068 54.32112  9192.79  1286.34 3.85 3.71  59.6 -0.446    19.76 21.82 02a57806o0606c  0.000000        0
57806.546470 19.183773      NaN   19    19 c    0   1.15 210.91068 54.32112  9219.05  1323.50 3.98 3.84  54.8 -0.429    19.74 21.83 02a57806o0612c  1.052632   524288
57806.563479 19.318728      NaN   16    17 c    0   1.27 210.91068 54.32112  9161.61  1250.77 4.05 3.88  52.0 -0.427    19.76 21.89 02a57806o0643c  1.000000        0
57806.577726 19.384550      NaN    6    19 c    0   0.96 210.91068 54.32112  9141.23  1369.94 3.91 3.72  64.8 -0.441    19.76 21.84 02a57806o0669c  0.368421   524288
57806.591596 19.401649      NaN  -26    21 c    0   0.80 210.91068 54.32112  9191.31  1309.22 3.91 3.71  60.6 -0.439    19.72 21.75 02a57806o0695c -1.190476        0
57834.492888 19.436675      NaN    6    18 c    0   0.93 210.91068 54.32112  8093.48  3354.83 3.99 3.71  87.7 -0.381    19.07 21.15 02a57834o0443c  0.388889        0
57834.503330 19.454622      NaN  -20    20 c    0   1.03 210.91068 54.32112  2389.07  7056.44 3.82 3.69  44.4 -0.427    19.11 21.19 02a57834o0463c -0.950000        0
57834.527024 18.990530      NaN   19    24 c    0   0.73 210.91068 54.32112  2436.38  7132.43 3.82 3.67  46.0 -0.424    19.04 21.02 02a57834o0506c  0.833333   524288
57834.542612 19.287255      NaN    0    23 c    0   0.90 210.91068 54.32112  2455.57  7017.28 4.01 3.88  51.6 -0.408    18.92 20.83 02a57834o0535c  0.043478        0
57834.554663 19.128787      NaN   11    23 c    0   1.04 210.91068 54.32112  2410.48  7078.68 4.05 3.88  49.4 -0.393    18.86 20.73 02a57834o0557c  0.521739        0
57838.492206 19.038793      NaN   24    21 c    0   1.13 210.91068 54.32112   130.25   606.67 4.43 4.38 -73.6 -0.377    19.01 21.19 02a57838o0454c  1.190476   524288
57838.492735 19.351140      NaN   -5    22 c    0   1.10 210.91068 54.32112  1491.94 10415.62 4.33 4.18  26.0 -0.383    19.04 21.20 02a57838o0455c -0.181818   524288
57838.494486 18.748255      NaN   39    25 c    0   0.78 210.91068 54.32112  9019.25    73.21 4.03 3.88  39.1 -0.448    19.06 21.21 02a57838o0458c  1.600000   524288
57838.495005 18.944322      NaN   32    21 c    0   1.35 210.91068 54.32112 10382.79  9885.47 4.46 4.08  80.9 -0.413    19.01 21.18 02a57838o0459c  1.571429  4194560
57838.505700 19.169763      NaN    8    23 c    0   1.06 210.91068 54.32112 10311.33  9810.29 4.42 4.09  82.0 -0.403    19.02 21.17 02a57838o0479c  0.391304   524288
57838.524714 19.197966      NaN   15    20 c    0   0.90 210.91068 54.32112   188.80   523.48 4.25 4.18 -14.6 -0.373    19.03 21.14 02a57838o0515c  0.800000   524288
57838.528687 19.302877      NaN  -24    23 c    0   1.03 210.91068 54.32112  1540.87 10330.60 4.13 3.95  18.5 -0.401    19.04 21.15 02a57838o0522c -1.000000  4194560
57838.541835 19.102305      NaN   19    21 c    0   0.94 210.91068 54.32112  1513.07 10393.14 4.23 3.75   9.1 -0.384    19.03 21.12 02a57838o0547c  0.952381   524288
57838.542881 19.256669      NaN    2    23 c    0   0.89 210.91068 54.32112   155.35   579.03 4.09 3.98 -88.0 -0.398    19.06 21.09 02a57838o0549c  0.130435        0
57842.515338 19.287255      NaN    3    22 c    0   0.93 210.91068 54.32112  3835.96  6743.59 4.04 3.91  55.1 -0.397    18.98 21.04 02a57842o0427c  0.181818   524288
57842.526432 19.302877      NaN  -21    23 c    0   0.98 210.91068 54.32112  3879.11  6819.26 4.26 4.09  67.0 -0.387    18.93 21.04 02a57842o0448c -0.869565        0
57842.544005 19.002397      NaN   15    25 c    0   0.70 210.91068 54.32112  3900.19  6699.03 4.12 3.96  75.5 -0.378    18.94 20.97 02a57842o0481c  0.640000        0
57862.478560 19.351140      NaN   -5    22 c    0   0.76 210.91068 54.32112  3528.33  6975.36 3.82 3.70  86.0 -0.396    18.84 20.47 02a57862o0525c -0.181818        0
57862.500554 18.857417      NaN   28    25 c    0   0.68 210.91068 54.32112  3505.43  6935.40 3.78 3.66  86.6 -0.403    18.76 20.25 02a57862o0570c  1.160000        0
57862.510937 19.212347      NaN    2    24 c    0   0.79 210.91068 54.32112  3562.27  7011.09 3.72 3.61  84.8 -0.412    18.74 20.17 02a57862o0591c  0.125000   524288
57862.522570 19.256669      NaN  -16    24 c    0   1.04 210.91068 54.32112  3586.23  6892.63 3.74 3.65  71.9 -0.402    18.68 20.07 02a57862o0615c -0.625000        0
57862.530436 19.089302      NaN   20    21 c    0   1.02 210.91068 54.32112  3553.14  6951.55 3.69 3.59  76.1 -0.414    18.67 20.02 02a57862o0631c  1.000000   524288
57870.492158 20.321591      NaN   -1     9 c    0   1.46 210.91068 54.32112  1900.80  8619.41 2.43 2.28   7.4 -0.466    19.53 20.68 02a57870o0440c  0.000000        0
57870.509600 20.009244      NaN    2    11 c    0   1.21 210.91068 54.32112  1877.62  8581.46 2.45 2.28   5.6 -0.462    19.48 20.63 02a57870o0473c  0.272727        0
57870.517991 20.009244      NaN   -7    12 c    0   1.18 210.91068 54.32112  1932.88  8653.45 2.46 2.31   6.9 -0.469    19.46 20.60 02a57870o0489c -0.500000        0
57870.530201 20.009244      NaN  -10    12 c    0   1.08 210.91068 54.32112  1958.56  8535.93 2.48 2.35   1.2 -0.461    19.42 20.58 02a57870o0512c -0.750000        0
57870.541671 20.103715      NaN   -1    11 c    0   1.17 210.91068 54.32112  1925.80  8593.62 2.47 2.35   0.5 -0.467    19.42 20.55 02a57870o0534c  0.000000        0
57894.386745 20.103715      NaN  -13    11 c    0   1.32 210.91068 54.32112  1323.91  9794.06 2.54 2.33 -11.6 -0.462    19.65 21.54 02a57894o0292c -1.090909        0
57894.416893 20.207197      NaN   -2    10 c    0   1.53 210.91068 54.32112  1300.84  9753.30 2.60 2.36 -14.0 -0.467    19.81 21.74 02a57894o0349c -0.100000   524288
57894.419529 19.841877      NaN    5    12 c    0   0.96 210.91068 54.32112  1358.29  9825.58 2.58 2.37  -6.5 -0.466    19.78 21.70 02a57894o0354c  0.500000        0
57894.441778 20.103715      NaN  -13    11 c    0   0.85 210.91068 54.32112  1372.77  9705.70 2.54 2.29  -7.6 -0.472    19.68 21.53 02a57894o0396c -1.090909  4194560
57894.453543 19.791368      NaN    4    13 c    0   0.93 210.91068 54.32112  1337.71  9764.87 2.53 2.30  -4.4 -0.473    19.49 21.27 02a57894o0418c  0.384615   524288
57898.389114 19.766969      NaN   11    11 c    0   1.06 210.91068 54.32112  1859.02  8744.26 2.66 2.37  -5.4 -0.481    19.73 21.69 02a57898o0138c  1.090909        0
57898.398663 19.816329      NaN    9    11 c    0   0.91 210.91068 54.32112  1835.39  8704.27 2.48 2.29  -1.1 -0.503    19.78 21.72 02a57898o0156c  0.909091        0
57898.417223 19.922338      NaN  -28    13 c    0   0.71 210.91068 54.32112  1890.88  8778.11 2.59 2.34 -12.1 -0.486    19.75 21.68 02a57898o0191c -2.076923        0
57898.437402 19.766969      NaN    8    12 c    0   0.99 210.91068 54.32112  1916.80  8657.37 2.46 2.25   1.8 -0.503    19.75 21.62 02a57898o0229c  0.750000        0
57898.446924 20.009244      NaN  -11    12 c    0   0.84 210.91068 54.32112  1882.79  8714.85 2.67 2.48   1.4 -0.486    19.69 21.60 02a57898o0247c -0.833333        0
57902.386132 19.979496      NaN    6    10 c    0   1.20 210.91068 54.32112  4381.92  7554.73 2.52 2.42  -3.5 -0.452    19.81 21.63 02a57902o0297c  0.700000        0
57902.397408 19.743105      NaN    6    13 c    0   0.59 210.91068 54.32112  4371.40  7514.83 2.57 2.47  -9.0 -0.461    19.77 21.60 02a57902o0319c  0.538462        0
57902.399963 20.009244      NaN   -3    12 c    0   1.02 210.91068 54.32112  4418.29  7592.80 2.59 2.45  -2.5 -0.450    19.78 21.58 02a57902o0324c -0.166667   524288
57902.422768 20.103715      NaN  -19    11 c    0   1.07 210.91068 54.32112  4442.54  7473.74 2.56 2.44  -0.0 -0.464    19.79 21.63 02a57902o0368c -1.636364        0
57902.433611 19.922338      NaN  -12    13 c    0   0.60 210.91068 54.32112  4407.41  7530.53 2.61 2.52  -1.7 -0.455    19.67 21.49 02a57902o0389c -0.846154   524288
58020.235926 19.922338      NaN  -45    13 c    0   1.10 210.91068 54.32112  3547.65  3791.42 2.41 2.31 -78.1 -0.409    19.28 20.64 02a58020o0006c -3.384615 12583168
58194.569176 20.009244      NaN  -11    12 c    0   0.91 210.91068 54.32112  2268.32  8908.21 2.55 2.35  22.2 -0.453    19.73 21.58 02a58194o0731c -0.833333        0
58194.580281 20.039830      NaN    1    11 c    0   1.26 210.91068 54.32112  2244.08  8869.85 2.56 2.31  25.0 -0.453    19.75 21.58 02a58194o0749c  0.181818        0
58194.590959 19.652575      NaN   13    12 c    0   0.71 210.91068 54.32112  2293.93  8942.07 2.64 2.46  14.7 -0.445    19.72 21.58 02a58194o0768c  1.166667        0
58194.602403 20.071303      NaN    6     9 c    0   1.22 210.91068 54.32112  2303.77  8823.10 2.42 2.21  17.3 -0.466    19.75 21.57 02a58194o0786c  0.777778        0
58196.529228 18.058851      NaN   57    53 c    0   0.78 210.91068 54.32112  4964.10  3724.91 2.58 2.44  19.5 -0.397    17.79 19.73 02a58196o0652c  1.094340   524288
58196.535461 20.137125      NaN    1    10 c    0   1.22 210.91068 54.32112  4932.78  3688.92 2.45 2.31  46.0 -0.411    19.80 21.89 02a58196o0663c  0.200000     4096
58196.543979 17.503229      NaN   43   106 c    0   0.78 210.91068 54.32112  4988.66  3764.13 2.44 2.34  37.7 -0.438    16.95 18.82 02a58196o0680c  0.415094        0
58251.578978 20.009244      NaN   -4    12 c    0   0.91 210.91068 54.32112  4132.61  3803.51 2.73 2.54 -52.8 -0.387    19.50 21.34 02a58251o0733c -0.250000        0
58251.587115 20.009244      NaN  -11    12 c    0   1.11 210.91068 54.32112  4131.88  3807.50 2.83 2.62 -51.2 -0.378    19.45 21.26 02a58251o0749c -0.833333   524288
58251.594640 20.009244      NaN  -10    12 c    0   1.10 210.91068 54.32112  4120.33  3811.10 2.68 2.55 -50.3 -0.388    19.43 21.20 02a58251o0764c -0.750000   524288
58251.602316 19.766969      NaN  -15    15 c    0   1.03 210.91068 54.32112  4130.33  3813.84 3.00 2.79 -53.3 -0.380    19.28 21.09 02a58251o0779c -0.933333   524288
58252.572007 19.743105      NaN    6    13 c    0   1.00 210.91068 54.32112  4132.08  3799.63 2.58 2.45 -49.8 -0.394    19.44 21.13 02a58252o0684c  0.538462        0
58252.582264 20.103715      NaN  -12    11 c    0   1.40 210.91068 54.32112  4131.10  3804.88 2.51 2.40 -48.5 -0.402    19.46 21.08 02a58252o0703c -1.000000   524288
58252.589663 19.743105      NaN    3    14 c    0   0.85 210.91068 54.32112  4119.35  3808.18 2.54 2.45 -46.7 -0.398    19.40 21.05 02a58252o0718c  0.285714        0
58252.598499 19.631075      NaN    8    14 c    0   1.03 210.91068 54.32112  4130.48  3811.23 2.49 2.39 -52.9 -0.397    19.37 20.99 02a58252o0735c  0.642857        0
58256.417856 17.000830      NaN    7   189 c    0   0.02 210.91068 54.32112  3202.02  5396.68 2.37 2.34 -15.5 -0.425    19.82 21.77 02a58256o0256c  0.042328        2
58256.432475 20.207197      NaN   -2    10 c    0   1.09 210.91068 54.32112  3180.01  5356.22 2.41 2.41  17.0 -0.425    19.76 21.79 02a58256o0287c -0.100000  4194560
58256.449876 20.321591      NaN   -1     9 c    0   1.69 210.91068 54.32112  3236.07  5432.32 2.34 2.31  10.7 -0.431    19.80 21.75 02a58256o0324c  0.000000     8192
58256.458792 20.103715      NaN   -4    11 c    0   0.81 210.91068 54.32112  3259.98  5313.19 2.38 2.30  39.4 -0.425    19.79 21.74 02a58256o0343c -0.272727   532480
58280.393689 19.868040      NaN    4    12 c    0   0.68 210.91068 54.32112  5365.43  4917.12 2.45 2.41 -68.7 -0.419    19.75 21.71 02a58280o0323c  0.416667        0
58280.407270 20.071303      NaN    3    10 c    0   1.07 210.91068 54.32112  5355.13  4881.01 2.53 2.51  53.4 -0.412    19.67 21.62 02a58280o0352c  0.400000        0
58280.414598 19.841877      NaN  -14    14 c    0   0.96 210.91068 54.32112  5410.46  4954.80 2.44 2.41  53.6 -0.422    19.45 21.31 02a58280o0368c -0.928571        0
58280.424534 19.652575      NaN   10    13 c    0   0.52 210.91068 54.32112  5421.61  4842.46 2.42 2.38  53.1 -0.418    19.72 21.59 02a58280o0389c  0.846154        0
58284.387122 19.922338      NaN    2    12 c    0   0.89 210.91068 54.32112  2839.15  5668.00 2.36 2.30   0.5 -0.420    19.59 21.41 02a58284o0307c  0.250000        0
58284.391741 20.103715      NaN   -3    11 c    0   0.98 210.91068 54.32112  2813.60  5629.45 2.35 2.28   3.8 -0.422    19.62 21.46 02a58284o0317c -0.181818        0
58284.403480 19.719755      NaN   10    12 c    0   0.66 210.91068 54.32112  2872.10  5706.97 2.40 2.34  20.2 -0.428    19.67 21.53 02a58284o0342c  0.916667        0
58284.411716 19.894850      NaN    3    12 c    0   0.97 210.91068 54.32112  2893.42  5586.38 2.44 2.38  21.5 -0.431    19.70 21.54 02a58284o0360c  0.333333        0
58308.365311 20.207197      NaN  -12    10 c    0   1.10 210.91068 54.32112  5577.04  3937.33 2.75 2.47 -51.1 -0.410    19.67 21.59 02a58308o0015c -1.100000  4194560
58308.374538 19.816329      NaN    3    13 c    0   0.84 210.91068 54.32112  5598.46  3818.84 2.67 2.48 -51.9 -0.409    19.64 21.54 02a58308o0035c  0.307692     8192
58312.333401 19.549093      NaN   21    11 c    0   0.81 210.91068 54.32112  5128.09  3976.12 2.52 2.35 -53.6 -0.416    19.75 21.63 02a58312o0193c  2.000000        0
58312.339561 19.719755      NaN   10    12 c    0   1.22 210.91068 54.32112  5102.89  3935.78 2.69 2.43 -54.6 -0.407    19.71 21.63 02a58312o0206c  0.916667        0
58312.349040 19.589310      NaN   19    11 c    0   1.00 210.91068 54.32112  5160.25  4012.44 2.58 2.48 -50.7 -0.410    19.67 21.61 02a58312o0226c  1.818182        0
58312.361108 20.103715      NaN   -5    11 c    0   0.94 210.91068 54.32112  5182.46  3895.03 2.53 2.47 -49.8 -0.408    19.68 21.58 02a58312o0252c -0.363636        0
58316.328042 19.841877      NaN   -9    14 c    0   0.76 210.91068 54.32112  3267.74  3456.35 3.09 2.96 -61.7 -0.381    19.36 21.19 02a58316o0183c -0.571429   524288
58316.337992 20.103715      NaN   -7    11 c    0   1.45 210.91068 54.32112  3256.74  3415.31 3.05 3.00  68.8 -0.365    19.34 21.27 02a58316o0204c -0.545455   524288
58316.346903 19.841877      NaN   -5    14 c    0   1.04 210.91068 54.32112  3312.28  3490.72 2.82 2.80  34.3 -0.379    19.44 21.34 02a58316o0223c -0.285714        0
58316.359453 19.922338      NaN   -1    13 c    0   1.02 210.91068 54.32112  3334.31  3373.31 3.39 3.33 -52.4 -0.358    19.31 21.41 02a58316o0250c  0.000000   524288
58344.281357 19.841877      NaN   -1    14 c    0   0.73 210.91068 54.32112  3987.07  2700.75 2.61 2.40 -55.0 -0.387    19.46 21.13 02a58344o0108c  0.000000        0
58344.290487 20.009244      NaN  -16    12 c    0   1.28 210.91068 54.32112  3975.96  2661.47 2.74 2.55 -63.0 -0.394    19.41 21.10 02a58344o0127c -1.250000   524288
58344.299671 19.212347      NaN   29    15 c    0   0.87 210.91068 54.32112  4032.27  2737.42 2.67 2.48 -55.4 -0.385    19.08 20.79 02a58344o0146c  2.000000        0
58344.308612 19.868040      NaN    1    13 c    0   1.17 210.91068 54.32112  4053.94  2615.21 2.62 2.50 -51.9 -0.392    19.43 21.14 02a58344o0165c  0.153846        0
58376.224249 18.816441      NaN   23    28 c    0   0.77 210.91068 54.32112  5669.93  2190.14 2.62 2.39 -58.5 -0.397    18.75 19.69 02a58376o0028c  0.857143   524288
58376.230043 19.454622      NaN  -19    20 c    0   1.16 210.91068 54.32112  5658.26  2150.30 2.56 2.41 -63.8 -0.391    18.99 20.12 02a58376o0040c -0.900000        0
58376.238331 19.197966      NaN   24    17 c    0   0.88 210.91068 54.32112  5713.15  2252.70 2.68 2.50 -60.9 -0.388    19.11 20.35 02a58376o0057c  1.470588  4195840
58376.247461 19.226921      NaN   13    20 c    0   0.95 210.91068 54.32112  5736.47  2126.23 2.89 2.78 -67.5 -0.379    19.00 20.36 02a58376o0076c  0.700000        0
58520.663770 20.009244      NaN    5    11 c    0   1.07 210.91068 54.32112  4404.20  7856.81 2.59 2.36  19.1 -0.464    19.68 21.60 02a58520o0274c  0.272727     8192
58520.673685 18.526952      NaN   23    40 c    0   0.85 210.91068 54.32112  4378.61  7817.00 2.64 2.45  19.7 -0.473    18.45 19.41 02a58520o0295c  0.525000     8192
58576.556729 20.009244      NaN   -4    12 c    0   0.94 210.91068 54.32112  7709.71   121.07 2.48 2.10 -59.9 -0.405    19.78 21.80 02a58576o0718c -0.500000   524288
58576.558102 19.950541      NaN   10    10 c    0   1.00 210.91068 54.32112  7976.75  9858.26 2.67 2.50 -64.4 -0.402    19.80 21.82 02a58576o0721c  0.800000        0
58576.570795 20.137125      NaN    4    10 c    0   1.02 210.91068 54.32112  7952.38  9817.19 2.75 2.52 -54.3 -0.415    19.76 21.80 02a58576o0748c  0.200000        0
58576.571708 19.589310      NaN   16    13 c    0   1.33 210.91068 54.32112  7686.43    79.40 2.54 2.17 -54.6 -0.394    19.74 21.77 02a58576o0750c  1.076923        0
58576.577207 19.841877      NaN   -1    14 c    0   0.80 210.91068 54.32112  7751.91   159.22 2.56 2.18 -55.4 -0.421    19.76 21.75 02a58576o0762c -0.214286        0
58576.578589 20.171596      NaN    3    10 c    0   1.35 210.91068 54.32112  8007.48  9897.94 2.83 2.48 -54.1 -0.408    19.73 21.78 02a58576o0765c  0.100000        0
58576.591620 20.009244      NaN  -10    12 c    0   1.10 210.91068 54.32112  8028.05  9780.72 2.90 2.51 -53.5 -0.401    19.67 21.74 02a58576o0792c -1.000000        0
58580.533459 19.950541      NaN    4    12 c    0   1.09 210.91068 54.32112  7588.85  7894.93 2.64 2.49  45.1 -0.407    19.60 21.43 02a58580o0667c  0.166667   524288
58580.553444 19.922338      NaN    2    13 c    0   0.64 210.91068 54.32112  7621.78  7933.13 2.56 2.54  82.6 -0.405    19.66 21.40 02a58580o0709c  0.000000        0
58580.565220 19.841877      NaN   -2    14 c    0   1.08 210.91068 54.32112  7642.88  7815.34 2.60 2.53  67.9 -0.409    19.59 21.37 02a58580o0734c -0.285714        0
58604.470220 19.868040      NaN   13    10 c    0   1.06 210.91068 54.32112  7315.06  4014.47 2.38 2.30  44.6 -0.399    19.60 21.61 02a58604o0438c  1.100000        0
58604.485174 20.009244      NaN    1    12 c    0   1.03 210.91068 54.32112  7291.94  3975.19 2.37 2.30 -64.9 -0.409    19.59 21.62 02a58604o0470c -0.083333        0
58604.494705 20.103715      NaN   -7    11 c    0   1.33 210.91068 54.32112  7345.64  4050.21 2.41 2.38  48.7 -0.404    19.60 21.58 02a58604o0490c -0.818182        0
58604.501777 20.103715      NaN    0    11 c    0   1.02 210.91068 54.32112  7368.11  3936.60 2.48 2.38 -61.6 -0.398    19.53 21.55 02a58604o0505c -0.181818        0
58612.399959 19.868040      NaN    4    13 c    0   0.79 210.91068 54.32112  9084.33  6910.38 2.56 2.46  58.8 -0.421    19.76 21.60 02a58612o0365c  0.153846        0
58612.401822 19.922338      NaN    0    13 c    0   0.58 210.91068 54.32112  9064.63  6870.65 2.56 2.46  57.6 -0.404    19.79 21.60 02a58612o0369c -0.153846        0
58612.407474 19.922338      NaN    0    13 c    0   0.66 210.91068 54.32112  9120.81  6950.36 2.57 2.49  79.6 -0.419    19.76 21.61 02a58612o0381c -0.153846        0
58612.432540 20.103715      NaN   -2    11 c    0   1.31 210.91068 54.32112  9130.42  6832.85 2.59 2.47  48.0 -0.463    19.78 21.63 02a58612o0433c -0.363636        0
58636.335628 20.103715      NaN   -7    11 c    0   1.10 210.91068 54.32112  1825.01  7462.26 2.48 2.37 -15.7 -0.428    19.71 21.76 02a58636o0227c -0.818182        0
58636.341238 20.207197      NaN   -4    10 c    0   1.03 210.91068 54.32112  8754.27  3069.71 2.37 2.27 -64.0 -0.421    19.80 21.76 02a58636o0239c -0.600000        0
58636.347261 20.103715      NaN  -10    11 c    0   0.77 210.91068 54.32112  8818.39  3159.14 2.44 2.25 -62.3 -0.410    19.80 21.77 02a58636o0252c -1.090909        0
58636.365477 20.103715      NaN   -9    11 c    0   0.76 210.91068 54.32112  8832.78  3039.63 2.46 2.25 -63.6 -0.412    19.75 21.70 02a58636o0291c -1.000000        0
58664.300439 20.071303      NaN    6    10 c    0   1.08 210.91068 54.32112  2496.72  1228.22 2.38 2.29 -65.4 -0.433    19.78 21.60 02a58664o0137c  0.400000   524288
58664.303183 20.207197      NaN   -4    10 c    0   1.23 210.91068 54.32112  2475.71  1189.32 2.42 2.27 -59.8 -0.420    19.81 21.61 02a58664o0143c -0.600000        0
58664.308728 19.841877      NaN   14    10 c    0   1.22 210.91068 54.32112  2533.36  1263.03 2.35 2.28 -78.4 -0.405    19.80 21.64 02a58664o0155c  1.200000        0
58664.318819 20.009244      NaN    1    12 c    0   0.91 210.91068 54.32112  2553.92  1145.05 2.35 2.24 -75.4 -0.431    19.82 21.68 02a58664o0177c -0.083333        0
58668.360430 20.103715      NaN    1    11 c    0   1.26 210.91068 54.32112  6973.99  4798.08 2.58 2.30  40.6 -0.393    19.70 21.53 02a58668o0259c -0.090909        0
58668.363476 19.841877      NaN  -17    14 c    0   0.98 210.91068 54.32112  6954.37  4757.86 2.61 2.25  40.6 -0.579    19.74 21.50 02a58668o0265c -1.357143        0
58668.370013 19.841877      NaN  -13    14 c    0   0.73 210.91068 54.32112  7009.75  4834.15 2.68 2.25  39.4 -0.389    19.70 21.46 02a58668o0279c -1.071429        0
58668.381748 19.841877      NaN   -8    14 c    0   0.74 210.91068 54.32112  7028.99  4715.94 2.56 2.27  38.0 -0.388    19.72 21.46 02a58668o0304c -0.714286        0
58692.299708 19.609992      NaN   18    12 c    0   0.89 210.91068 54.32112  8879.15  5242.47 2.65 2.49  41.4 -0.392    19.68 21.66 02a58692o0140c  1.333333        0
58692.302589 19.922338      NaN  -12    13 c    0   0.66 210.91068 54.32112  8858.94  5202.41 2.65 2.45  38.1 -0.389    19.70 21.66 02a58692o0146c -1.076923        0
58692.308687 20.009244      NaN   -6    12 c    0   0.76 210.91068 54.32112  8914.55  5281.95 2.53 2.46  53.4 -0.394    19.67 21.63 02a58692o0157c -0.666667        0
58692.318540 19.841877      NaN   14    10 c    0   1.09 210.91068 54.32112  8933.08  5165.52 2.56 2.44  41.4 -0.392    19.70 21.60 02a58692o0178c  1.200000        0
58696.259275 20.103715      NaN  -12    11 c    0   0.94 210.91068 54.32112  8885.60  5245.62 2.77 2.47 -64.3 -0.398    19.61 21.39 02a58696o0060c -1.272727        0
58696.263160 19.696897      NaN   11    13 c    0   0.78 210.91068 54.32112  8864.74  5205.20 2.89 2.48 -64.6 -0.397    19.64 21.51 02a58696o0068c  0.692308        0
58696.268990 19.609992      NaN   21    11 c    0   0.96 210.91068 54.32112  8921.56  5285.24 2.87 2.52 -64.1 -0.401    19.66 21.57 02a58696o0080c  1.727273        0
58696.279054 19.922338      NaN  -10    13 c    0   0.72 210.91068 54.32112  8937.49  5175.61 3.00 2.56 -63.8 -0.397    19.61 21.57 02a58696o0101c -0.923077        0
58700.300639 19.922338      NaN   -2    13 c    0   0.96 210.91068 54.32112  3344.17  7117.21 2.45 2.42   5.5 -0.386    19.55 21.20 02a58700o0151c -0.307692        0
58700.303953 19.979496      NaN    6    11 c    0   1.29 210.91068 54.32112  3325.47  7077.19 2.38 2.34  -2.1 -0.391    19.59 21.19 02a58700o0158c  0.363636        0
58700.310446 19.816329      NaN   12    11 c    0   1.46 210.91068 54.32112  3381.51  7155.20 2.47 2.37  26.2 -0.380    19.54 21.19 02a58700o0172c  0.909091        0
58700.320640 20.103715      NaN   -6    11 c    0   1.40 210.91068 54.32112  3401.23  7036.26 2.44 2.40  -1.3 -0.390    19.55 21.17 02a58700o0194c -0.727273        0
58708.299948 18.349730      NaN   66    34 c    0   0.81 210.91068 54.32112  4766.80  3227.13 2.88 2.31  41.6 -0.386    18.22 19.07 02a58708o0161c  1.882353   524288
58708.302750 18.550302      NaN    0    46 c    0   1.28 210.91068 54.32112  4745.75  3188.49 2.82 2.29  42.4 -0.398    18.06 18.90 02a58708o0167c -0.043478        0
58708.309789 18.729535      NaN  -85    39 c    0   1.26 210.91068 54.32112  4805.61  3267.50 2.95 2.35  42.1 -0.375    17.75 18.71 02a58708o0182c -2.230769        0
58708.319771 18.574166      NaN   20    39 c    0   0.91 210.91068 54.32112  4826.99  3148.94 2.72 2.33  39.4 -0.400    18.16 18.98 02a58708o0203c  0.461538        0
58724.254212 19.841877      NaN   -2    14 c    0   0.85 210.91068 54.32112  5038.31  4869.66 2.75 2.32  34.2 -0.404    19.58 21.32 02a58724o0081c -0.285714        0
58724.257423 19.766969      NaN   11    12 c    0   1.21 210.91068 54.32112  5019.82  4831.42 2.64 2.29  38.4 -0.401    19.54 21.31 02a58724o0088c  0.750000        0
58724.263511 19.696897      NaN   11    13 c    0   0.89 210.91068 54.32112  5074.94  4907.27 2.76 2.32  36.7 -0.393    19.50 21.30 02a58724o0101c  0.692308        0
58724.275107 20.009244      NaN   -8    12 c    0   0.95 210.91068 54.32112  5095.76  4793.60 2.72 2.32  36.3 -0.394    19.49 21.25 02a58724o0126c -0.833333        0
58872.552407 20.009244      NaN  -14    12 c    0   0.91 210.91068 54.32112  3595.39  5776.06 2.53 2.32  44.0 -0.392    19.85 22.00 02a58872o0760c -1.333333        0
58872.555279 20.071303      NaN    6    10 c    0   1.44 210.91068 54.32112  3617.45  5813.89 2.36 2.33 -56.8 -0.411    19.81 21.99 02a58872o0766c  0.400000        0
58872.561131 20.321591      NaN   -8     9 c    0   1.13 210.91068 54.32112  3559.95  5734.71 2.35 2.31 -49.5 -0.410    19.84 21.99 02a58872o0778c -1.111111  4194560
58872.571799 19.631075      NaN   17    12 c    0   0.65 210.91068 54.32112  3529.39  5855.21 2.52 2.31  40.8 -0.394    19.84 22.02 02a58872o0799c  1.250000        0
58876.651589 20.103715      NaN  -10    11 c    0   1.27 210.91068 54.32112  1956.47  9622.38 2.41 2.33 -37.9 -0.427    19.70 21.82 02a58876o0927c -1.090909   524288
58876.655266 19.529530      NaN   13    15 c    0   1.00 210.91068 54.32112  1975.64  9661.23 2.50 2.37 -43.3 -0.418    19.31 21.31 02a58876o0935c  0.733333        0
58876.662978 19.841877      NaN   -3    14 c    0   1.57 210.91068 54.32112  1917.99  9582.20 2.45 2.31 -39.5 -0.420    19.30 21.14 02a58876o0951c -0.357143   524288
58876.669196 19.256669      NaN  -16    24 c    0   1.35 210.91068 54.32112  1896.95  9698.68 2.46 2.31 -35.1 -0.428    18.50 19.82 02a58876o0963c -0.750000   524288
58884.593779 19.922338      NaN   10     9 c    0   1.48 210.91068 54.32112  5083.55  1927.72 2.49 2.27  50.5 -0.395    19.82 21.99 02a58884o0827c  1.333333        0
58884.596741 20.103715      NaN    1    10 c    0   0.78 210.91068 54.32112  5108.29  1963.17 2.44 2.20 -61.4 -0.403    19.85 21.98 02a58884o0833c  0.300000   524288
58884.605408 20.207197      NaN  -16    10 c    0   1.11 210.91068 54.32112  5053.12  1886.78 2.47 2.26 -62.7 -0.402    19.81 21.98 02a58884o0851c -1.400000        0
58884.615927 20.449472      NaN   -3     8 c    0   1.00 210.91068 54.32112  5031.50  2005.58 2.42 2.26  52.7 -0.400    19.81 21.99 02a58884o0873c -0.125000        0
58900.591861 20.009244      NaN   -8    12 c    0   0.93 210.91068 54.32112  7244.56  3466.50 2.54 2.48  71.6 -0.387    19.55 21.59 02a58900o0772c -0.500000        0
58900.593725 19.841877      NaN  -10    14 c    0   1.13 210.91068 54.32112  7266.56  3498.29 2.56 2.43 -67.7 -0.390    19.32 21.32 02a58900o0776c -0.571429        0
58900.597390 19.696897      NaN   -9    16 c    0   0.91 210.91068 54.32112  7208.58  3426.69 2.87 2.78 -67.4 -0.394    19.29 21.41 02a58900o0783c -0.437500        0
58900.608099 20.103715      NaN  -12    11 c    0   1.06 210.91068 54.32112  3396.21  7037.83 2.76 2.65 -56.4 -0.386    19.52 21.66 02a58900o0803c -0.909091        0
58932.513609 20.009244      NaN   -8    12 c    0   1.13 210.91068 54.32112  3625.41  8772.15 2.67 2.33 -51.9 -0.412    19.73 21.71 02a58932o0633c -0.500000   524288
58932.516828 20.039830      NaN    0    11 c    0   1.39 210.91068 54.32112  3606.59  8732.75 2.70 2.37 -52.4 -0.412    19.70 21.70 02a58932o0640c  0.181818        0
58932.522331 19.894850      NaN    5    11 c    0   1.19 210.91068 54.32112  3661.35  8808.48 2.66 2.29 -51.7 -0.416    19.71 21.69 02a58932o0652c  0.636364        0
58932.532128 20.009244      NaN   -6    12 c    0   1.34 210.91068 54.32112  3679.91  8691.29 2.65 2.33 -52.4 -0.413    19.72 21.67 02a58932o0673c -0.333333        0
58956.480280 19.894850      NaN    5    11 c    0   1.40 210.91068 54.32112   396.52  1423.83 2.72 2.33 -57.7 -0.410    19.70 21.69 02a58956o0530c  0.636364        0
58956.483493 20.103715      NaN  -17    11 c    0   0.80 210.91068 54.32112   375.97  1384.97 2.74 2.36 -59.2 -0.412    19.68 21.70 02a58956o0537c -1.363636        0
58956.489223 20.449472      NaN  -16     8 c    0   2.05 210.91068 54.32112   435.76  1454.58 2.73 2.35 -57.8 -0.413    19.70 21.68 02a58956o0549c -1.750000        0
58956.499532 19.922338      NaN  -15    13 c    0   0.69 210.91068 54.32112   455.71  1333.37 2.77 2.39 -59.4 -0.415    19.66 21.63 02a58956o0570c -1.000000        0
58960.425104 19.816329      NaN    8    11 c    0   1.06 210.91068 54.32112 10191.24  9153.70 2.96 2.81  45.3 -0.373    19.66 21.55 02a58960o0416c  0.909091        0
58960.428590 19.950541      NaN    6    10 c    0   0.98 210.91068 54.32112   367.92  1388.65 2.56 2.33 -59.0 -0.412    19.70 21.56 02a58960o0423c  0.800000        0
58960.434799 20.207197      NaN   -9    10 c    0   1.46 210.91068 54.32112   428.56  1459.22 2.48 2.33 -57.4 -0.416    19.72 21.56 02a58960o0436c -0.700000        0
58960.471580 20.103715      NaN  -10    11 c    0   0.92 210.91068 54.32112   454.04  1335.78 2.37 2.29  75.4 -0.421    19.72 21.63 02a58960o0459c -0.727273        0
58964.430982 18.910912      NaN   13    28 c    0   0.82 210.91068 54.32112  7129.79  6930.88 2.52 2.47 -81.9 -0.404    18.74 20.40 02a58964o0427c  0.535714        0
58964.434180 18.550302      NaN  -48    46 c    0   0.94 210.91068 54.32112  7111.09  6891.31 2.54 2.51  85.7 -0.397    18.18 19.79 02a58964o0434c -1.000000        0
58964.440185 19.454622      NaN   -4    20 c    0   0.89 210.91068 54.32112  7167.29  6970.78 2.64 2.59 -70.3 -0.392    19.01 20.86 02a58964o0447c -0.100000   524288
58964.475522 19.674510      NaN   14    11 c    0   1.24 210.91068 54.32112  7182.92  6855.42 2.63 2.56  42.4 -0.395    19.59 21.44 02a58964o0523c  1.454545        0
58984.385056 19.922338      NaN   13     8 c    0   1.59 210.91068 54.32112  1463.44  6807.54 2.37 2.24  10.9 -0.404    19.75 21.72 02a58984o0250c  1.875000        0
58984.388259 19.868040      NaN    6    11 c    0   1.15 210.91068 54.32112  1445.10  6766.80 2.38 2.20 -51.1 -0.415    19.79 21.70 02a58984o0257c  0.727273        0
58984.393747 20.071303      NaN    2    10 c    0   1.40 210.91068 54.32112  1502.86  6843.64 2.38 2.21 -48.3 -0.421    19.78 21.71 02a58984o0269c  0.400000        0
58984.404468 20.321591      NaN   -2     9 c    0   1.52 210.91068 54.32112  1528.19  6725.96 2.37 2.20 -45.9 -0.416    19.79 21.73 02a58984o0290c  0.000000        0
58988.407142 19.950541      NaN    3    11 c    0   0.77 210.91068 54.32112  6728.83  3142.75 2.59 2.29  35.4 -0.390    19.71 21.63 02a58988o0375c  0.454545        0
58988.410344 20.103715      NaN   -8    11 c    0   1.02 210.91068 54.32112  6711.57  3104.11 2.44 2.34  34.8 -0.395    19.73 21.61 02a58988o0382c -0.545455        0
58988.415874 20.071303      NaN   -1    11 c    0   0.82 210.91068 54.32112  6769.23  3180.74 2.45 2.31  38.3 -0.393    19.70 21.59 02a58988o0394c  0.090909        0
58988.427368 20.009244      NaN    1    11 c    0   1.11 210.91068 54.32112  6793.78  3067.77 2.36 2.34  78.3 -0.396    19.72 21.59 02a58988o0419c  0.272727        0
58992.358373 20.321591      NaN  -12     9 c    0   1.55 210.91068 54.32112  6735.22  3150.10 2.63 2.41  33.3 -0.390    19.73 21.75 02a58992o0269c -1.111111        0
58992.361575 20.244005      NaN    3     8 c    0   1.30 210.91068 54.32112  6715.30  3110.23 2.55 2.36  32.6 -0.393    19.72 21.74 02a58992o0276c  0.625000        0
58992.367526 19.766969      NaN   10    11 c    0   1.12 210.91068 54.32112  6773.74  3187.84 2.59 2.40  31.5 -0.386    19.74 21.75 02a58992o0289c  1.090909        0
58992.401785 20.103715      NaN   -5    11 c    0   0.80 210.91068 54.32112  6790.45  3068.79 2.64 2.38  29.0 -0.385    19.70 21.75 02a58992o0362c -0.272727        0
59011.354173 20.009244      NaN  -15    12 c    0   0.90 210.91068 54.32112  9036.42  6905.73 3.01 2.95  57.0 -0.382    19.64 21.96 02a59011o0241c -1.083333        0
59011.357398 19.841877      NaN   -3    14 c    0   0.66 210.91068 54.32112  9014.91  6860.11 2.93 2.86  55.9 -0.384    19.67 21.95 02a59011o0248c -0.071429   524288
59011.363858 20.009244      NaN   -4    12 c    0   0.82 210.91068 54.32112  9071.54  6941.24 2.94 2.91  49.2 -0.384    19.68 21.95 02a59011o0262c -0.166667        0
59011.384568 19.979496      NaN   -1    12 c    0   1.18 210.91068 54.32112  9083.36  6822.64 3.91 3.56  31.2 -0.330    19.44 21.95 02a59011o0306c  0.083333   524288
59015.333919 19.652575      NaN   18    10 c    0   1.14 210.91068 54.32112  9035.58  6900.25 2.65 2.57  58.1 -0.399    19.78 21.91 02a59015o0200c  2.000000        0
59015.337583 20.103715      NaN  -12    11 c    0   1.10 210.91068 54.32112  9016.79  6859.36 2.63 2.55  64.1 -0.398    19.79 21.90 02a59015o0208c -0.909091        0
59015.343104 20.103715      NaN   -9    11 c    0   1.00 210.91068 54.32112  9070.53  6940.26 2.76 2.45  36.0 -0.390    19.78 21.90 02a59015o0220c -0.636364        0
59015.354141 20.207197      NaN   -5    10 c    0   1.18 210.91068 54.32112  9089.62  6825.66 2.69 2.60  68.0 -0.396    19.76 21.87 02a59015o0244c -0.300000        0
59020.330908 19.979496      NaN    5    10 c    0   1.53 210.91068 54.32112  6564.87  1000.83 2.45 2.32 -69.5 -0.404    19.50 21.38 02a59020o0132c  0.700000        0
59020.334109 20.009244      NaN    4    10 c    0   0.90 210.91068 54.32112  6544.31   960.61 2.44 2.30 -64.1 -0.401    19.75 21.74 02a59020o0139c  0.600000        0
59020.341236 20.321591      NaN   -3     9 c    0   1.74 210.91068 54.32112  6604.01  1041.48 2.54 2.42  87.0 -0.392    19.60 21.65 02a59020o0154c -0.111111        0
59020.352367 19.696897      NaN   -4    16 c    0   0.86 210.91068 54.32112  6623.01   918.24 2.36 2.31 -85.1 -0.405    19.43 21.35 02a59020o0178c -0.125000        0
59040.285251 19.589310      NaN   15    12 c    0   1.09 210.91068 54.32112  8737.19  3113.88 2.87 2.73 -62.0 -0.377    19.58 21.62 02a59040o0091c  1.416667        0
59040.288469 19.696897      NaN    7    13 c    0   0.75 210.91068 54.32112  8717.47  3073.78 2.82 2.71 -57.8 -0.372    19.58 21.62 02a59040o0098c  0.692308        0
59040.295427 19.894850      NaN    2    12 c    0   1.04 210.91068 54.32112  8776.89  3151.39 2.74 2.65 -60.0 -0.378    19.70 21.65 02a59040o0113c  0.333333        0
59040.306084 19.979496      NaN    2    11 c    0   0.93 210.91068 54.32112  8798.24  3033.64 2.80 2.70  40.8 -0.379    19.65 21.66 02a59040o0136c  0.363636        0
59044.317072 20.207197      NaN   -6    10 c    0   1.03 210.91068 54.32112   790.69  3044.98 2.48 2.27 -55.5 -0.400    19.71 21.76 02a59044o0158c -0.400000        0
59044.320832 20.207197      NaN   -7    10 c    0   1.10 210.91068 54.32112   769.03  3004.93 2.53 2.34 -61.2 -0.402    19.68 21.77 02a59044o0166c -0.500000  4194560
59044.327714 19.631075      NaN   19    10 c    0   1.21 210.91068 54.32112   831.59  3083.06 2.61 2.46 -60.4 -0.405    19.62 21.76 02a59044o0181c  2.100000        0
59044.337475 19.549093      NaN   17    12 c    0   0.80 210.91068 54.32112   854.72  2962.67 2.75 2.44 -57.4 -0.397    19.60 21.71 02a59044o0202c  1.583333        0
59048.285981 20.039830      NaN    3    10 c    0   1.67 210.91068 54.32112   796.92  3049.34 2.55 2.35  33.7 -0.395    19.64 21.53 02a59048o0095c  0.500000        0
59048.290126 19.743105      NaN   14    10 c    0   1.57 210.91068 54.32112   776.16  3010.67 2.65 2.35  36.4 -0.389    19.44 21.30 02a59048o0104c  1.600000        0
59048.296595 20.103715      NaN   -5    11 c    0   1.13 210.91068 54.32112   835.12  3084.08 2.56 2.32  35.5 -0.393    19.57 21.51 02a59048o0118c -0.272727        0
59048.308077 20.449472      NaN  -10     8 c    0   1.09 210.91068 54.32112   858.95  2964.55 2.36 2.33  16.0 -0.405    19.68 21.65 02a59048o0143c -1.000000        0
59108.240914 19.674510      NaN    5    14 c    0   1.15 210.91068 54.32112  4755.73  3218.73 2.37 2.34  59.6 -0.401    19.32 20.86 02a59108o0046c  0.500000        0
59108.246004 19.631075      NaN  -14    17 c    0   1.19 210.91068 54.32112  4735.43  3191.83 2.56 2.40  37.5 -0.392    19.27 20.84 02a59108o0057c -0.705882        0
59108.250126 19.241693      NaN   23    16 c    0   0.83 210.91068 54.32112  4795.00  3263.09 2.42 2.39  50.6 -0.395    19.30 20.84 02a59108o0066c  1.562500        0
59108.260706 19.549093      NaN   11    14 c    0   1.30 210.91068 54.32112  4814.46  3152.98 2.62 2.44 -52.2 -0.395    19.22 20.80 02a59108o0089c  0.928571        0
59206.608827 19.979496      NaN   -1    12 c    0   0.77 210.91068 54.32112  4767.11  3206.28 2.53 2.47 -30.9 -0.369    19.71 21.84 01a59206o0880c  0.083333        0
59206.612058 19.950541      NaN    6    10 c    0   0.96 210.91068 54.32112  4745.18  3171.40 2.57 2.51 -32.5 -0.367    19.69 21.85 01a59206o0887c  0.800000        0
59206.617585 20.103715      NaN   -5    11 c    0   0.88 210.91068 54.32112  4806.32  3247.81 2.73 2.64  -8.0 -0.359    19.62 21.85 01a59206o0899c -0.272727        0
59206.631405 20.207197      NaN   -4    10 c    0   0.83 210.91068 54.32112  4824.72  3135.97 2.76 2.58  21.6 -0.358    19.63 21.85 01a59206o0929c -0.200000        0
59208.639885 20.009244      NaN  -10    12 c    0   0.71 210.91068 54.32112  8797.09  1638.45 2.61 2.32 -54.2 -0.407    19.68 21.64 02a59208o0962c -0.666667        0
59208.650450 20.103715      NaN    4     9 c    0   1.16 210.91068 54.32112  8817.45  1677.43 2.61 2.33 -53.8 -0.404    19.70 21.65 02a59208o0985c  0.666667        0
59208.655955 19.631075      NaN   13    12 c    0   0.87 210.91068 54.32112  8762.90  1604.13 2.58 2.31 -55.3 -0.401    19.67 21.61 02a59208o0997c  1.250000        0
59208.664725 20.009244      NaN   -3    12 c    0   0.98 210.91068 54.32112  8744.61  1724.84 2.57 2.33 -56.4 -0.404    19.41 20.84 02a59208o1016c -0.083333        0
59228.630646 19.510313      NaN   22    11 c    0   0.88 210.91068 54.32112  7495.48  5576.80 2.68 2.51  50.3 -0.390    19.74 21.88 02a59228o0867c  2.181818        0
59228.633851 19.696897      NaN   16    10 c    0   1.28 210.91068 54.32112  7515.69  5615.11 2.71 2.51  48.7 -0.388    19.72 21.88 02a59228o0874c  1.800000        0
59228.650265 20.171596      NaN   -1    10 c    0   1.07 210.91068 54.32112  7463.57  5541.38 2.70 2.49  48.1 -0.390    19.76 21.90 02a59228o0909c  0.100000        0
59228.658974 20.137125      NaN    0    10 c    0   1.03 210.91068 54.32112  7444.36  5658.56 2.68 2.45  45.8 -0.392    19.80 21.83 02a59228o0928c  0.200000        0
59230.596813 20.321591      NaN   -5     9 c    0   1.41 210.91068 54.32112  3646.83  8744.14 2.94 2.61 -76.6 -0.397    19.72 22.31 01a59230o0856c -0.333333  4194560
59230.600047 20.207197      NaN   -7    10 c    0   1.15 210.91068 54.32112  3627.50  8706.51 2.90 2.59 -77.1 -0.395    19.77 22.33 01a59230o0863c -0.500000        0
59230.605590 20.009244      NaN   -2    12 c    0   0.84 210.91068 54.32112  3685.74  8779.88 2.80 2.62 -83.5 -0.389    19.76 22.34 01a59230o0875c  0.000000        0
59230.615358 20.103715      NaN    1    10 c    0   0.88 210.91068 54.32112  3704.19  8664.04 2.75 2.58 -80.8 -0.393    19.78 22.39 01a59230o0896c  0.300000        0
59238.585766 20.321591      NaN   -5     9 c    0   0.89 210.91068 54.32112  1135.41  5162.06 2.29 2.19 -63.9 -0.397    19.95 22.17 01a59238o0765c -0.333333   524288
59238.588065 20.449472      NaN  -15     8 c    0   1.24 210.91068 54.32112  1115.33  5124.91 2.37 2.29 -67.1 -0.389    19.94 22.16 01a59238o0770c -1.625000        0
59238.590826 20.449472      NaN  -20     8 c    0   1.02 210.91068 54.32112  1174.21  5201.91 2.39 2.33 -75.2 -0.385    19.95 22.18 01a59238o0776c -2.250000        0
59238.595897 20.244005      NaN    0     9 c    0   1.16 210.91068 54.32112  1193.26  5083.90 2.46 2.42 -78.5 -0.383    19.88 22.19 01a59238o0787c  0.222222        0
59254.582395 19.791368      NaN    6    12 c    0   0.98 210.91068 54.32112   380.46  1428.77 2.77 2.47  45.1 -0.393    19.64 22.07 01a59254o0809c  0.666667  4194560
59254.584237 19.351140      NaN   22    14 c    0   1.05 210.91068 54.32112   352.60  1394.28 2.60 2.34  67.3 -0.431    19.62 22.01 01a59254o0813c  1.714286  4194560
59254.587068 18.356290      NaN  -29    55 c    0   0.12 210.91068 54.32112   419.54  1466.85 2.53 2.31  66.1 -0.427    19.24 21.52 01a59254o0819c -0.490909     8192
59254.593104 20.039830      NaN    3    10 c    0   1.42 210.91068 54.32112   436.72  1349.16 2.51 2.28  67.8 -0.427    19.76 22.16 01a59254o0832c  0.500000     8192
59256.529166 20.449472      NaN   -3     8 c    0   1.17 210.91068 54.32112  5333.84  3570.96 2.50 2.34  47.4 -0.402    19.79 21.98 02a59256o0695c -0.125000        0
59256.532384 20.071303      NaN    2    10 c    0   0.96 210.91068 54.32112  5353.12  3610.42 2.63 2.39  45.7 -0.397    19.76 21.98 02a59256o0702c  0.400000  4194560
59256.537897 20.171596      NaN   -1    10 c    0   1.10 210.91068 54.32112  5296.71  3533.42 2.56 2.33  43.2 -0.402    19.81 21.97 02a59256o0714c  0.100000        0
59256.543014 20.244005 0.336953   27     9 c    0   1.05 210.91068 54.32112  5278.37  3649.03 2.62 2.40  46.3 -0.397    19.76 21.98 02a59256o0725c  3.222222     4096
59258.571978 20.321591      NaN  -15     9 c    0   0.98 210.91068 54.32112  7143.92  6900.27 2.55 2.52  66.4 -0.368    19.75 22.04 01a59258o0790c -1.444444        0
59258.573832 20.039830      NaN    6     9 c    0   1.02 210.91068 54.32112  7128.58  6858.05 2.73 2.59  43.8 -0.357    19.73 22.03 01a59258o0794c  0.888889        0
59258.576596 20.009244      NaN    4    10 c    0   1.17 210.91068 54.32112  7184.11  6938.02 2.70 2.64  62.7 -0.366    19.74 22.04 01a59258o0800c  0.600000        0
59258.582589 20.039830      NaN    9     8 c    0   1.43 210.91068 54.32112  7201.35  6823.53 2.52 2.48  79.1 -0.375    19.80 22.04 01a59258o0813c  1.375000        0
59262.501830 20.009244      NaN    4    10 c    0   0.89 210.91068 54.32112  7141.41  6900.54 2.40 2.25 -88.5 -0.395    19.77 21.77 01a59262o0623c  0.600000        0
59262.504607 20.207197      NaN  -22    10 c    0   1.02 210.91068 54.32112  7122.65  6860.82 2.40 2.28 -87.6 -0.390    19.78 21.82 01a59262o0629c -2.000000        0
59262.508306 20.103715      NaN    7     8 c    0   1.61 210.91068 54.32112  7181.03  6938.08 2.46 2.36  83.3 -0.379    19.75 21.86 01a59262o0637c  1.125000        0
59262.514297 20.362567      NaN    0     8 c    0   1.37 210.91068 54.32112  7199.30  6821.95 2.49 2.41  85.8 -0.374    19.77 21.85 01a59262o0650c  0.250000        0
59288.544037 19.791368      NaN   12    10 c    0   0.96 210.91068 54.32112  5482.13  8648.35 2.43 2.34  53.0 -0.408    19.81 21.80 02a59288o0704c  1.400000        0
59288.579411 20.103715      NaN    4     9 c    0   1.30 210.91068 54.32112  5459.60  8607.72 2.56 2.32  34.2 -0.396    19.77 21.76 02a59288o0780c  0.666667        0
59288.607793 19.510313      NaN  -24    19 c    0   1.03 210.91068 54.32112  5510.67  8681.53 2.61 2.36  33.4 -0.390    18.70 20.56 02a59288o0841c -1.157895   524288
59288.632589 19.950541      NaN    6    10 c    0   1.19 210.91068 54.32112  5525.61  8561.63 2.77 2.35  41.2 -0.386    19.67 21.69 02a59288o0894c  0.800000        0
59292.459472 19.791368      NaN    6    12 c    0   0.72 210.91068 54.32112  1711.27  5330.09 2.49 2.30  55.8 -0.413    19.75 21.80 02a59292o0510c  0.666667        0
59292.462673 19.652575      NaN   18    10 c    0   1.41 210.91068 54.32112  1734.43  5369.71 2.46 2.31  60.6 -0.409    19.74 21.78 02a59292o0517c  2.000000        0
59292.466844 19.841877      NaN    7    11 c    0   0.96 210.91068 54.32112  1673.85  5290.39 2.59 2.36  48.1 -0.401    19.72 21.79 02a59292o0526c  0.818182   524288
59292.473270 20.207197      NaN  -12    10 c    0   1.12 210.91068 54.32112  1655.56  5405.61 2.52 2.31  48.3 -0.405    19.74 21.81 02a59292o0540c -1.000000        0
59292.649611 19.696897      NaN   -5    16 c    0   1.05 210.91068 54.32112  8884.64  5214.88 2.51 2.32  36.5 -0.396    19.18 20.41 02a59292o0918c -0.187500        0
59310.449546 20.321591      NaN   -8     9 c    0   1.23 210.91068 54.32112  9044.11  6870.25 2.61 2.41  87.5 -0.400    20.01 21.98 01a59310o0425c -0.666667        0
59310.451851 20.207197      NaN   -5    10 c    0   1.01 210.91068 54.32112  9024.67  6830.73 2.58 2.43 -85.1 -0.392    20.03 21.99 01a59310o0430c -0.300000        0
59310.455624 20.321591      NaN  -21     9 c    0   1.14 210.91068 54.32112  9086.61  6907.68 2.54 2.41  87.3 -0.394    20.01 21.99 01a59310o0438c -2.111111  4194560
59310.464868 19.950541      NaN    6    10 c    0   0.80 210.91068 54.32112  9102.85  6791.80 2.62 2.55 -83.6 -0.385    19.96 22.08 01a59310o0457c  0.800000        0
59314.443833 20.071303      NaN    5     9 c    0   0.99 210.91068 54.32112  6537.34   985.88 2.46 2.29   5.8 -0.392    19.96 21.85 01a59314o0481c  0.777778        0
59314.445680 20.207197      NaN  -10    10 c    0   0.81 210.91068 54.32112  6518.12   946.69 2.67 2.39  -6.2 -0.369    19.94 21.88 01a59314o0485c -0.800000        0
59314.448467 19.719755      NaN   12    11 c    0   0.68 210.91068 54.32112  6579.81  1025.62 2.62 2.37  -2.3 -0.372    19.95 21.87 01a59314o0491c  1.272727        0
59314.453560 19.743105      NaN   14    10 c    0   0.94 210.91068 54.32112  6594.77   912.49 2.40 2.20 -19.0 -0.396    19.97 21.86 01a59314o0502c  1.600000        0
59318.482085 20.207197      NaN   -7    10 c    0   1.07 210.91068 54.32112  4042.02  9599.06 2.42 2.28 -41.2 -0.387    19.76 21.52 01a59318o0559c -0.500000        0
59318.517343 20.321591      NaN   -6     9 c    0   0.99 210.91068 54.32112  4069.19  9632.81 2.29 2.10 -51.5 -0.388    19.89 21.56 01a59318o0635c -0.444444        0
59318.520566 20.449472      NaN   -2     8 c    0   1.29 210.91068 54.32112  4009.71  9555.05 2.28 2.08 -45.1 -0.388    19.89 21.57 01a59318o0642c  0.000000        0
59318.543605 19.569016      NaN   22    10 c    0   1.10 210.91068 54.32112  3995.57  9668.84 2.28 2.10 -53.5 -0.387    19.86 21.46 01a59318o0691c  2.400000   524288
59322.408613 20.449472 0.361912   22     8 c    0   1.24 210.91068 54.32112  3072.79  5001.24 2.30 2.21 -81.9 -0.395    19.96 21.79 01a59322o0383c  3.000000   524288
59322.410910 20.137125      NaN    3     9 c    0   0.66 210.91068 54.32112  3052.95  4962.99 2.29 2.17 -84.0 -0.398    19.97 21.80 01a59322o0388c  0.555556        0
59322.414135 20.103715      NaN    4     9 c    0   0.71 210.91068 54.32112  3110.56  5038.57 2.24 2.12 -74.7 -0.401    19.99 21.81 01a59322o0395c  0.666667        0
59322.419674 20.207197      NaN  -11    10 c    0   0.66 210.91068 54.32112  3129.01  4923.40 2.33 2.19 -67.1 -0.399    19.92 21.79 01a59322o0407c -0.900000        0
59344.419514 19.743105      NaN   11    11 c    0   1.10 210.91068 54.32112  1124.34  5177.50 2.37 2.24 -41.1 -0.422    19.73 21.69 02a59344o0385c  1.181818   524288
59344.423635 19.696897      NaN   13    11 c    0   1.26 210.91068 54.32112  1104.79  5138.79 2.39 2.26 -41.3 -0.419    19.71 21.70 02a59344o0394c  1.363636        0
59344.429702 19.979496      NaN   -1    12 c    0   0.52 210.91068 54.32112  1165.25  5212.32 2.40 2.26 -46.4 -0.424    19.71 21.72 02a59344o0407c  0.083333        0
59344.462022 20.009244      NaN   -7    12 c    0   0.76 210.91068 54.32112  1183.41  5089.58 2.33 2.28 -18.3 -0.419    19.69 21.62 02a59344o0474c -0.416667        0
59370.364702 20.244005      NaN    3     8 c    0   1.04 210.91068 54.32112  1988.75  9663.16 2.28 2.04 -63.1 -0.402    19.99 22.07 01a59370o0279c  0.625000  8388608
59370.367930 19.841877      NaN   16     8 c    0   1.38 210.91068 54.32112  2010.17  9702.32 2.32 2.08 -64.7 -0.402    20.00 22.06 01a59370o0286c  2.250000  8388608
59370.374378 20.449472      NaN   -6     8 c    0   1.04 210.91068 54.32112  1948.03  9622.22 2.25 1.99 -65.2 -0.405    20.01 22.04 01a59370o0300c -0.500000  8388608
59370.408119 20.207197      NaN  -29    10 c    0   0.95 210.91068 54.32112  1932.60  9735.60 2.38 2.12 -61.8 -0.407    19.96 22.00 01a59370o0367c -2.700000  8388608
59374.345057 19.868040      NaN    9    10 c    0   0.92 210.91068 54.32112  1989.98  9666.04 2.45 2.21 -61.5 -0.392    19.98 22.03 01a59374o0234c  1.100000        0
59374.348286 19.894850      NaN    8    10 c    0   0.88 210.91068 54.32112  2011.34  9704.24 2.30 2.10 -65.5 -0.401    19.98 22.02 01a59374o0241c  1.000000        0
59374.353832 19.816329      NaN   11    10 c    0   0.80 210.91068 54.32112  1952.83  9625.98 2.30 2.10 -53.9 -0.390    19.99 22.02 01a59374o0253c  1.300000        0
59374.364434 20.244005      NaN    0     9 c    0   1.04 210.91068 54.32112  1932.37  9741.06 2.38 2.11 -62.3 -0.402    19.97 22.04 01a59374o0276c  0.222222        0
59378.326788 20.071303      NaN    5     9 c    0   0.94 210.91068 54.32112  5013.89  1929.46 2.15 2.08  52.9 -0.401    19.98 21.72 01a59378o0193c  0.777778        0
59378.330008 20.321591      NaN   -9     9 c    0   0.95 210.91068 54.32112  5034.78  1969.93 2.17 2.12  31.7 -0.400    19.93 21.73 01a59378o0200c -0.777778        0
59378.335546 20.039830      NaN    9     8 c    0   1.17 210.91068 54.32112  4978.81  1891.64 2.21 2.11  19.9 -0.398    19.97 21.75 01a59378o0212c  1.375000        0
59378.348438 20.362567      NaN    0     8 c    0   1.18 210.91068 54.32112  4964.20  2006.87 2.24 2.16  11.3 -0.391    19.97 21.87 01a59378o0240c  0.250000        0
59404.284177 19.841877      NaN  -23    14 c    0   0.79 210.91068 54.32112  1753.55  8926.02 2.63 1.98 -48.8 -0.449    19.74 21.54 02a59404o0088c -1.500000  4194560
59404.287411 20.103715      NaN  -11    11 c    0   0.98 210.91068 54.32112  1733.65  8887.21 2.68 2.01 -50.2 -0.440    19.73 21.54 02a59404o0095c -0.818182        0
59404.292910 20.009244      NaN  -17    12 c    0   0.91 210.91068 54.32112  1788.05  8959.91 2.61 2.07 -51.0 -0.432    19.70 21.51 02a59404o0107c -1.250000        0
59404.302990 20.009244      NaN   -8    12 c    0   1.06 210.91068 54.32112  1808.14  8840.81 2.68 2.07 -50.0 -0.437    19.66 21.51 02a59404o0129c -0.500000        0
59408.274563 19.631075      NaN    7    14 c    0   0.89 210.91068 54.32112  1756.08  8925.20 2.59 2.03 -48.8 -0.440    19.66 21.40 02a59408o0068c  0.642857        0
59408.277767 19.419021      NaN   21    13 c    0   1.01 210.91068 54.32112  1734.76  8886.03 2.61 2.15 -52.1 -0.423    19.64 21.42 02a59408o0075c  1.769231        0
59408.283262 20.207197      NaN  -14    10 c    0   1.57 210.91068 54.32112  1789.73  8960.99 2.58 2.16 -51.3 -0.430    19.62 21.42 02a59408o0087c -1.200000        0
59408.295675 19.766969      NaN    7    12 c    0   0.91 210.91068 54.32112  1811.46  8840.21 2.52 2.08 -47.9 -0.435    19.67 21.47 02a59408o0114c  0.750000        0
59426.249901 19.631075      NaN    7    14 c    0   1.20 210.91068 54.32112  6877.78  1773.39 2.36 2.16 -72.7 -0.407    19.54 20.73 01a59426o0032c  0.642857        0
59426.253177 20.103715      NaN   -9    11 c    0   1.05 210.91068 54.32112  6896.81  1813.39 2.40 2.20 -74.4 -0.404    19.71 21.20 01a59426o0039c -0.636364        0
59426.258716 20.362567      NaN    0     8 c    0   1.36 210.91068 54.32112  6842.54  1738.29 2.29 2.16 -72.6 -0.405    19.86 21.60 01a59426o0051c  0.250000        0
59426.272762 20.449472      NaN  -22     8 c    0   1.13 210.91068 54.32112  6826.43  1855.88 2.31 2.17 -74.9 -0.407    19.88 21.67 01a59426o0081c -2.500000   524288
59430.242183 19.063754      NaN    3    27 c    0   1.01 210.91068 54.32112  6877.94  1778.05 2.31 2.17 -36.2 -0.390    18.64 19.07 01a59430o0020c  0.185185        0
59430.244954 19.197966      NaN    8    22 c    0   0.96 210.91068 54.32112  6898.10  1814.56 2.29 2.14 -75.3 -0.400    19.10 19.81 01a59430o0026c  0.454545        0
59430.250541 20.282105      NaN   -1     9 c    0   1.34 210.91068 54.32112  6846.73  1740.56 2.31 2.15 -75.1 -0.398    19.66 20.96 01a59430o0038c  0.111111        0
59430.260749 20.207197      NaN  -12    10 c    0   1.24 210.91068 54.32112  6828.42  1855.58 2.35 2.19 -80.1 -0.402    19.86 21.60 01a59430o0060c -1.000000        0
59434.246925 19.384550      NaN   11    17 c    0   0.78 210.91068 54.32112  9423.31  5333.08 2.85 2.42 -84.2 -0.365    19.33 20.53 01a59434o0034c  0.764706   524288
59434.250609 20.207197      NaN  -18    10 c    0   1.98 210.91068 54.32112  9443.62  5368.21 2.84 2.40 -87.2 -0.376    19.54 21.12 01a59434o0042c -1.600000        0
59434.256155 20.103715      NaN  -12    11 c    0   1.06 210.91068 54.32112  9385.09  5298.09 2.78 2.39 -81.9 -0.380    19.71 21.52 01a59434o0054c -0.909091        0
59434.267220 20.321591      NaN  -14     9 c    0   1.28 210.91068 54.32112  9368.56  5417.18 2.50 2.22 -79.5 -0.399    19.85 21.64 01a59434o0078c -1.333333        0
59588.641428 20.009244      NaN   -9    12 c    0   1.19 210.91068 54.32112  3835.05  7432.57 2.64 2.40  46.7 -0.398    19.65 21.81 02a59588o0978c -0.583333        0
59588.646929 20.009244      NaN  -13    12 c    0   1.15 210.91068 54.32112  3855.90  7470.98 2.57 2.39  44.6 -0.407    19.61 21.81 02a59588o0990c -0.916667        0
59588.658083 19.766969      NaN    4    13 c    0   0.81 210.91068 54.32112  3796.07  7391.73 2.56 2.35  45.7 -0.405    19.61 21.75 02a59588o1014c  0.461538        0
59588.665789 19.922338      NaN  -10    13 c    0   0.80 210.91068 54.32112  3772.67  7511.27 2.65 2.37  46.6 -0.397    19.46 21.22 02a59588o1030c -0.615385        0
59615.558656 19.589310      NaN   15    12 c    0   0.75 210.91068 54.32112  1523.68  3688.64 2.42 2.36  62.5 -0.422    19.60 21.48 02a59615o0775c  1.416667        0
59615.561412 20.103715      NaN  -27    11 c    0   1.37 210.91068 54.32112  1543.36  3727.68 2.41 2.34  54.9 -0.424    19.61 21.49 02a59615o0781c -2.272727  4194560
59615.564167 20.103715      NaN  -12    11 c    0   1.01 210.91068 54.32112  1484.90  3647.89 2.54 2.37  44.4 -0.418    19.59 21.49 02a59615o0787c -0.909091        0
59615.571520 19.816329      NaN    5    12 c    0   0.82 210.91068 54.32112  1467.51  3762.89 2.45 2.37  59.1 -0.420    19.60 21.51 02a59615o0803c  0.583333   524288
59619.586609 19.367717      NaN   27    12 c    0   1.08 210.91068 54.32112  4021.79  9584.00 2.54 2.48  49.1 -0.406    19.67 21.67 02a59619o0807c  2.416667        0
59619.588435 19.841877      NaN  -13    14 c    0   0.81 210.91068 54.32112  4041.73  9623.53 2.57 2.47  49.9 -0.405    19.66 21.67 02a59619o0811c -0.785714        0
59619.592559 19.841877      NaN  -10    14 c    0   0.77 210.91068 54.32112  3979.41  9544.49 2.64 2.44  46.4 -0.396    19.63 21.67 02a59619o0820c -0.571429        0
59619.610269 19.766969      NaN   -5    15 c    0   0.90 210.91068 54.32112  3958.17  9661.95 2.66 2.46  42.7 -0.396    19.65 21.62 02a59619o0858c -0.200000        0
59639.510262 19.841877      NaN   -6    14 c    0   0.68 210.91068 54.32112  1835.12  7487.12 2.33 2.28  62.7 -0.428    19.73 21.72 02a59639o0653c -0.285714        0
59639.513468 19.868040      NaN    0    13 c    0   0.80 210.91068 54.32112  1855.13  7527.32 2.44 2.32  41.6 -0.416    19.69 21.70 02a59639o0660c  0.153846        0
59639.516215 19.589310      NaN   21    10 c    0   1.12 210.91068 54.32112  1795.66  7446.24 2.32 2.27  61.1 -0.433    19.71 21.71 02a59639o0666c  2.300000        0
59639.522156 19.816329      NaN    8    11 c    0   1.28 210.91068 54.32112  1775.63  7562.15 2.35 2.31  70.7 -0.429    19.72 21.72 02a59639o0679c  0.909091        0
59643.579606 19.510313      NaN   13    14 c    0   0.94 210.91068 54.32112   801.38  3034.39 2.23 2.10   6.6 -0.449    19.23 21.76 02a59643o0746c  1.071429        0
59643.582534 20.009244      NaN  -15    12 c    0   1.31 210.91068 54.32112   779.75  2993.86 2.24 2.12   2.1 -0.448    19.21 21.75 02a59643o0752c -1.083333        0
59643.617736 19.841877      NaN   -4    14 c    0   1.19 210.91068 54.32112   838.14  3067.34 2.33 2.09  30.0 -0.440    19.25 21.72 02a59643o0823c -0.142857        0
59643.623182 19.922338      NaN   -4    13 c    0   1.16 210.91068 54.32112   859.23  2945.51 2.25 2.12   8.6 -0.448    19.22 21.71 02a59643o0834c -0.153846        0
59647.511394 19.155932      NaN   11    22 c    0   1.03 210.91068 54.32112  9786.31  7536.87 2.70 2.33  86.7 -0.448    18.96 21.75 02a59647o0432c  0.590909   524288
59647.514333 19.454622      NaN   -5    20 c    0   1.01 210.91068 54.32112  9807.45  7574.17 2.73 2.33  80.0 -0.441    18.94 21.77 02a59647o0438c -0.150000   524288
59647.519354 18.110074      NaN  -31    69 c    0   0.89 210.91068 54.32112  9748.41  7501.52 2.65 2.37  79.9 -0.451    17.72 20.47 02a59647o0448c -0.420290        0
59647.539712 19.183773      NaN    9    22 c    0   0.81 210.91068 54.32112  9733.20  7621.61 2.89 2.56  68.1 -0.421    18.89 21.75 02a59647o0488c  0.500000        0
59671.401837 19.841877      NaN   -6    14 c    0   1.10 210.91068 54.32112  3610.48  5805.03 2.72 2.52  41.0 -0.395    19.49 21.62 02a59671o0314c -0.285714        0
59671.428617 19.472870      NaN   15    14 c    0   0.99 210.91068 54.32112  3644.44  5842.35 2.79 2.53  42.7 -0.393    19.53 21.63 02a59671o0371c  1.214286   524288
59671.431827 19.652575      NaN    0    16 c    0   0.83 210.91068 54.32112  3586.53  5768.02 2.92 2.59  44.1 -0.385    19.45 21.63 02a59671o0378c  0.125000        0
59671.437311 19.816329      NaN   -1    14 c    0   1.18 210.91068 54.32112  3566.84  5884.80 2.95 2.56  40.6 -0.386    19.42 21.63 02a59671o0390c  0.071429   524288
59675.445368 17.081147      NaN -364   178 c    0   1.74 210.91068 54.32112  1931.67  9609.11 2.53 2.40  40.5 -0.389    16.29 18.27 02a59675o0501c -2.033708  4196354
59675.451766 18.757738      NaN  -51    38 c    0   1.32 210.91068 54.32112  1911.35  9725.12 2.40 2.35  28.6 -0.457    18.45 20.52 02a59675o0515c -1.289474   532480
59679.432660 19.212347      NaN    7    22 c    0   1.03 210.91068 54.32112  1967.98  9648.88 2.53 2.39  41.3 -0.435    18.97 20.69 02a59679o0440c  0.409091        0
59679.438161 19.256669      NaN  -28    24 c    0   0.85 210.91068 54.32112  1988.44  9687.04 2.48 2.38  33.3 -0.440    18.97 20.71 02a59679o0452c -1.083333        0
59679.439989 19.102305      NaN   12    23 c    0   1.28 210.91068 54.32112  1927.46  9606.94 2.48 2.36  33.2 -0.449    18.99 20.72 02a59679o0456c  0.608696        0
59679.445014 19.351140      NaN    1    21 c    0   1.01 210.91068 54.32112  1905.48  9724.62 2.48 2.41  31.0 -0.442    19.00 20.75 02a59679o0467c  0.142857        0
59695.447397 19.922338      NaN  -11    13 c    0   1.23 210.91068 54.32112  8867.85  5239.45 2.73 2.49  32.2 -0.401    19.49 21.38 02a59695o0478c -0.692308        0
59695.450623 19.922338      NaN  -13    13 c    0   1.08 210.91068 54.32112  8848.39  5199.12 2.66 2.39  33.1 -0.403    19.51 21.38 02a59695o0485c -0.846154        0
59695.485942 19.631075      NaN    4    15 c    0   0.78 210.91068 54.32112  8898.38  5278.49 2.75 2.44  30.0 -0.390    19.47 21.34 02a59695o0561c  0.400000   524288
59695.514381 19.569016      NaN   -8    18 c    0   1.08 210.91068 54.32112  8915.41  5162.96 2.77 2.40  28.4 -0.395    19.02 20.86 02a59695o0622c -0.333333   524288
59699.416003 16.081428      NaN -493   447 c    0   0.82 210.91068 54.32112  3343.33  7118.50 2.64 2.33  24.5 -0.397    15.53 16.82 02a59699o0410c -1.098434  4196354
59699.419220 18.878500      NaN -101    34 c    0   1.57 210.91068 54.32112  3326.17  7083.14 2.59 2.33  26.3 -0.397    18.25 19.68 02a59699o0417c -2.911765     8192
59699.424739 17.558604      NaN   84    86 c    0   1.39 210.91068 54.32112  3382.09  7157.09 2.63 2.33  24.3 -0.400    17.23 18.61 02a59699o0429c  1.000000     8192
59699.459844 18.955691      NaN   33    20 c    0   1.49 210.91068 54.32112  3387.74  7038.05 2.58 2.25  27.3 -0.396    18.82 20.34 02a59699o0505c  1.750000  4194560
59723.379391 19.419021      NaN   21    13 c    0   0.82 210.91068 54.32112  5022.70  4877.39 2.69 2.33  28.8 -0.399    19.57 21.29 02a59723o0312c  1.769231        0
59723.382603 19.454622      NaN   13    15 c    0   0.77 210.91068 54.32112  4999.93  4836.21 2.96 2.46  29.7 -0.388    19.52 21.28 02a59723o0319c  1.000000        0
59723.388089 20.103715      NaN  -18    11 c    0   1.14 210.91068 54.32112  5060.87  4914.48 2.69 2.30  28.5 -0.402    19.58 21.25 02a59723o0331c -1.454545        0
59723.400898 19.841877      NaN    1    13 c    0   0.86 210.91068 54.32112  5079.50  4800.35 2.76 2.37  26.9 -0.397    19.55 21.26 02a59723o0359c  0.230769        0
59727.350487 18.063866      NaN  -76    72 c    0   1.35 210.91068 54.32112  5027.24  4883.52 2.68 2.28  31.0 -0.398    17.52 18.91 02a59727o0248c -1.027778        0
59727.353687 18.836735      NaN   17    29 c    0   0.84 210.91068 54.32112  5007.63  4844.15 2.65 2.25  29.9 -0.401    18.58 20.08 02a59727o0255c  0.655172        0
59727.360089 18.417189      NaN   -5    52 c    0   1.48 210.91068 54.32112  5065.52  4919.73 2.64 2.25  30.7 -0.403    17.59 18.92 02a59727o0269c -0.057692  4194560
59727.371522 18.317510      NaN   34    45 c    0   1.31 210.91068 54.32112  5086.28  4802.38 2.81 2.30  31.3 -0.389    18.00 19.43 02a59727o0294c  0.800000   524288
59731.393020 19.922338      NaN   -9    13 c    0   0.97 210.91068 54.32112  3614.25  8765.60 2.74 2.68  34.9 -0.391    19.54 21.53 02a59731o0172c -0.538462        0
59731.398541 19.696897      NaN   -2    16 c    0   0.69 210.91068 54.32112  3594.21  8726.43 2.84 2.66  42.4 -0.386    19.56 21.51 02a59731o0184c  0.000000        0
59731.401810 19.816329      NaN   -1    14 c    0   0.81 210.91068 54.32112  3650.81  8803.39 2.61 2.58  48.0 -0.392    19.59 21.52 02a59731o0191c  0.071429        0
59731.414645 19.609992      NaN    2    16 c    0   0.68 210.91068 54.32112  3668.34  8682.65 2.70 2.54  25.1 -0.395    19.57 21.46 02a59731o0219c  0.250000        0
59751.314809 20.103715      NaN   -6    11 c    0   0.93 210.91068 54.32112  4522.62  1096.99 2.41 2.29  78.4 -0.428    19.65 21.48 02a59751o0156c -0.363636        0
59751.318028 19.719755      NaN   15    10 c    0   1.10 210.91068 54.32112  4502.40  1060.59 2.38 2.26  73.9 -0.429    19.63 21.48 02a59751o0163c  1.700000        0
59751.323522 20.449472      NaN  -14     8 c    0   2.14 210.91068 54.32112  4563.67  1135.78 2.33 2.24  79.7 -0.430    19.66 21.47 02a59751o0175c -1.500000        0
59751.334507 19.719755      NaN   15    10 c    0   1.30 210.91068 54.32112  4584.98  1023.55 2.51 2.36  84.1 -0.424    19.64 21.45 02a59751o0199c  1.700000        0
59783.267980 20.009244      NaN   -2    12 c    0   1.03 210.91068 54.32112  1471.24  6799.36 2.40 2.26 -40.2 -0.429    19.57 21.12 02a59783o0058c  0.000000        0
59783.271622 19.589310      NaN   15    12 c    0   1.46 210.91068 54.32112  1452.03  6760.29 2.58 2.37 -48.9 -0.423    19.53 21.16 02a59783o0066c  1.416667        0
59783.278464 19.696897      NaN   10    12 c    0   0.91 210.91068 54.32112  1508.31  6835.98 2.47 2.25 -47.2 -0.430    19.60 21.20 02a59783o0081c  1.000000        0
59783.292955 20.103715      NaN  -15    11 c    0   1.13 210.91068 54.32112  1527.30  6715.67 2.37 2.17 -49.1 -0.441    19.57 21.12 02a59783o0113c -1.181818        0
59787.293213 20.103715      NaN  -15    11 c    0   1.74 210.91068 54.32112  6739.07  3143.67 2.82 2.75  54.4 -0.404    19.41 21.28 02a59787o0117c -1.181818        0
59787.297291 19.589310      NaN    6    15 c    0   0.88 210.91068 54.32112  6718.83  3101.11 2.90 2.84  54.8 -0.387    19.39 21.27 02a59787o0126c  0.533333   524288
59787.303716 19.454622      NaN   13    15 c    0   1.04 210.91068 54.32112  6776.47  3176.52 2.86 2.76  41.3 -0.390    19.42 21.26 02a59787o0140c  1.000000        0
59787.318300 19.454622      NaN   10    16 c    0   0.67 210.91068 54.32112  6797.72  3058.31 2.85 2.72  38.2 -0.390    19.44 21.27 02a59787o0172c  0.750000   524288
59811.240646 18.816441      NaN  -19    36 c    0   1.31 210.91068 54.32112  9039.57  6897.38 2.67 2.41  28.6 -0.410    18.72 19.75 02a59811o0025c -0.472222        0
59811.243827 19.089302      NaN   25    19 c    0   1.64 210.91068 54.32112  9019.03  6855.51 2.59 2.44  26.7 -0.415    19.14 20.36 02a59811o0032c  1.421053        0
59811.251095 19.696897      NaN  -13    16 c    0   0.81 210.91068 54.32112  9077.73  6933.59 2.65 2.50  25.0 -0.411    19.43 21.04 02a59811o0048c -0.687500        0
59811.262036 19.696897      NaN  -36    16 c    0   0.68 210.91068 54.32112  9096.00  6815.39 2.61 2.49  24.1 -0.418    19.49 21.14 02a59811o0072c -2.125000        0
59819.241262 19.549093      NaN    5    16 c    0   0.98 210.91068 54.32112  6579.45   995.98 2.36 2.22  58.4 -0.407    19.14 20.53 02a59819o0037c  0.437500        0
59819.246702 19.922338      NaN   -5    13 c    0   1.02 210.91068 54.32112  6558.18   956.14 2.35 2.24  85.2 -0.415    19.34 20.93 02a59819o0049c -0.230769        0
59819.249867 19.841877      NaN  -19    14 c    0   1.13 210.91068 54.32112  6619.09  1036.27 2.52 2.40  83.6 -0.398    19.35 21.00 02a59819o0056c -1.214286        0
59819.259883 19.197966      NaN   29    15 c    0   0.95 210.91068 54.32112  6641.86   918.89 2.40 2.23 -75.1 -0.426    19.37 21.05 02a59819o0078c  2.066667        0
59841.218401 18.459772      NaN  -70    50 c    0   1.20 210.91068 54.32112  6974.30  9553.05 3.07 2.87  65.7 -0.352    17.82 19.42 01a59841o0022c -1.360000        0
59841.222104 18.711133      NaN   33    28 c    0   1.18 210.91068 54.32112  6995.09  9593.81 3.06 2.87  69.5 -0.351    18.50 20.18 01a59841o0030c  1.250000        0
59841.232292 19.197966      NaN    8    22 c    0   0.75 210.91068 54.32112  6933.08  9522.10 3.10 2.92  72.9 -0.347    18.98 20.90 01a59841o0052c  0.454545        0
59841.238300 19.569016      NaN  -14    18 c    0   1.40 210.91068 54.32112  6912.94  9638.94 3.11 2.95  71.8 -0.345    19.00 20.95 01a59841o0065c -0.666667        0
59999.634833 18.757738      NaN   34    26 c    0   1.03 210.91068 54.32112  9223.18  9037.00 2.78 2.66  59.5 -0.390    18.65 20.44 02a59999o0111c  1.384615   524288
59999.637641 18.847027      NaN   22    27 c    0   0.88 210.91068 54.32112  9203.92  8994.76 2.79 2.68  52.0 -0.385    18.85 20.68 02a59999o0117c  0.888889   524288
59999.650179 19.169763      NaN   -8    26 c    0   1.00 210.91068 54.32112  9258.08  9075.22 2.79 2.58  41.9 -0.388    18.66 20.40 02a59999o0142c -0.230769   524288
59999.656837 19.302877      NaN  -55    23 c    0   1.02 210.91068 54.32112  9275.22  8956.44 2.74 2.67  55.7 -0.387    18.85 20.61 02a59999o0155c -2.304348  4194560
60048.393577 20.009244      NaN   -8    12 c    0   0.98 210.91068 54.32112  5672.76  7347.40 2.59 2.31  44.1 -0.410    19.52 21.42 02a60048o0341c -0.500000        0
60048.395386 19.922338      NaN    1    12 c    0   1.21 210.91068 54.32112  5692.79  7386.09 2.59 2.33  43.3 -0.410    19.55 21.42 02a60048o0345c  0.250000        0
60048.401280 19.652575      NaN    9    13 c    0   0.63 210.91068 54.32112  5634.08  7309.66 2.64 2.34  41.5 -0.408    19.55 21.43 02a60048o0357c  0.846154        0
60048.436787 19.318728      NaN   24    14 c    0   0.92 210.91068 54.32112  5615.77  7429.03 2.60 2.30  36.8 -0.410    19.59 21.48 02a60048o0428c  1.857143        0
60050.476350 19.696897      NaN    1    15 c    0   1.14 210.91068 54.32112  7502.72  9068.93 2.56 2.41  41.1 -0.420    19.44 21.13 02a60050o0512c  0.200000        0
60050.479980 19.766969      NaN   -5    15 c    0   1.29 210.91068 54.32112  7483.19  9027.54 2.54 2.42  44.4 -0.415    19.18 20.81 02a60050o0520c -0.200000   524288
60050.515339 19.841877      NaN  -10    14 c    0   1.13 210.91068 54.32112  7537.90  9102.27 2.58 2.38  37.8 -0.409    19.51 21.22 02a60050o0595c -0.571429        0
60050.521155 19.510313      NaN   10    15 c    0   0.97 210.91068 54.32112  7555.98  8982.30 2.62 2.41  36.5 -0.410    19.50 21.21 02a60050o0607c  0.800000   524288
60052.473293 20.009244      NaN   -8    12 c    0   1.24 210.91068 54.32112  5216.47  4868.28 2.42 2.19  34.8 -0.405    19.31 20.97 02a60052o0517c -0.500000   524288
60052.476484 19.419021      NaN    6    18 c    0   1.37 210.91068 54.32112  5196.85  4828.70 2.52 2.21  29.4 -0.396    19.08 20.78 02a60052o0524c  0.444444        0
60052.509238 19.791368      NaN    3    13 c    0   1.17 210.91068 54.32112  5256.96  4898.03 2.54 2.21  32.3 -0.401    19.45 21.04 02a60052o0592c  0.384615        0
60052.515613 19.589310      NaN    9    14 c    0   0.98 210.91068 54.32112  5277.98  4779.68 2.56 2.21  33.7 -0.395    19.42 20.99 02a60052o0605c  0.785714        0
60056.426687 19.609992      NaN    8    14 c    0   1.29 210.91068 54.32112  1327.85  5163.68 2.48 2.28  20.2 -0.422    19.44 21.06 02a60056o0426c  0.714286        0
60056.430308 19.384550      NaN   14    16 c    0   1.02 210.91068 54.32112  1309.50  5123.34 2.60 2.46  11.8 -0.417    19.37 21.05 02a60056o0434c  1.000000        0
60056.465450 19.791368      NaN    9    11 c    0   1.32 210.91068 54.32112  1361.78  5191.08 2.42 2.22  20.0 -0.426    19.49 21.06 02a60056o0509c  1.000000        0
60056.470537 20.009244      NaN    1    11 c    0   1.42 210.91068 54.32112  1383.68  5072.37 2.42 2.23  16.8 -0.423    19.47 21.04 02a60056o0520c  0.272727        0
60058.400358 19.696897      NaN    1    15 c    0   0.98 210.91068 54.32112  5913.17  9486.06 2.76 2.42  41.3 -0.397    19.41 21.02 02a60058o0368c  0.200000        0
60058.403081 19.841877      NaN  -20    14 c    0   1.00 210.91068 54.32112  5934.30  9523.10 2.74 2.41  37.3 -0.401    19.44 21.03 02a60058o0374c -1.285714   524288
60058.406260 19.841877      NaN   -8    14 c    0   1.51 210.91068 54.32112  5872.26  9447.68 2.79 2.42  42.0 -0.393    19.44 21.03 02a60058o0381c -0.428571        0
60058.412604 19.922338      NaN  -26    13 c    0   1.28 210.91068 54.32112  5851.48  9567.22 2.73 2.40  39.1 -0.397    19.44 21.03 02a60058o0395c -1.846154  4194560
60076.451715 20.071303      NaN    2    10 c    0   1.23 210.91068 54.32112  6747.19   982.41 2.33 2.17 -71.8 -0.422    19.51 21.04 02a60076o0241c  0.400000        0
60076.455118 19.631075      NaN   13    12 c    0   1.05 210.91068 54.32112  6728.04   944.58 2.31 2.12 -75.3 -0.429    19.50 21.03 02a60076o0248c  1.250000        0
60076.458122 20.009244      NaN   -5    12 c    0   1.03 210.91068 54.32112  6789.58  1024.24 2.32 2.11 -72.6 -0.428    19.54 21.05 02a60076o0254c -0.250000        0
60076.463264 19.868040      NaN    3    12 c    0   1.34 210.91068 54.32112  6809.21   902.32 2.30 2.12 -80.4 -0.428    19.48 21.02 02a60076o0264c  0.416667        0
60078.380061 19.816329      NaN   14     9 c    0   1.59 210.91068 54.32112  3256.87  4983.18 2.32 2.16  25.3 -0.414    19.63 21.30 02a60078o0314c  1.777778        0
60078.383226 20.039830      NaN    3    10 c    0   1.15 210.91068 54.32112  3237.58  4947.78 2.29 2.16  18.9 -0.423    19.62 21.30 02a60078o0321c  0.500000        0
60078.390093 20.009244      NaN   -2    12 c    0   0.94 210.91068 54.32112  3296.32  5023.07 2.29 2.15  24.6 -0.417    19.59 21.30 02a60078o0336c  0.000000        0
60078.401655 19.766969      NaN   13    10 c    0   1.34 210.91068 54.32112  3316.77  4904.68 2.34 2.16  23.4 -0.418    19.61 21.34 02a60078o0361c  1.500000        0