tnsname control_id           ra         dec   ra_offset  dec_offset    radius n_detec n_detec_o n_detec_c
2023ixf          0 210.91068333 54.31167222           0           0         0    2399      1865       534
    NaN          0 210.92687263 54.31167222  0.01618930  0.00000000 34 arcsec    2405      1870       535
    NaN          1 210.92564029 54.31528645  0.01495696  0.00361423 34 arcsec    2408      1872       536
    NaN          2 210.92213090 54.31835045  0.01144756  0.00667823 34 arcsec    2407      1871       536
    NaN          3 210.91687871 54.32039775  0.00619538  0.00872553 34 arcsec    2405      1869       536
    NaN          4 210.91068333 54.32111667  0.00000000  0.00944444 34 arcsec    2406      1871       535
    NaN          5 210.90448796 54.32039775 -0.00619538  0.00872553 34 arcsec    2405      1870       535
    NaN          6 210.89923577 54.31835045 -0.01144756  0.00667823 34 arcsec    2401      1867       534
    NaN          7 210.89572637 54.31528645 -0.01495696  0.00361423 34 arcsec    2403      1869       534
    NaN          8 210.89449403 54.31167222 -0.01618930  0.00000000 34 arcsec    2402      1869       533
    NaN          9 210.89572637 54.30805799 -0.01495696 -0.00361423 34 arcsec    2400      1867       533
    NaN         10 210.89923577 54.30499399 -0.01144756 -0.00667823 34 arcsec    2398      1864       534
    NaN         11 210.90448796 54.30294669 -0.00619538 -0.00872553 34 arcsec    2399      1865       534
    NaN         12 210.91068333 54.30222778 -0.00000000 -0.00944444 34 arcsec    2398      1863       535
    NaN         13 210.91687871 54.30294669  0.00619538 -0.00872553 34 arcsec    2400      1865       535
    NaN         14 210.92213090 54.30499399  0.01144756 -0.00667823 34 arcsec    2402      1867       535
    NaN         15 210.92564029 54.30805799  0.01495696 -0.00361423 34 arcsec    2405      1870       535