         MJD         m       dm  uJy  duJy F  err  chi/N        RA      Dec        x        y  maj  min   phi  apfit  mag5sig   Sky            Obs  __tmp_SN     Mask
57396.587948 19.549093      NaN   -7    17 c    0   2.34 210.92564 54.31529  7767.12  2249.07 3.99 3.60   8.0 -0.427    19.59 21.57 02a57396o0607c  0.235294   524288
57396.598947 19.128787      NaN   13    19 c    0   1.99 210.92564 54.31529  7480.80  1676.14 4.10 3.60   5.2 -0.444    19.60 21.58 02a57396o0625c  1.263158   524288
57396.614233 18.729535      NaN    1    35 c    0   1.51 210.92564 54.31529  8294.33  2819.99 3.80 3.60  20.4 -0.418    19.60 21.56 02a57396o0650c  0.342857   524288
57396.627717 17.949472      NaN  106    41 c    0   1.47 210.92564 54.31529  8556.84  1058.51 4.33 3.66  11.2 -0.431    19.59 21.57 02a57396o0672c  2.853659   524288
57424.598946 19.038793      NaN   26    17 c    0   1.91 210.92564 54.31529  8265.68  1574.79 4.32 3.76  10.4 -0.440    19.70 21.79 02a57424o0633c  2.176471        0
57424.604067 19.631075      NaN  -19    17 c    0   1.90 210.92564 54.31529  8529.61  2144.83 4.25 3.83  15.3 -0.423    19.68 21.79 02a57424o0641c -0.470588        0
57424.621336 19.026525      NaN   27    17 c    0   2.20 210.92564 54.31529  7374.34  2762.72 4.01 3.71  10.0 -0.415    19.70 21.79 02a57424o0667c  2.235294   524288
57424.633626 19.115465      NaN   23    16 c    0   1.46 210.92564 54.31529  7297.29  2856.59 3.97 3.67  11.5 -0.418    19.70 21.79 02a57424o0685c  2.125000        0
57448.521048 18.910912      NaN   16    24 c    0   1.23 210.92564 54.31529  7932.30  1765.78 4.00 3.65  15.1 -0.450    19.26 20.81 02a57448o0458c  1.125000        0
57448.543577 19.351140      NaN  -30    22 c    0   1.48 210.92564 54.31529  8224.23  2346.04 3.94 3.73  23.2 -0.440    19.21 20.77 02a57448o0497c -0.863636   524288
57448.565924 19.302877      NaN  -25    23 c    0   1.25 210.92564 54.31529  7083.51  2968.52 4.38 3.91  -1.1 -0.389    19.09 20.75 02a57448o0536c -0.608696        0
57448.596475 19.197966      NaN   -1    22 c    0   1.88 210.92564 54.31529  3344.65  7829.64 3.87 3.61 -70.3 -0.422    19.20 20.80 02a57448o0592c  0.454545        0
57449.515332 19.271854      NaN    0    20 c    0   1.84 210.92564 54.31529  8169.03  1716.35 4.04 3.63  15.6 -0.462    19.45 21.19 02a57449o0610c  0.550000        0
57449.538360 19.384550      NaN   -7    20 c    0   1.45 210.92564 54.31529  8467.37  2294.15 3.82 3.59  30.6 -0.457    19.42 21.11 02a57449o0650c  0.200000        0
57449.558557 19.569016      NaN  -14    18 c    0   1.72 210.92564 54.31529  7326.90  2922.04 3.78 3.62  15.2 -0.427    19.39 21.07 02a57449o0688c -0.166667        0
57449.570520 19.454622      NaN  -45    20 c    0   1.36 210.92564 54.31529  7308.77  2861.39 3.76 3.57  18.3 -0.439    19.39 21.06 02a57449o0709c -1.700000        0
57458.509881 18.796518      NaN   39    20 c    0   1.38 210.92564 54.31529  8251.56  1568.86 4.32 3.77  15.5 -0.446    19.65 21.70 02a57458o0606c  2.500000   524288
57458.513259 19.271854      NaN    6    18 c    0   1.78 210.92564 54.31529  8537.37  2137.57 4.21 3.91  23.9 -0.426    19.61 21.68 02a57458o0613c  0.944444        0
57458.536888 18.900000      NaN   38    17 c    0   1.63 210.92564 54.31529  7410.40  2763.47 4.12 3.83   2.2 -0.403    19.60 21.68 02a57458o0653c  2.882353  4195328
57458.567769 19.472870      NaN   -3    17 c    0   1.90 210.92564 54.31529  3340.95  7827.55 3.85 3.61 -72.8 -0.421    19.64 21.68 02a57458o0708c  0.470588   524288
57488.426551 19.569016      NaN  -63    18 c    0   1.71 210.92564 54.31529  8383.90  1641.13 4.32 3.81  20.2 -0.478    19.60 21.59 02a57488o0373c -2.888889  8916992
57488.444090 19.472870      NaN   -3    17 c    0   2.18 210.92564 54.31529  8671.24  2197.53 4.18 3.80  29.7 -0.461    19.60 21.61 02a57488o0405c  0.470588  8388608
57488.465855 19.256669 0.301593   61    20 c    0   1.64 210.92564 54.31529  7549.31  2844.72 4.06 3.72  15.8 -0.447    19.57 21.56 02a57488o0444c  3.600000  8916992
57488.475297 19.401649      NaN   -5    19 c    0   2.08 210.92564 54.31529  3326.99  7819.21 3.99 3.61 -64.9 -0.438    19.55 21.54 02a57488o0460c  0.315789  8388608
57512.362600 19.384550      NaN   -7    20 c    0   1.55 210.92564 54.31529  9571.49  2707.64 4.67 4.15  38.4 -0.436    19.51 21.58 02a57512o0305c  0.200000        0
57512.371077 19.063754      NaN   15    20 c    0   1.47 210.92564 54.31529  9594.39  2743.94 4.57 4.08  39.7 -0.441    19.53 21.60 02a57512o0322c  1.300000   524288
57512.373986 18.910912      NaN   28    20 c    0   1.76 210.92564 54.31529   387.54  2633.25 5.06 3.82 -34.1 -0.413    19.58 21.60 02a57512o0328c  1.950000   524288
57512.383392 19.302877      NaN    1    19 c    0   1.71 210.92564 54.31529   407.38  2670.41 5.10 3.92 -33.9 -0.414    19.54 21.60 02a57512o0347c  0.631579        0
57512.386899 19.491430      NaN   -7    18 c    0   1.62 210.92564 54.31529   969.18  7900.79 4.46 3.82 -58.3 -0.428    19.55 21.63 02a57512o0354c  0.222222   524288
57512.388945 19.401649      NaN    1    17 c    0   2.80 210.92564 54.31529   341.53  2593.97 5.15 3.88 -31.4 -0.404    19.57 21.61 02a57512o0358c  0.705882   524288
57512.397027 19.631075      NaN  -11    17 c    0   2.60 210.92564 54.31529   999.66  7781.55 4.39 3.76 -57.8 -0.428    19.55 21.60 02a57512o0374c  0.000000   524288
57512.407432 19.510313      NaN  -15    19 c    0   1.64 210.92564 54.31529 10190.56  7845.20 4.60 3.71  81.1 -0.426    19.54 21.62 02a57512o0395c -0.210526        0
57512.416849 19.002397      NaN   26    18 c    0   2.72 210.92564 54.31529  3601.21  8653.80 4.15 3.80 -61.8 -0.410    19.52 21.58 02a57512o0414c  2.055556        0
57515.371866 19.142275      NaN    3    22 c    0   1.45 210.92564 54.31529  1943.45   506.32 5.36 3.74 -16.2 -0.483    19.58 21.68 02a57515o0321c  0.636364        0
57515.372987 18.496580      NaN   50    28 c    0   1.69 210.92564 54.31529  7401.40   260.82 5.30 3.91  10.4 -0.491    19.61 21.70 02a57515o0323c  2.178571   524288
57515.374441 19.401649      NaN   -2    18 c    0   1.97 210.92564 54.31529  8571.49 10094.06 4.30 3.86  75.5 -0.415    19.60 21.66 02a57515o0326c  0.500000   524288
57515.383262 19.063754      NaN   15    20 c    0   1.47 210.92564 54.31529  3089.55 10267.00 4.24 3.95 -48.3 -0.399    19.61 21.73 02a57515o0344c  1.300000        0
57515.385734 19.401649      NaN  -38    21 c    0   1.55 210.92564 54.31529  8499.90 10014.55 4.17 3.76  74.6 -0.422    19.61 21.65 02a57515o0348c -1.285714        0
57515.386824 19.302877      NaN    1    19 c    0   2.06 210.92564 54.31529  3141.62 10351.46 4.28 3.97 -54.1 -0.401    19.61 21.70 02a57515o0350c  0.631579        0
57515.400161 19.115465      NaN   14    19 c    0   2.05 210.92564 54.31529  3176.12 10231.23 4.17 3.92 -48.3 -0.390    19.61 21.69 02a57515o0376c  1.315789   524288
57515.402098 19.351140      NaN   -8    21 c    0   1.66 210.92564 54.31529  2025.15   432.08 5.17 3.65 -16.1 -0.485    19.58 21.64 02a57515o0380c  0.142857   524288
57515.409082 19.401649      NaN  -14    21 c    0   1.89 210.92564 54.31529  1976.41   494.74 5.24 3.65 -15.1 -0.478    19.58 21.61 02a57515o0393c -0.142857        0
57515.410533 19.155932      NaN   11    19 c    0   1.68 210.92564 54.31529  3135.18 10294.92 4.12 3.91 -42.4 -0.392    19.61 21.65 02a57515o0396c  1.157895        0
57545.329395 19.271854      NaN    3    19 c    0   2.03 210.92564 54.31529  1104.21  8159.29 4.40 3.95 -56.1 -0.415    19.59 21.73 02a57545o0190c  0.736842        0
57545.338129 19.401649      NaN   -5    19 c    0   2.16 210.92564 54.31529  1091.33  8121.95 4.40 3.93 -61.1 -0.432    19.58 21.75 02a57545o0208c  0.315789   524288
57545.345896 18.889197      NaN   39    17 c    0   2.11 210.92564 54.31529 10302.91  8239.16 4.55 3.63  80.3 -0.431    19.64 21.77 02a57545o0224c  2.941176        0
57545.355107 19.696897      NaN  -33    16 c    0   2.63 210.92564 54.31529  1149.77  8197.74 4.16 3.77 -57.0 -0.430    19.62 21.73 02a57545o0243c -1.375000  4194560
57545.356559 18.967180      NaN   26    19 c    0   1.54 210.92564 54.31529 10291.03  8201.48 4.65 3.62  82.6 -0.426    19.64 21.79 02a57545o0246c  1.947368        0
57545.358980 19.089302 0.245583   73    19 c    0   1.59 210.92564 54.31529 10348.07  8283.49 4.63 3.65  81.3 -0.434    19.64 21.79 02a57545o0251c  4.421053   528384
57545.361400 19.076453      NaN   14    20 c    0   1.97 210.92564 54.31529  1162.69  8080.44 4.40 3.92 -58.1 -0.425    19.56 21.74 02a57545o0256c  1.250000        0
57545.371093 19.510313      NaN  -40    19 c    0   2.01 210.92564 54.31529  1130.04  8141.13 4.36 3.89 -56.8 -0.427    19.46 21.59 02a57545o0276c -1.526316   524288
57545.380784 19.014394      NaN   13    22 c    0   1.58 210.92564 54.31529 10360.73  8170.81 4.68 3.68  80.3 -0.421    19.41 21.51 02a57545o0296c  1.090909        0
57545.390661 19.183773      NaN    9    19 c    0   1.66 210.92564 54.31529 10323.18  8230.65 4.89 3.82  79.3 -0.420    19.52 21.66 02a57545o0315c  1.052632        0
57549.332077 19.401649      NaN  -16    21 c    0   1.90 210.92564 54.31529  2392.24  9684.43 4.08 3.84 -55.0 -0.424    19.44 21.31 02a57549o0078c -0.238095        0
57549.342782 19.002397      NaN   14    22 c    0   2.10 210.92564 54.31529  2382.07  9644.64 4.17 3.87 -53.6 -0.416    19.44 21.33 02a57549o0100c  1.136364        0
57549.359807 19.401649      NaN  -58    21 c    0   1.65 210.92564 54.31529  2438.42  9720.03 4.12 3.83 -48.3 -0.420    19.46 21.36 02a57549o0135c -2.238095   524288
57549.367069 18.816441      NaN    4    31 c    0   5.15 210.92564 54.31529  2451.08  9603.22 4.13 3.84 -53.6 -0.424    19.47 21.39 02a57549o0150c  0.483871  4194561
57549.375839 19.401649      NaN  -17    21 c    0   1.70 210.92564 54.31529  2419.62  9666.95 4.25 3.90 -49.2 -0.415    19.49 21.47 02a57549o0168c -0.285714        0
57581.293250 19.128787      NaN  -17    27 c    0   1.34 210.92564 54.31529  3722.58  6920.93 4.17 3.83 -76.8 -0.443    19.01 20.64 02a57581o0088c -0.222222   524288
57581.304631 18.900000      NaN   11    26 c    0   1.71 210.92564 54.31529  3709.99  6879.57 4.12 3.85 -61.9 -0.443    19.01 20.65 02a57581o0111c  0.846154        0
57581.321240 19.212347      NaN  -18    25 c    0   1.62 210.92564 54.31529  3765.40  6954.04 3.97 3.69 -62.6 -0.451    19.00 20.58 02a57581o0145c -0.280000        0
57581.328019 18.640491      NaN   32    28 c    0   1.30 210.92564 54.31529  3777.77  6836.66 3.92 3.63 -72.0 -0.454    19.00 20.57 02a57581o0159c  1.535714        0
57581.338880 18.582238      NaN   36    29 c    0   1.21 210.92564 54.31529  3745.02  6895.65 3.99 3.68 -65.8 -0.452    18.93 20.48 02a57581o0181c  1.620690        0
57605.257770 18.356290      NaN   49    35 c    0   1.60 210.92564 54.31529  3985.89  6995.59 4.26 3.91  41.5 -0.371    18.85 21.71 02a57605o0052c  1.714286  4194560
57605.266058 18.304885      NaN   51    37 c    0   1.64 210.92564 54.31529  3962.96  6955.03 4.44 4.23  41.9 -0.398    18.84 21.70 02a57605o0066c  1.675676   532480
57605.277177 18.649074      NaN  -85    42 c    0   1.03 210.92564 54.31529  4019.17  7028.48 5.25 5.14  64.8 -0.323    18.70 21.72 02a57605o0085c -1.761905  4194560
57605.290850 19.454622      NaN  -76    20 c    0   2.33 210.92564 54.31529  4042.84  6912.39 4.92 4.71 -64.4 -0.356    19.19 21.41 02a57605o0109c -3.250000  4194560
57605.303123 18.878500      NaN   37    18 c    0   2.62 210.92564 54.31529  3997.53  6968.23 4.12 3.93 -59.9 -0.388    19.35 21.41 02a57605o0133c  2.666667   532480
57609.251150 18.796518      NaN   18    27 c    0   1.75 210.92564 54.31529  1280.04 10129.96 4.18 3.78 -54.7 -0.424    19.04 20.57 02a57609o0045c  1.074074        0
57609.257024 17.521375 0.125043  345    41 c    0   1.77 210.92564 54.31529 10504.00 10250.50 4.93 3.91  81.8 -0.424    19.23 20.92 02a57609o0055c  8.682927  4196352
57609.260345 18.786693      NaN   31    23 c    0   1.78 210.92564 54.31529  1256.24 10088.43 4.25 3.89 -54.2 -0.429    19.15 20.84 02a57609o0061c  1.826087        0
57609.274446 19.302877      NaN  -31    23 c    0   1.62 210.92564 54.31529  1311.39 10164.22 4.24 4.00 -55.3 -0.429    19.15 20.86 02a57609o0086c -0.869565        0
57609.275582 17.833722 0.142325  256    35 c    0   2.23 210.92564 54.31529 10489.91 10207.94 5.07 4.03  81.4 -0.385    19.23 20.97 02a57609o0088c  7.628571  4194560
57609.283416 19.089302      NaN  -11    28 c    0   1.32 210.92564 54.31529  1323.29 10041.34 4.35 3.86 -54.9 -0.413    19.11 20.83 02a57609o0102c  0.000000        0
57609.293767 19.226921      NaN   -6    23 c    0   1.77 210.92564 54.31529  1287.04 10105.62 4.49 3.94 -54.1 -0.404    19.06 20.79 02a57609o0120c  0.217391        0
57746.613969 19.212347      NaN    7    19 c    0   1.64 210.92564 54.31529  9632.42  2370.57 4.06 3.82  81.8 -0.423    19.61 21.65 02a57746o0819c  0.947368        0
57746.625461 19.419021      NaN   -3    18 c    0   1.83 210.92564 54.31529  9642.80  2410.19 4.08 3.83  80.8 -0.421    19.61 21.63 02a57746o0841c  0.444444        0
57746.627011 19.529530      NaN   -9    18 c    0   1.48 210.92564 54.31529   435.99  2303.37 4.23 4.16 -88.1 -0.369    19.54 21.57 02a57746o0844c  0.111111   524288
57746.636855 19.454622      NaN  -42    20 c    0   1.47 210.92564 54.31529  9587.27  2337.31 4.24 4.02  81.0 -0.404    19.60 21.66 02a57746o0863c -1.550000   524288
57746.638445 19.051202      NaN   25    17 c    0   1.38 210.92564 54.31529   448.61  2343.56 4.28 4.20  86.3 -0.365    19.56 21.60 02a57746o0866c  2.117647   524288
57746.648259 19.631075      NaN  -71    17 c    0   1.99 210.92564 54.31529  9573.25  2455.49 4.17 3.92  78.8 -0.408    19.60 21.66 02a57746o0885c -3.529412   528384
57746.650355 19.115465      NaN   17    18 c    0   1.22 210.92564 54.31529   389.86  2261.21 4.15 4.02  86.0 -0.381    19.60 21.59 02a57746o0889c  1.555556   524288
57746.659628 18.967180      NaN   23    20 c    0   1.36 210.92564 54.31529  9609.41  2397.21 4.06 3.80  79.6 -0.417    19.52 21.38 02a57746o0907c  1.700000        0
57746.661195 19.491430      NaN   -7    18 c    0   1.74 210.92564 54.31529   378.85  2397.73 4.09 3.96  84.5 -0.381    19.40 21.16 02a57746o0910c  0.222222   524288
57746.669931 18.534680      NaN   15    38 c    0   1.35 210.92564 54.31529   412.15  2322.13 4.32 4.15  80.2 -0.359    18.45 19.40 02a57746o0927c  0.684211        0
57778.570698 19.569016      NaN  -25    18 c    0   1.70 210.92564 54.31529  9123.41 10194.92 4.12 3.71 -88.2 -0.431    19.77 21.82 02a57778o0568c -0.777778   524288
57778.576629 19.401649      NaN  -21    21 c    0   1.61 210.92564 54.31529  7898.77   393.82 4.00 3.79  15.4 -0.454    19.75 21.80 02a57778o0578c -0.476190   524288
57778.584061 19.334813      NaN    2    18 c    0   1.64 210.92564 54.31529  9136.77 10236.39 4.09 3.68 -88.2 -0.432    19.77 21.81 02a57778o0592c  0.722222        0
57778.589437 19.419021 0.332726   51    19 c    0   1.86 210.92564 54.31529  7911.04   434.73 3.94 3.77  18.4 -0.451    19.77 21.82 02a57778o0602c  3.263158   524288
57778.596885 19.454622 0.343816   49    19 c    0   1.35 210.92564 54.31529  9079.41 10162.37 4.09 3.73  89.4 -0.433    19.78 21.83 02a57778o0616c  3.157895        0
57778.602290 19.102305      NaN    9    21 c    0   1.38 210.92564 54.31529  7868.53   359.38 3.95 3.73  15.3 -0.452    19.79 21.85 02a57778o0626c  0.952381   524288
57778.609876 19.436675      NaN   -7    19 c    0   1.65 210.92564 54.31529  9057.29 10283.56 4.05 3.68 -88.5 -0.431    19.80 21.86 02a57778o0640c  0.210526   524288
57778.615190 19.271854      NaN    3    19 c    0   1.69 210.92564 54.31529  7847.94   483.07 3.84 3.67  17.9 -0.453    19.81 21.88 02a57778o0650c  0.736842        0
57778.622705 19.569016      NaN  -37    18 c    0   1.66 210.92564 54.31529  9102.77 10224.04 3.99 3.63 -89.0 -0.436    19.82 21.89 02a57778o0664c -1.444444        0
57778.628048 19.334813      NaN   -1    19 c    0   2.57 210.92564 54.31529  7882.06   423.97 3.99 3.81  15.5 -0.446    19.77 21.86 02a57778o0674c  0.526316   524288
57782.565439 19.367717      NaN    9    15 c    0   2.06 210.92564 54.31529  8334.61  1393.61 3.86 3.75  84.1 -0.417    19.82 21.96 02a57782o0717c  1.333333        0
57782.579866 19.472870      NaN    3    15 c    0   2.26 210.92564 54.31529  8356.55  1433.53 3.89 3.75 -88.6 -0.409    19.84 21.99 02a57782o0743c  0.933333        0
57782.593858 19.115465      NaN   26    15 c    0   1.84 210.92564 54.31529  8300.25  1360.50 3.81 3.67  86.6 -0.414    19.88 22.03 02a57782o0769c  2.466667        0
57782.607900 19.696897      NaN  -57    16 c    0   1.58 210.92564 54.31529  8277.28  1484.10 3.93 3.77  83.5 -0.405    19.81 21.96 02a57782o0795c -2.875000  4194560
57782.621826 19.510313      NaN   -2    16 c    0   1.68 210.92564 54.31529  8325.80  1425.97 3.86 3.71  85.6 -0.415    19.84 21.99 02a57782o0821c  0.562500        0
57786.563706 19.696897      NaN  -62    16 c    0   2.07 210.92564 54.31529  9350.56  9914.55 3.91 3.50 -86.1 -0.426    19.80 21.89 02a57786o0507c -3.187500   524288
57786.566299 19.212347      NaN    4    20 c    0   1.63 210.92564 54.31529  8107.69   114.69 3.90 3.68  12.9 -0.447    19.82 21.92 02a57786o0512c  0.750000        0
57786.576403 19.696897      NaN  -54    16 c    0   2.30 210.92564 54.31529  9361.73  9954.85 3.98 3.59 -88.6 -0.418    19.82 21.94 02a57786o0531c -2.687500   524288
57786.579012 19.302877      NaN  -33    23 c    0   1.81 210.92564 54.31529  8119.96   155.25 3.88 3.68  17.4 -0.448    19.85 21.96 02a57786o0536c -0.956522        0
57786.589214 19.841877      NaN  -44    14 c    0   2.00 210.92564 54.31529  9303.56  9879.42 3.94 3.57 -90.0 -0.428    19.83 21.94 02a57786o0555c -2.357143   524288
57786.591848 19.197966      NaN    8    19 c    0   2.86 210.92564 54.31529  8064.24    79.56 3.91 3.71  15.6 -0.449    19.68 21.79 02a57786o0560c  1.000000   524288
57786.602149 19.302877      NaN  -13    23 c    0   1.76 210.92564 54.31529  9280.82 10001.13 3.98 3.64  85.5 -0.433    19.48 21.55 02a57786o0579c -0.086957        0
57786.604786 18.889197      NaN   27    21 c    0   2.29 210.92564 54.31529  8052.90   200.73 3.88 3.76  19.0 -0.442    19.84 21.98 02a57786o0584c  1.809524   524288
57786.615038 19.589310      NaN   -6    16 c    0   2.17 210.92564 54.31529  9325.78  9942.41 3.95 3.59  86.2 -0.425    19.78 21.88 02a57786o0603c  0.312500   524288
57786.617646 19.351140      NaN  -25    22 c    0   1.41 210.92564 54.31529  8087.28   144.15 3.90 3.74  24.8 -0.449    19.84 21.99 02a57786o0608c -0.636364        0
57806.543426 19.436675      NaN   -1    17 c    0   2.02 210.92564 54.31529  9210.34  1296.83 3.85 3.71  60.0 -0.446    19.76 21.82 02a57806o0606c  0.588235        0
57806.546470 19.436675 0.338180   50    19 c    0   1.36 210.92564 54.31529  9236.60  1333.98 3.98 3.84  55.3 -0.429    19.74 21.83 02a57806o0612c  3.210526   524288
57806.563479 19.169763      NaN   13    18 c    0   1.37 210.92564 54.31529  9179.15  1261.26 4.05 3.88  52.4 -0.427    19.76 21.89 02a57806o0643c  1.333333        0
57806.577726 19.183773      NaN   12    18 c    0   2.16 210.92564 54.31529  9158.77  1380.44 3.91 3.72  65.1 -0.441    19.76 21.84 02a57806o0669c  1.277778   524288
57806.591596 19.491430      NaN  -10    19 c    0   1.91 210.92564 54.31529  9208.85  1319.71 3.91 3.71  60.8 -0.439    19.72 21.75 02a57806o0695c  0.052632        0
57834.492888 19.510313      NaN  -19    19 c    0   1.89 210.92564 54.31529  8110.80  3365.53 3.99 3.71  87.7 -0.382    19.07 21.15 02a57834o0443c -0.421053        0
57834.503330 19.302877      NaN   -2    20 c    0   1.99 210.92564 54.31529  2371.74  7045.76 3.82 3.69  44.6 -0.427    19.11 21.19 02a57834o0463c  0.450000        0
57834.527024 19.351140      NaN  -61    22 c    0   2.14 210.92564 54.31529  2419.06  7121.74 3.82 3.67  46.1 -0.424    19.04 21.02 02a57834o0506c -2.272727   524288
57834.542612 19.038793      NaN    8    23 c    0   1.90 210.92564 54.31529  2438.26  7006.59 4.01 3.88  51.6 -0.408    18.92 20.83 02a57834o0535c  0.826087        0
57834.554663 19.401649      NaN  -34    21 c    0   1.63 210.92564 54.31529  2393.16  7067.99 4.05 3.88  49.4 -0.393    18.86 20.73 02a57834o0557c -1.095238        0
57838.492206 18.806434      NaN   35    21 c    0   1.55 210.92564 54.31529   112.19   596.11 4.44 4.39 -73.7 -0.377    19.01 21.19 02a57838o0454c  2.190476   524288
57838.492735 18.836735      NaN   32    21 c    0   2.11 210.92564 54.31529  1474.40 10405.05 4.33 4.18  26.0 -0.383    19.04 21.20 02a57838o0455c  2.047619   524288
57838.494486 18.921935      NaN   21    22 c    0   2.65 210.92564 54.31529  9036.78    83.79 4.03 3.88  39.5 -0.447    19.06 21.21 02a57838o0458c  1.454545   524288
57838.495005 18.684100      NaN   48    21 c    0   2.73 210.92564 54.31529 10400.86  9896.07 4.46 4.09  80.9 -0.413    19.01 21.18 02a57838o0459c  2.809524  4194560
57838.505700 18.910912      NaN   16    24 c    0   1.69 210.92564 54.31529 10329.37  9820.89 4.42 4.10  82.0 -0.403    19.02 21.17 02a57838o0479c  1.125000   524288
57838.524714 19.334813      NaN    2    18 c    0   2.25 210.92564 54.31529   170.75   512.90 4.25 4.18 -14.6 -0.373    19.03 21.14 02a57838o0515c  0.722222   524288
57838.528687 18.806434      NaN   29    23 c    0   2.09 210.92564 54.31529  1523.34 10320.02 4.13 3.95  18.6 -0.402    19.04 21.15 02a57838o0522c  1.739130  4194560
57838.541835 18.944322 0.226195   85    20 c    0   2.04 210.92564 54.31529  1495.54 10382.56 4.23 3.75   9.2 -0.385    19.03 21.12 02a57838o0547c  4.800000   528384
57838.542881 19.038793      NaN    8    23 c    0   1.46 210.92564 54.31529   137.29   568.45 4.10 3.98 -88.0 -0.398    19.06 21.09 02a57838o0549c  0.826087        0
57842.515338 19.089302      NaN    7    22 c    0   1.89 210.92564 54.31529  3818.88  6732.60 4.04 3.91  55.1 -0.397    18.98 21.04 02a57842o0427c  0.818182   524288
57842.526432 19.302877      NaN  -37    23 c    0   1.63 210.92564 54.31529  3862.05  6808.26 4.26 4.09  67.0 -0.387    18.93 21.04 02a57842o0448c -1.130435        0
57842.544005 19.302877      NaN  -20    23 c    0   1.58 210.92564 54.31529  3883.13  6688.02 4.12 3.96  75.5 -0.378    18.94 20.97 02a57842o0481c -0.391304        0
57862.478560 19.454622      NaN  -27    20 c    0   1.62 210.92564 54.31529  3511.21  6964.42 3.82 3.70  86.0 -0.396    18.84 20.47 02a57862o0525c -0.800000        0
57862.500554 19.454622      NaN  -31    20 c    0   1.62 210.92564 54.31529  3488.30  6924.47 3.78 3.66  86.6 -0.403    18.76 20.25 02a57862o0570c -1.000000        0
57862.510937 19.401649      NaN  -25    21 c    0   1.70 210.92564 54.31529  3545.16  7000.14 3.72 3.61  84.7 -0.412    18.74 20.17 02a57862o0591c -0.666667   524288
57862.522570 19.256669      NaN  -15    24 c    0   1.43 210.92564 54.31529  3569.13  6881.68 3.74 3.65  71.8 -0.401    18.68 20.07 02a57862o0615c -0.166667        0
57862.530436 19.076453      NaN    8    22 c    0   1.61 210.92564 54.31529  3536.03  6940.60 3.69 3.59  76.1 -0.414    18.67 20.02 02a57862o0631c  0.863636   524288
57870.492158 19.841877      NaN  -12    14 c    0   2.38 210.92564 54.31529  1883.38  8608.80 2.43 2.28   7.4 -0.466    19.53 20.68 02a57870o0440c -0.071429        0
57870.509600 19.922338      NaN  -23    13 c    0   3.55 210.92564 54.31529  1860.21  8570.86 2.45 2.28   5.5 -0.462    19.48 20.63 02a57870o0473c -0.923077        1
57870.517991 19.743105      NaN   -7    14 c    0   2.21 210.92564 54.31529  1915.47  8642.83 2.46 2.31   6.9 -0.469    19.46 20.60 02a57870o0489c  0.285714        0
57870.530201 19.569016      NaN    1    14 c    0   2.53 210.92564 54.31529  1941.16  8525.30 2.48 2.35   1.1 -0.461    19.42 20.58 02a57870o0512c  0.857143        0
57870.541671 19.696897      NaN    7    10 c    0   6.48 210.92564 54.31529  1908.40  8583.00 2.47 2.35   0.4 -0.467    19.42 20.55 02a57870o0534c  1.800000        1
57894.386745 19.549093      NaN    5    13 c    0   1.78 210.92564 54.31529  1306.31  9783.53 2.54 2.33 -11.7 -0.463    19.65 21.54 02a57894o0292c  1.230769        0
57894.416893 20.103715      NaN  -24    11 c    0   1.73 210.92564 54.31529  1283.24  9742.78 2.60 2.36 -14.1 -0.468    19.81 21.74 02a57894o0349c -1.181818   524288
57894.419529 20.103715      NaN  -23    11 c    0   2.09 210.92564 54.31529  1340.71  9815.04 2.58 2.37  -6.5 -0.466    19.78 21.70 02a57894o0354c -1.090909        0
57894.441778 20.103715      NaN  -25    11 c    0   2.08 210.92564 54.31529  1355.20  9695.16 2.54 2.29  -7.7 -0.473    19.68 21.53 02a57894o0396c -1.272727  4194560
57894.453543 20.009244      NaN  -46    12 c    0   2.90 210.92564 54.31529  1320.13  9754.33 2.53 2.30  -4.5 -0.473    19.49 21.27 02a57894o0418c -2.916667   524288
57898.389114 20.103715      NaN   -8    10 c    0   3.48 210.92564 54.31529  1841.55  8733.65 2.66 2.37  -5.4 -0.481    19.73 21.69 02a57898o0138c  0.300000        1
57898.398663 19.529530      NaN    9    12 c    0   3.89 210.92564 54.31529  1817.91  8693.66 2.48 2.29  -1.1 -0.503    19.78 21.72 02a57898o0156c  1.666667        1
57898.417223 19.549093      NaN    8    12 c    0   2.76 210.92564 54.31529  1873.42  8767.48 2.59 2.34 -12.1 -0.486    19.75 21.68 02a57898o0191c  1.583333     8192
57898.437402 19.169763      NaN   25    14 c    0   2.81 210.92564 54.31529  1899.35  8646.73 2.46 2.25   1.8 -0.503    19.75 21.62 02a57898o0229c  2.571429     8192
57898.446924 19.367717      NaN   18    12 c    0   4.42 210.92564 54.31529  1865.33  8704.21 2.67 2.48   1.4 -0.486    19.69 21.60 02a57898o0247c  2.416667        1
57902.386132 19.696897      NaN    1    12 c    0   2.56 210.92564 54.31529  4364.90  7543.58 2.52 2.42  -3.5 -0.452    19.81 21.63 02a57902o0297c  1.000000        0
57902.397408 19.401649      NaN   13    13 c    0   1.38 210.92564 54.31529  4354.38  7503.67 2.57 2.47  -9.0 -0.461    19.77 21.60 02a57902o0319c  1.846154        0
57902.399963 19.696897      NaN    7    10 c    0   2.39 210.92564 54.31529  4401.27  7581.64 2.59 2.45  -2.6 -0.450    19.78 21.58 02a57902o0324c  1.800000   524288
57902.422768 19.766969      NaN    1    11 c    0   2.27 210.92564 54.31529  4425.53  7462.57 2.56 2.44  -0.0 -0.464    19.79 21.63 02a57902o0368c  1.090909        0
57902.433611 20.009244      NaN  -13    12 c    0   2.01 210.92564 54.31529  4390.39  7519.37 2.61 2.52  -1.8 -0.455    19.67 21.49 02a57902o0389c -0.166667   524288
58020.235926 19.436675 0.284783   50    16 c    0   2.83 210.92564 54.31529  3530.54  3780.44 2.41 2.31 -78.4 -0.409    19.28 20.64 02a58020o0006c  3.812500 12583168
58194.569176 19.569016      NaN    4    13 c    0   2.65 210.92564 54.31529  2250.96  8897.52 2.55 2.35  22.3 -0.453    19.73 21.58 02a58194o0731c  1.153846     8192
58194.580281 19.367717      NaN   21    11 c    0   3.88 210.92564 54.31529  2226.71  8859.18 2.56 2.31  25.0 -0.453    19.75 21.58 02a58194o0749c  2.909091        1
58194.590959 19.351140      NaN   19    12 c    0   3.25 210.92564 54.31529  2276.57  8931.37 2.63 2.46  14.7 -0.445    19.72 21.58 02a58194o0768c  2.500000        1
58194.602403 19.791368      NaN    3    10 c    0   5.86 210.92564 54.31529  2286.42  8812.41 2.42 2.21  17.3 -0.466    19.75 21.57 02a58194o0786c  1.400000        1
58196.529228 18.336727      NaN  -67    56 c    0   1.45 210.92564 54.31529  4947.17  3713.69 2.58 2.44  19.5 -0.397    17.79 19.73 02a58196o0652c -1.000000   524288
58196.535461 20.009244      NaN  -23    12 c    0   1.99 210.92564 54.31529  4915.85  3677.71 2.45 2.31  46.0 -0.411    19.80 21.89 02a58196o0663c -1.000000     4096
58196.543979 17.584152      NaN  -82   112 c    0   2.35 210.92564 54.31529  4971.74  3752.90 2.44 2.34  37.7 -0.438    16.95 18.82 02a58196o0680c -0.633929        0
58251.578978 20.103715      NaN  -21    11 c    0   3.74 210.92564 54.31529  4115.59  3792.42 2.73 2.54 -52.9 -0.387    19.50 21.34 02a58251o0733c -0.909091        1
58251.587115 19.766969      NaN   -5    13 c    0   2.43 210.92564 54.31529  4114.87  3796.41 2.83 2.62 -51.2 -0.378    19.45 21.26 02a58251o0749c  0.461538   524288
58251.594640 19.922338      NaN  -20    13 c    0   1.68 210.92564 54.31529  4103.32  3800.01 2.68 2.55 -50.4 -0.388    19.43 21.20 02a58251o0764c -0.692308   524288
58251.602316 19.766969      NaN  -12    15 c    0   2.14 210.92564 54.31529  4113.32  3802.74 3.00 2.79 -53.4 -0.380    19.28 21.09 02a58251o0779c -0.066667   524288
58252.572007 19.922338      NaN  -26    13 c    0   2.87 210.92564 54.31529  4115.06  3788.54 2.58 2.45 -49.8 -0.394    19.44 21.13 02a58252o0684c -1.153846        0
58252.582264 20.103715      NaN  -12    11 c    0   2.67 210.92564 54.31529  4114.09  3793.79 2.51 2.40 -48.6 -0.402    19.46 21.08 02a58252o0703c -0.090909   524288
58252.589663 19.674510      NaN  -10    16 c    0   1.58 210.92564 54.31529  4102.34  3797.09 2.54 2.45 -46.8 -0.398    19.40 21.05 02a58252o0718c  0.062500        0
58252.598499 19.241693      NaN   20    14 c    0   3.80 210.92564 54.31529  4113.47  3800.13 2.49 2.39 -53.0 -0.398    19.37 20.99 02a58252o0735c  2.214286        1
58256.417856 17.210554      NaN -410   158 c    0   1.07 210.92564 54.31529  3184.84  5385.83 2.37 2.34 -14.9 -0.425    19.82 21.77 02a58256o0256c -2.525316     8192
58256.432475 19.719755      NaN    9     9 c    0   5.61 210.92564 54.31529  3162.82  5345.37 2.41 2.41  19.3 -0.425    19.76 21.79 02a58256o0287c  2.222222  4194561
58256.449876 19.922338      NaN   -8    12 c    0   3.57 210.92564 54.31529  3218.90  5421.46 2.34 2.31  11.0 -0.431    19.80 21.75 02a58256o0324c  0.250000        1
58256.458792 20.321591      NaN  -22     9 c    0   7.58 210.92564 54.31529  3242.81  5302.32 2.38 2.29  39.5 -0.425    19.79 21.74 02a58256o0343c -1.222222   524289
58280.393689 20.207197      NaN  -13    10 c    0   4.78 210.92564 54.31529  5348.59  4905.80 2.45 2.41 -68.7 -0.419    19.75 21.71 02a58280o0323c -0.200000  8388609
58280.407270 19.719755      NaN    3    11 c    0   4.20 210.92564 54.31529  5338.29  4869.69 2.52 2.51  53.5 -0.412    19.67 21.62 02a58280o0352c  1.272727  8388609
58280.414598 19.816329 0.353496   32    14 c    0   3.34 210.92564 54.31529  5393.63  4943.47 2.44 2.41  53.6 -0.422    19.45 21.31 02a58280o0368c  3.071429  8388609
58280.424534 19.791368      NaN   -3    12 c    0   3.53 210.92564 54.31529  5404.79  4831.13 2.42 2.38  53.2 -0.418    19.72 21.59 02a58280o0389c  0.666667  8388609
58284.387122 19.696897      NaN   -8    15 c    0   2.90 210.92564 54.31529  2821.91  5657.22 2.36 2.29   0.7 -0.420    19.59 21.41 02a58284o0307c  0.200000        0
58284.391741 19.841877      NaN   -5    12 c    0   2.47 210.92564 54.31529  2796.36  5618.67 2.35 2.28   3.9 -0.422    19.62 21.46 02a58284o0317c  0.500000        0
58284.403480 19.696897      NaN    4    11 c    0   4.48 210.92564 54.31529  2854.87  5696.18 2.40 2.34  20.4 -0.428    19.67 21.53 02a58284o0342c  1.363636        1
58284.411716 19.609992      NaN    5    12 c    0   2.00 210.92564 54.31529  2876.19  5575.58 2.44 2.38  21.6 -0.431    19.70 21.54 02a58284o0360c  1.333333        0
58308.365311 20.207197      NaN  -29    10 c    0   2.05 210.92564 54.31529  5560.23  3925.96 2.75 2.47 -51.1 -0.410    19.67 21.59 02a58308o0015c -1.800000 12583168
58308.374538 19.868040      NaN    0    10 c    0   3.28 210.92564 54.31529  5581.66  3807.46 2.67 2.48 -51.9 -0.409    19.64 21.54 02a58308o0035c  1.100000  8388609
58312.333401 19.979496      NaN   -7    11 c    0   3.16 210.92564 54.31529  5111.22  3964.84 2.52 2.35 -53.6 -0.416    19.75 21.63 02a58312o0193c  0.363636        1
58312.339561 19.454622      NaN   13    12 c    0   2.41 210.92564 54.31529  5086.02  3924.50 2.69 2.42 -54.6 -0.407    19.71 21.63 02a58312o0206c  2.000000     8192
58312.349040 19.351140      NaN   19    12 c    0   5.74 210.92564 54.31529  5143.38  4001.15 2.58 2.48 -50.7 -0.410    19.67 21.61 02a58312o0226c  2.500000        1
58312.361108 19.589310      NaN    6    12 c    0   2.46 210.92564 54.31529  5165.60  3883.73 2.53 2.47 -49.8 -0.408    19.68 21.58 02a58312o0252c  1.416667     8192
58316.328042 19.674510      NaN   -1    13 c    0   2.06 210.92564 54.31529  3250.55  3445.42 3.09 2.96 -61.9 -0.381    19.36 21.19 02a58316o0183c  0.769231   532480
58316.337992 19.743105      NaN   -7    14 c    0   1.65 210.92564 54.31529  3239.55  3404.38 3.04 3.00  68.4 -0.366    19.34 21.27 02a58316o0204c  0.285714   532480
58316.346903 19.472870      NaN   15    11 c    0   5.79 210.92564 54.31529  3295.11  3479.79 2.82 2.80  34.6 -0.379    19.44 21.34 02a58316o0223c  2.363636        1
58316.359453 19.510313 0.266672   46    14 c    0   4.40 210.92564 54.31529  3317.13  3362.37 3.39 3.33 -52.6 -0.358    19.31 21.41 02a58316o0250c  4.071429   524289
58344.281357 19.302877      NaN   19    13 c    0   3.16 210.92564 54.31529  3970.00  2689.65 2.61 2.40 -55.1 -0.387    19.46 21.13 02a58344o0108c  2.307692        1
58344.290487 19.491430      NaN    2    15 c    0   2.70 210.92564 54.31529  3958.88  2650.38 2.74 2.55 -63.1 -0.394    19.41 21.10 02a58344o0127c  0.866667   532480
58344.299671 19.401649 0.292976   52    17 c    0   4.84 210.92564 54.31529  4015.21  2726.31 2.67 2.48 -55.5 -0.385    19.08 20.79 02a58344o0146c  3.705882        1
58344.308612 19.868040 0.344258   30    13 c    0   2.81 210.92564 54.31529  4036.88  2604.09 2.62 2.50 -51.9 -0.392    19.43 21.14 02a58344o0165c  3.153846     8192
58376.224249 19.256669      NaN  -33    24 c    0   1.81 210.92564 54.31529  5653.12  2178.70 2.62 2.39 -58.6 -0.397    18.75 19.69 02a58376o0028c -0.916667   532480
58376.230043 19.569016      NaN  -11    18 c    0   3.12 210.92564 54.31529  5641.45  2138.85 2.56 2.41 -64.0 -0.391    18.99 20.12 02a58376o0040c  0.000000        1
58376.238331 19.569016      NaN  -35    18 c    0   2.15 210.92564 54.31529  5696.35  2241.25 2.68 2.50 -61.1 -0.388    19.11 20.35 02a58376o0057c -1.333333  4195840
58376.247461 19.401649      NaN  -14    21 c    0   1.97 210.92564 54.31529  5719.68  2114.76 2.88 2.78 -67.7 -0.379    19.00 20.36 02a58376o0076c -0.142857     8192
58520.663770 19.743105      NaN   -4    12 c    0   2.43 210.92564 54.31529  4387.18  7845.70 2.59 2.36  19.1 -0.464    19.68 21.60 02a58520o0274c  0.833333     8192
58520.673685 18.504094      NaN   25    35 c    0   1.78 210.92564 54.31529  4361.59  7805.89 2.64 2.45  19.7 -0.473    18.45 19.41 02a58520o0295c  1.114286     8192
58576.556729 19.841877      NaN   -8    12 c    0   9.70 210.92564 54.31529  7693.12   109.15 2.48 2.10 -60.0 -0.405    19.78 21.80 02a58576o0718c  0.500000   524289
58576.558102 20.009244      NaN  -16    12 c    0   1.97 210.92564 54.31529  7960.05  9846.15 2.66 2.50 -64.5 -0.402    19.80 21.82 02a58576o0721c -0.166667     8192
58576.570795 19.589310      NaN    0    13 c    0   2.20 210.92564 54.31529  7935.69  9805.08 2.75 2.52 -54.4 -0.415    19.76 21.80 02a58576o0748c  1.076923     8192
58576.571708 18.990530      NaN   30    16 c    0   4.46 210.92564 54.31529  7669.83    67.47 2.54 2.17 -54.5 -0.395    19.74 21.77 02a58576o0750c  2.750000        1
58576.577207 19.436675      NaN    8    13 c    0   5.03 210.92564 54.31529  7735.33   147.28 2.56 2.18 -55.4 -0.421    19.76 21.75 02a58576o0762c  1.692308        1
58576.578589 19.674510      NaN   -1    12 c    0   4.98 210.92564 54.31529  7990.79  9885.81 2.83 2.48 -54.1 -0.409    19.73 21.78 02a58576o0765c  1.083333        1
58576.591620 19.351140      NaN   13    13 c    0   3.44 210.92564 54.31529  8011.37  9768.59 2.90 2.51 -53.5 -0.401    19.67 21.74 02a58576o0792c  2.076923        1
58580.533459 19.351140      NaN   16    12 c    0   5.89 210.92564 54.31529  7572.22  7883.06 2.64 2.49  45.0 -0.407    19.60 21.43 02a58580o0667c  2.500000  8912897
58580.553444 19.589310      NaN    0    13 c    0   3.75 210.92564 54.31529  7605.15  7921.25 2.56 2.54  81.1 -0.405    19.66 21.40 02a58580o0709c  1.076923  8388609
58580.565220 19.631075      NaN   -2    13 c    0   3.68 210.92564 54.31529  7626.25  7803.46 2.60 2.52  67.4 -0.409    19.59 21.37 02a58580o0734c  0.923077  8388609
58604.470220 19.609992      NaN    5    11 c    0   2.23 210.92564 54.31529  7298.46  4002.75 2.38 2.30  44.5 -0.399    19.60 21.61 02a58604o0438c  1.727273        0
58604.485174 19.631075      NaN    1    12 c    0   2.23 210.92564 54.31529  7275.35  3963.48 2.37 2.30 -64.8 -0.409    19.59 21.62 02a58604o0470c  1.250000        0
58604.494705 19.743105      NaN   -4    12 c    0   3.24 210.92564 54.31529  7329.05  4038.49 2.41 2.37  48.7 -0.404    19.60 21.58 02a58604o0490c  0.833333        1
58604.501777 19.212347      NaN   22    13 c    0   2.66 210.92564 54.31529  7351.53  3924.86 2.48 2.38 -61.6 -0.399    19.53 21.55 02a58604o0505c  2.769231        0
58612.399959 19.922338      NaN   -8    11 c    0   5.05 210.92564 54.31529  9067.82  6898.22 2.56 2.46  58.3 -0.420    19.76 21.60 02a58612o0365c  0.545455  8388609
58612.401822 19.549093      NaN    8    11 c    0   4.28 210.92564 54.31529  9048.12  6858.49 2.56 2.46  57.2 -0.404    19.79 21.60 02a58612o0369c  2.000000  8388609
58612.407474 19.491430      NaN    8    12 c    0   3.92 210.92564 54.31529  9104.30  6938.19 2.57 2.48  79.0 -0.418    19.76 21.61 02a58612o0381c  1.833333  8388609
58612.432540 19.922338      NaN  -14    13 c    0   5.43 210.92564 54.31529  9113.92  6820.68 2.59 2.47  47.7 -0.460    19.78 21.63 02a58612o0433c  0.000000  8388609
58636.335628 19.868040      NaN   -6    11 c    0   3.18 210.92564 54.31529  1841.46  7474.27 2.48 2.37 -15.4 -0.428    19.71 21.76 02a58636o0227c  0.727273  8388609
58636.341238 19.922338      NaN   -5    10 c    0   5.22 210.92564 54.31529  8737.81  3057.69 2.37 2.27 -64.0 -0.421    19.80 21.76 02a58636o0239c  0.900000  8388609
58636.347261 20.071303 0.319334   20    10 c    0   4.25 210.92564 54.31529  8801.93  3147.11 2.44 2.25 -62.3 -0.410    19.80 21.77 02a58636o0252c  3.400000  8388609
58636.365477 19.589310      NaN    6    11 c    0   3.49 210.92564 54.31529  8816.33  3027.59 2.46 2.25 -63.6 -0.413    19.75 21.70 02a58636o0291c  1.818182  8388609
58664.300439 19.979496      NaN  -13    12 c    0   3.38 210.92564 54.31529  2479.28  1217.33 2.38 2.29 -65.3 -0.431    19.78 21.60 02a58664o0137c  0.083333  8912897
58664.303183 19.922338      NaN  -11    12 c    0   3.73 210.92564 54.31529  2458.26  1178.43 2.42 2.27 -59.7 -0.419    19.81 21.61 02a58664o0143c  0.250000  8388609
58664.308728 19.589310 0.184370   39     9 c    0  10.11 210.92564 54.31529  2515.93  1252.13 2.35 2.28 -77.9 -0.405    19.80 21.64 02a58664o0155c  5.888889  8388609
58664.318819 20.039830 0.310210   21    10 c    0   7.09 210.92564 54.31529  2536.49  1134.14 2.35 2.24 -75.1 -0.431    19.82 21.68 02a58664o0177c  3.500000  8388609
58668.360430 20.071303      NaN  -13    11 c    0   3.45 210.92564 54.31529  6957.36  4786.43 2.58 2.30  40.7 -0.393    19.70 21.53 02a58668o0259c  0.090909  8388609
58668.363476 19.351140      NaN    4    16 c    0   5.54 210.92564 54.31529  6937.74  4746.21 2.61 2.25  40.6 -0.577    19.74 21.50 02a58668o0265c  1.125000  8388609
58668.370013 19.841877      NaN  -24    14 c    0   3.56 210.92564 54.31529  6993.13  4822.48 2.68 2.25  39.4 -0.390    19.70 21.46 02a58668o0279c -0.714286  8388609
58668.381748 20.071303      NaN  -13    11 c    0   6.42 210.92564 54.31529  7012.37  4704.27 2.56 2.27  38.1 -0.388    19.72 21.46 02a58668o0304c  0.090909  8388609
58692.299708 20.071303      NaN   -7     9 c    0   5.67 210.92564 54.31529  8862.69  5230.39 2.65 2.49  41.5 -0.392    19.68 21.66 02a58692o0140c  0.777778        1
58692.302589 19.766969      NaN   -2    11 c    0   4.65 210.92564 54.31529  8842.48  5190.34 2.64 2.45  38.1 -0.389    19.70 21.66 02a58692o0146c  1.090909        1
58692.308687 20.039830 0.341231   21    11 c    0   7.78 210.92564 54.31529  8898.10  5269.86 2.53 2.46  53.2 -0.394    19.67 21.63 02a58692o0157c  3.181818        1
58692.318540 19.436675      NaN    5    14 c    0   2.80 210.92564 54.31529  8916.63  5153.43 2.56 2.44  41.4 -0.392    19.70 21.60 02a58692o0178c  1.357143     8192
58696.259275 19.719755      NaN   -3    12 c    0   3.93 210.92564 54.31529  8869.14  5233.55 2.77 2.47 -64.4 -0.398    19.61 21.39 02a58696o0060c  0.916667  8388609
58696.263160 20.009244 0.331753   22    11 c    0   9.23 210.92564 54.31529  8848.28  5193.13 2.88 2.48 -64.6 -0.397    19.64 21.51 02a58696o0068c  3.272727  8388609
58696.268990 19.589310      NaN    6    11 c    0   3.48 210.92564 54.31529  8905.10  5273.16 2.87 2.52 -64.1 -0.401    19.66 21.57 02a58696o0080c  1.818182  8388609
58696.279054 19.401649      NaN   13    12 c    0   4.67 210.92564 54.31529  8921.04  5163.53 2.99 2.55 -63.8 -0.397    19.61 21.57 02a58696o0101c  2.250000  8388609
58700.300639 20.009244 0.361912   22    12 c    0   8.13 210.92564 54.31529  3327.03  7106.31 2.45 2.42   4.8 -0.386    19.55 21.20 02a58700o0151c  3.000000  8388609
58700.303953 19.401649      NaN   10    13 c    0   4.01 210.92564 54.31529  3308.33  7066.29 2.38 2.34  -2.6 -0.391    19.59 21.19 02a58700o0158c  1.846154  8388609
58700.310446 19.419021      NaN    9    13 c    0   5.01 210.92564 54.31529  3364.38  7144.28 2.47 2.37  26.1 -0.380    19.54 21.19 02a58700o0172c  1.769231  8388609
58700.320640 19.766969      NaN  -21    15 c    0   3.44 210.92564 54.31529  3384.10  7025.34 2.44 2.40  -1.7 -0.390    19.55 21.17 02a58700o0194c -0.466667  8388609
58708.299948 18.623526      NaN    7    36 c    0   1.59 210.92564 54.31529  4749.87  3215.90 2.87 2.31  41.6 -0.386    18.22 19.07 02a58708o0161c  0.583333   524288
58708.302750 18.255804      NaN   29    46 c    0   1.25 210.92564 54.31529  4728.82  3177.27 2.82 2.29  42.4 -0.399    18.06 18.90 02a58708o0167c  0.934783        0
58708.309789 18.675237      NaN  -24    41 c    0   1.43 210.92564 54.31529  4788.68  3256.26 2.95 2.35  42.2 -0.375    17.75 18.71 02a58708o0182c -0.243902        0
58708.319771 18.590371      NaN   -4    41 c    0   1.00 210.92564 54.31529  4810.07  3137.69 2.72 2.33  39.5 -0.400    18.16 18.98 02a58708o0203c  0.243902        0
58724.254212 19.674510      NaN   -7    14 c    0   1.97 210.92564 54.31529  5021.44  4858.41 2.75 2.32  34.2 -0.404    19.58 21.32 02a58724o0081c  0.500000     8192
58724.257423 19.436675      NaN   11    12 c    0   3.42 210.92564 54.31529  5002.95  4820.17 2.64 2.29  38.4 -0.401    19.54 21.31 02a58724o0088c  2.083333        1
58724.263511 19.367717      NaN   12    13 c    0   2.09 210.92564 54.31529  5058.08  4896.01 2.76 2.32  36.7 -0.393    19.50 21.30 02a58724o0101c  2.000000     8192
58724.275107 19.287255      NaN   14    14 c    0   5.45 210.92564 54.31529  5078.90  4782.33 2.72 2.32  36.3 -0.394    19.49 21.25 02a58724o0126c  2.000000        1
58872.552407 19.529530      NaN    9    11 c    0   3.12 210.92564 54.31529  3612.05  5787.66 2.53 2.32  43.9 -0.392    19.85 22.00 02a58872o0760c  2.090909        1
58872.555279 20.207197      NaN  -24    10 c    0   2.83 210.92564 54.31529  3634.11  5825.48 2.36 2.33 -56.6 -0.411    19.81 21.99 02a58872o0766c -1.000000     8192
58872.561131 19.589310      NaN    3    12 c    0   1.58 210.92564 54.31529  3576.61  5746.32 2.35 2.31 -49.2 -0.410    19.84 21.99 02a58872o0778c  1.416667  4194560
58872.571799 19.816329      NaN   -4    11 c    0   4.59 210.92564 54.31529  3546.05  5866.83 2.52 2.31  40.8 -0.393    19.84 22.02 02a58872o0799c  0.909091        1
58876.651589 20.039830      NaN  -12    11 c    0   2.16 210.92564 54.31529  1972.96  9634.42 2.41 2.33 -37.8 -0.426    19.70 21.82 02a58876o0927c  0.181818   524288
58876.655266 19.302877      NaN    7    16 c    0   2.08 210.92564 54.31529  1992.13  9673.27 2.50 2.37 -43.2 -0.418    19.31 21.31 02a58876o0935c  1.312500        0
58876.662978 19.841877      NaN  -20    14 c    0   2.95 210.92564 54.31529  1934.48  9594.25 2.45 2.31 -39.4 -0.420    19.30 21.14 02a58876o0951c -0.428571   524288
58876.669196 18.978793      NaN  -20    31 c    0   1.83 210.92564 54.31529  1913.44  9710.74 2.46 2.31 -35.1 -0.427    18.50 19.82 02a58876o0963c -0.193548   524288
58884.593779 20.321591      NaN  -11     9 c    0   3.93 210.92564 54.31529  5100.44  1939.10 2.49 2.27  50.4 -0.395    19.82 21.99 02a58884o0827c -0.333333        1
58884.596741 19.894850      NaN   -4    12 c    0   0.97 210.92564 54.31529  5125.17  1974.55 2.44 2.20 -61.4 -0.403    19.85 21.98 02a58884o0833c  0.333333   532480
58884.605408 20.171596      NaN   -7    10 c    0   4.17 210.92564 54.31529  5070.00  1898.18 2.47 2.26 -62.8 -0.402    19.81 21.98 02a58884o0851c  0.100000        1
58884.615927 19.652575      NaN   12    10 c    0   2.60 210.92564 54.31529  5048.38  2016.98 2.43 2.26  52.6 -0.400    19.81 21.99 02a58884o0873c  2.000000     8192
58900.591861 20.171596      NaN   -7    10 c    0   5.45 210.92564 54.31529  7261.73  3477.36 2.54 2.48  71.5 -0.387    19.55 21.59 02a58900o0772c  0.100000        1
58900.593725 19.696897      NaN   -2    14 c    0   2.13 210.92564 54.31529  7283.73  3509.15 2.57 2.43 -67.8 -0.390    19.32 21.32 02a58900o0776c  0.428571        0
58900.597390 19.696897      NaN  -11    16 c    0   1.93 210.92564 54.31529  7225.74  3437.56 2.88 2.78 -67.5 -0.394    19.29 21.41 02a58900o0783c -0.187500        0
58900.608099 19.791368      NaN   -3    13 c    0   2.90 210.92564 54.31529  3379.06  7026.95 2.76 2.65 -56.3 -0.386    19.52 21.66 02a58900o0803c  0.384615        0
58932.513609 19.696897      NaN    1    13 c    0   4.80 210.92564 54.31529  3608.27  8761.18 2.67 2.33 -51.9 -0.412    19.73 21.71 02a58932o0633c  0.692308  8912897
58932.516828 19.719755      NaN    3    12 c    0   5.23 210.92564 54.31529  3589.44  8721.78 2.70 2.37 -52.4 -0.412    19.70 21.70 02a58932o0640c  0.916667  8388609
58932.522331 19.318728      NaN   24    12 c    0   3.38 210.92564 54.31529  3644.21  8797.50 2.66 2.29 -51.7 -0.416    19.71 21.69 02a58932o0652c  2.666667  8388609
58932.532128 19.569016      NaN    7    13 c    0   3.91 210.92564 54.31529  3662.78  8680.30 2.64 2.33 -52.4 -0.413    19.72 21.67 02a58932o0673c  1.153846  8388609
58956.480280 19.743105      NaN    5    11 c    0   3.40 210.92564 54.31529   378.58  1413.31 2.72 2.33 -57.6 -0.410    19.70 21.69 02a58956o0530c  1.181818        1
58956.483493 19.791368      NaN    6    10 c    0   8.17 210.92564 54.31529   358.02  1374.45 2.74 2.36 -59.2 -0.412    19.68 21.70 02a58956o0537c  1.400000        1
58956.489223 20.207197      NaN  -15    10 c    0   2.58 210.92564 54.31529   417.83  1444.05 2.74 2.35 -57.8 -0.413    19.70 21.68 02a58956o0549c -0.700000     8192
58956.499532 19.922338      NaN  -16    13 c    0   3.57 210.92564 54.31529   437.78  1322.83 2.77 2.39 -59.4 -0.415    19.66 21.63 02a58956o0570c -0.615385        1
58960.425104 19.609992      NaN    8    12 c    0   4.77 210.92564 54.31529 10209.22  9164.23 2.96 2.81  45.4 -0.373    19.66 21.55 02a58960o0416c  1.333333  8388609
58960.428590 20.171596      NaN   -7    10 c    0   8.04 210.92564 54.31529   349.97  1378.14 2.56 2.33 -59.0 -0.412    19.70 21.56 02a58960o0423c  0.100000  8388609
58960.434799 19.979496      NaN   -1    10 c    0   7.71 210.92564 54.31529   410.62  1448.71 2.48 2.33 -57.4 -0.416    19.72 21.56 02a58960o0436c  0.700000  8388609
58960.471580 19.979496      NaN   -4    11 c    0   6.56 210.92564 54.31529   436.10  1325.24 2.37 2.29  76.4 -0.421    19.72 21.63 02a58960o0459c  0.363636  8388609
58964.430982 19.128787      NaN  -26    27 c    0   1.89 210.92564 54.31529  7113.12  6919.18 2.52 2.46 -82.0 -0.404    18.74 20.40 02a58964o0427c -0.666667        0
58964.434180 18.615142      NaN   -4    42 c    0   1.23 210.92564 54.31529  7094.43  6879.61 2.54 2.51  85.3 -0.397    18.18 19.79 02a58964o0434c  0.095238        0
58964.440185 19.302877      NaN   10    17 c    0   2.20 210.92564 54.31529  7150.63  6959.06 2.64 2.58 -70.2 -0.393    19.01 20.86 02a58964o0447c  1.058824   524288
58964.475522 19.454622      NaN   16    12 c    0   2.19 210.92564 54.31529  7166.27  6843.70 2.63 2.56  42.1 -0.395    19.59 21.44 02a58964o0523c  2.000000        0
58984.385056 19.950541      NaN   -3    11 c    0  10.27 210.92564 54.31529  1445.92  6797.07 2.37 2.24  10.7 -0.405    19.75 21.72 02a58984o0250c  0.454545  8388609
58984.388259 19.529530      NaN   12    12 c    0   8.73 210.92564 54.31529  1427.57  6756.33 2.38 2.20 -51.1 -0.415    19.79 21.70 02a58984o0257c  1.666667  8388609
58984.393747 19.894850      NaN    5     9 c    0  11.74 210.92564 54.31529  1485.35  6833.16 2.38 2.20 -48.3 -0.421    19.78 21.71 02a58984o0269c  1.444444  8388609
58984.404468 20.103715      NaN  -18    11 c    0   6.74 210.92564 54.31529  1510.68  6715.47 2.37 2.20 -46.0 -0.417    19.79 21.73 02a58984o0290c -0.909091  8388609
58988.407142 19.589310      NaN   15    10 c    0   3.83 210.92564 54.31529  6712.16  3131.15 2.59 2.29  35.4 -0.390    19.71 21.63 02a58988o0375c  2.300000  8388609
58988.410344 20.071303      NaN   -4    10 c    0   4.66 210.92564 54.31529  6694.89  3092.51 2.44 2.34  34.8 -0.395    19.73 21.61 02a58988o0382c  0.400000  8388609
58988.415874 19.743105      NaN    8    10 c    0   3.95 210.92564 54.31529  6752.56  3169.12 2.45 2.31  38.3 -0.394    19.70 21.59 02a58988o0394c  1.600000  8388609
58988.427368 19.696897      NaN   10    10 c    0   6.18 210.92564 54.31529  6777.11  3056.15 2.36 2.34  78.7 -0.396    19.72 21.59 02a58988o0419c  1.800000  8388609
58992.358373 20.103715      NaN  -14    11 c    0   3.74 210.92564 54.31529  6718.54  3138.51 2.63 2.41  33.3 -0.390    19.73 21.75 02a58992o0269c -0.545455  8388609
58992.361575 20.071303      NaN   -7    11 c    0   4.35 210.92564 54.31529  6698.62  3098.64 2.55 2.36  32.6 -0.393    19.72 21.74 02a58992o0276c  0.090909  8388609
58992.367526 19.979496      NaN    2     9 c    0   4.98 210.92564 54.31529  6757.07  3176.24 2.59 2.39  31.5 -0.387    19.74 21.75 02a58992o0289c  1.111111  8388609
58992.401785 19.510313      NaN   19    10 c    0   7.01 210.92564 54.31529  6773.79  3057.17 2.64 2.38  29.0 -0.385    19.70 21.75 02a58992o0362c  2.700000  8388609
59011.354173 20.103715      NaN  -22    11 c    0   2.03 210.92564 54.31529  9019.92  6893.57 3.00 2.95  56.5 -0.382    19.64 21.96 02a59011o0241c -1.272727  8388608
59011.357398 19.922338      NaN  -15    13 c    0   2.68 210.92564 54.31529  8998.41  6847.96 2.93 2.86  55.5 -0.383    19.67 21.95 02a59011o0248c -0.538462  8912896
59011.363858 19.419021      NaN   18    12 c    0   2.94 210.92564 54.31529  9055.04  6929.07 2.94 2.90  48.6 -0.384    19.68 21.95 02a59011o0262c  2.166667  8388608
59011.384568 19.816329 0.328246   35    13 c    0   2.46 210.92564 54.31529  9066.87  6810.47 3.90 3.56  31.2 -0.330    19.44 21.95 02a59011o0306c  3.307692  8912896
59015.333919 19.841877      NaN    4    10 c    0   2.66 210.92564 54.31529  9019.07  6888.09 2.65 2.57  57.7 -0.399    19.78 21.91 02a59015o0200c  1.200000     8192
59015.337583 19.868040      NaN    3    10 c    0   3.58 210.92564 54.31529  9000.28  6847.21 2.63 2.55  63.5 -0.398    19.79 21.90 02a59015o0208c  1.100000        1
59015.343104 19.491430      NaN   14    12 c    0   6.45 210.92564 54.31529  9054.03  6928.09 2.76 2.45  36.0 -0.390    19.78 21.90 02a59015o0220c  1.833333        1
59015.354141 20.103715      NaN  -13    11 c    0   2.63 210.92564 54.31529  9073.12  6813.49 2.69 2.59  67.5 -0.396    19.76 21.87 02a59015o0244c -0.454545     8192
59020.330908 20.009244      NaN  -12    12 c    0   3.91 210.92564 54.31529  6548.14   989.18 2.45 2.32 -69.5 -0.404    19.50 21.38 02a59020o0132c -0.333333        1
59020.334109 19.894850      NaN    5     9 c    0   4.33 210.92564 54.31529  6527.57   948.96 2.44 2.30 -64.1 -0.401    19.75 21.74 02a59020o0139c  1.444444        1
59020.341236 19.491430      NaN   11    13 c    0   2.35 210.92564 54.31529  6587.29  1029.82 2.54 2.42  87.2 -0.392    19.60 21.65 02a59020o0154c  1.461538     8192
59020.352367 19.419021      NaN    9    15 c    0   3.53 210.92564 54.31529  6606.29   906.57 2.36 2.31 -84.9 -0.405    19.43 21.35 02a59020o0178c  1.133333        1
59040.285251 19.894850      NaN   -4    12 c    0   3.88 210.92564 54.31529  8720.74  3101.86 2.87 2.73 -62.1 -0.377    19.58 21.62 02a59040o0091c  0.333333        1
59040.288469 20.207197      NaN   -8    10 c    0   3.32 210.92564 54.31529  8701.02  3061.76 2.82 2.71 -57.9 -0.372    19.58 21.62 02a59040o0098c  0.000000        1
59040.295427 19.791368      NaN    0    12 c    0   2.93 210.92564 54.31529  8760.44  3139.36 2.73 2.65 -60.1 -0.378    19.70 21.65 02a59040o0113c  0.666667     8192
59040.306084 19.652575      NaN    9    11 c    0   2.48 210.92564 54.31529  8781.79  3021.60 2.80 2.70  40.9 -0.379    19.65 21.66 02a59040o0136c  1.545455     8192
59044.317072 20.207197      NaN  -19    10 c    0   6.21 210.92564 54.31529   772.95  3034.50 2.48 2.27 -55.5 -0.400    19.71 21.76 02a59044o0158c -1.100000  8388609
59044.320832 19.589310      NaN   12    11 c    0   7.00 210.92564 54.31529   751.29  2994.45 2.53 2.34 -61.2 -0.401    19.68 21.77 02a59044o0166c  1.818182 12583169
59044.327714 20.244005      NaN   -6     9 c    0   8.40 210.92564 54.31529   813.87  3072.57 2.61 2.46 -60.4 -0.404    19.62 21.76 02a59044o0181c  0.222222  8388609
59044.337475 20.009244      NaN  -27    12 c    0   3.57 210.92564 54.31529   837.00  2952.18 2.75 2.44 -57.4 -0.396    19.60 21.71 02a59044o0202c -1.583333  8388609
59048.285981 20.103715      NaN  -22    11 c    0   4.66 210.92564 54.31529   779.18  3038.87 2.55 2.35  33.6 -0.395    19.64 21.53 02a59048o0095c -1.272727  8388609
59048.290126 19.719755      NaN    0    13 c    0   3.07 210.92564 54.31529   758.41  3000.19 2.65 2.36  36.3 -0.388    19.44 21.30 02a59048o0104c  0.615385  8388609
59048.296595 19.674510      NaN    2    13 c    0   4.28 210.92564 54.31529   817.39  3073.60 2.56 2.32  35.5 -0.393    19.57 21.51 02a59048o0118c  0.769231  8388609
59048.308077 19.719755      NaN    6    11 c    0   5.16 210.92564 54.31529   841.22  2954.05 2.36 2.33  14.1 -0.405    19.68 21.65 02a59048o0143c  1.272727  8388609
59108.240914 19.841877      NaN  -10    14 c    0   4.01 210.92564 54.31529  4738.81  3207.50 2.37 2.34  60.9 -0.401    19.32 20.86 02a59108o0046c -0.142857        1
59108.246004 19.696897      NaN  -36    16 c    0   3.52 210.92564 54.31529  4718.51  3180.60 2.56 2.39  37.6 -0.392    19.27 20.84 02a59108o0057c -1.750000        1
59108.250126 19.766969      NaN  -12    15 c    0   1.98 210.92564 54.31529  4778.08  3251.85 2.42 2.39  51.5 -0.395    19.30 20.84 02a59108o0066c -0.266667     8192
59108.260706 19.743105 0.354044   38    15 c    0   4.33 210.92564 54.31529  4797.55  3141.73 2.62 2.44 -52.2 -0.395    19.22 20.80 02a59108o0089c  3.066667        1
59206.608827 19.384550      NaN   17    13 c    0   5.39 210.92564 54.31529  4750.16  3195.09 2.53 2.47 -30.7 -0.370    19.71 21.84 01a59206o0880c  1.923077  8388609
59206.612058 19.696897      NaN   10    10 c    0   9.17 210.92564 54.31529  4728.22  3160.21 2.57 2.51 -32.3 -0.368    19.69 21.85 01a59206o0887c  1.800000  8388609
59206.617585 20.207197      NaN  -26    10 c    0   8.17 210.92564 54.31529  4789.38  3236.62 2.73 2.64  -7.9 -0.359    19.62 21.85 01a59206o0899c -1.800000  8388609
59206.631405 19.979496      NaN   -7    12 c    0   4.75 210.92564 54.31529  4807.76  3124.79 2.76 2.58  21.5 -0.358    19.63 21.85 01a59206o0929c  0.083333  8388609
59208.639885 19.491430      NaN   20    10 c    0   5.02 210.92564 54.31529  8814.57  1648.98 2.61 2.32 -54.2 -0.407    19.68 21.64 02a59208o0962c  2.800000        1
59208.650450 20.009244      NaN  -12    12 c    0   2.36 210.92564 54.31529  8834.94  1687.96 2.62 2.33 -53.8 -0.404    19.70 21.65 02a59208o0985c -0.333333     8192
59208.655955 19.419021      NaN   21    11 c    0   6.66 210.92564 54.31529  8780.38  1614.67 2.58 2.31 -55.2 -0.401    19.67 21.61 02a59208o0997c  2.636364        1
59208.664725 19.674510      NaN    2    13 c    0   4.11 210.92564 54.31529  8762.08  1735.39 2.57 2.34 -56.4 -0.404    19.41 20.84 02a59208o1016c  0.769231        1
59228.630646 19.791368      NaN    0    12 c    0   3.46 210.92564 54.31529  7512.71  5587.61 2.68 2.51  50.3 -0.390    19.74 21.88 02a59228o0867c  0.666667        1
59228.633851 20.207197      NaN  -15    10 c    0   4.95 210.92564 54.31529  7532.93  5625.92 2.71 2.51  48.7 -0.388    19.72 21.88 02a59228o0874c -0.700000        1
59228.650265 19.454622      NaN   13    13 c    0   3.00 210.92564 54.31529  7480.80  5552.19 2.70 2.49  48.1 -0.390    19.76 21.90 02a59228o0909c  1.615385     8192
59228.658974 20.039830      NaN   -6    11 c    0   5.67 210.92564 54.31529  7461.58  5669.38 2.69 2.45  45.8 -0.392    19.80 21.83 02a59228o0928c  0.181818        1
59230.596813 20.321591      NaN  -14     9 c    0   7.24 210.92564 54.31529  3629.68  8733.22 2.94 2.61 -76.6 -0.397    19.72 22.31 01a59230o0856c -0.666667 12583169
59230.600047 20.207197      NaN  -11    10 c    0   5.97 210.92564 54.31529  3610.34  8695.59 2.90 2.59 -77.2 -0.395    19.77 22.33 01a59230o0863c -0.300000  8388609
59230.605590 19.922338      NaN    1    10 c    0   7.96 210.92564 54.31529  3668.59  8768.95 2.80 2.62 -83.5 -0.389    19.76 22.34 01a59230o0875c  0.900000  8388609
59230.615358 19.569016      NaN   16    10 c    0   7.89 210.92564 54.31529  3687.04  8653.13 2.75 2.58 -80.8 -0.393    19.78 22.39 01a59230o0896c  2.400000  8388609
59238.585766 19.950541      NaN    0    10 c    0  13.66 210.92564 54.31529  1117.76  5151.70 2.29 2.19 -63.9 -0.397    19.95 22.17 01a59238o0765c  0.800000  8912897
59238.588065 19.766969      NaN    7    10 c    0  12.38 210.92564 54.31529  1097.67  5114.56 2.37 2.29 -67.2 -0.388    19.94 22.16 01a59238o0770c  1.500000  8388609
59238.590826 20.321591 0.361912   19     9 c    0  17.68 210.92564 54.31529  1156.57  5191.55 2.39 2.33 -75.4 -0.385    19.95 22.18 01a59238o0776c  3.000000  8388609
59238.595897 19.491430      NaN   20    10 c    0  12.28 210.92564 54.31529  1175.62  5073.53 2.46 2.42 -78.8 -0.383    19.88 22.19 01a59238o0787c  2.800000  8388609
59254.582395 19.719755      NaN    3    12 c    0   5.13 210.92564 54.31529   362.46  1418.35 2.77 2.47  45.1 -0.394    19.64 22.07 01a59254o0809c  0.916667  4194561
59254.584237 19.719755 0.323411   39    14 c    0   3.24 210.92564 54.31529   334.59  1383.85 2.60 2.34  67.2 -0.430    19.62 22.01 01a59254o0813c  3.357143  4194561
59254.587068 17.829663      NaN   74    62 c    0   1.04 210.92564 54.31529   401.55  1456.43 2.53 2.31  66.0 -0.427    19.24 21.52 01a59254o0819c  1.322581     8192
59254.593104 19.696897      NaN    4    12 c    0   6.29 210.92564 54.31529   418.72  1338.73 2.51 2.28  67.6 -0.427    19.76 22.16 01a59254o0832c  1.000000        1
59256.529166 19.841877      NaN    1    11 c    0   2.48 210.92564 54.31529  5350.73  3582.22 2.50 2.34  47.3 -0.402    19.79 21.98 02a59256o0695c  0.818182        0
59256.532384 19.868040      NaN    6     9 c    0   4.00 210.92564 54.31529  5370.02  3621.68 2.63 2.39  45.7 -0.397    19.76 21.98 02a59256o0702c  1.555556  4194561
59256.537897 20.071303      NaN   -4    10 c    0   2.56 210.92564 54.31529  5313.59  3544.70 2.56 2.33  43.2 -0.401    19.81 21.97 02a59256o0714c  0.400000        0
59256.543014 20.207197      NaN  -10    10 c    0   2.90 210.92564 54.31529  5295.25  3660.30 2.62 2.40  46.2 -0.397    19.76 21.98 02a59256o0725c -0.200000        0
59258.571978 20.321591      NaN  -12     9 c    0   4.90 210.92564 54.31529  7127.22  6888.64 2.54 2.52  66.8 -0.368    19.75 22.04 01a59258o0790c -0.444444  8388609
59258.573832 20.321591      NaN  -13     9 c    0   3.85 210.92564 54.31529  7111.88  6846.44 2.73 2.59  43.8 -0.356    19.73 22.03 01a59258o0794c -0.555556  8388609
59258.576596 19.549093      NaN   17    10 c    0   3.40 210.92564 54.31529  7167.42  6926.39 2.69 2.64  62.9 -0.366    19.74 22.04 01a59258o0800c  2.500000  8388609
59258.582589 20.009244      NaN   -2    10 c    0   5.93 210.92564 54.31529  7184.66  6811.90 2.52 2.48  79.4 -0.375    19.80 22.04 01a59258o0813c  0.600000  8388609
59262.501830 20.103715      NaN  -15    11 c    0   3.37 210.92564 54.31529  7124.75  6888.87 2.40 2.25 -88.3 -0.394    19.77 21.77 01a59262o0623c -0.636364  8388609
59262.504607 19.894850      NaN    8     8 c    0  11.36 210.92564 54.31529  7105.99  6849.16 2.40 2.28 -87.4 -0.390    19.78 21.82 01a59262o0629c  2.000000  8388609
59262.508306 19.652575      NaN   12    10 c    0   4.10 210.92564 54.31529  7164.36  6926.41 2.46 2.36  83.5 -0.379    19.75 21.86 01a59262o0637c  2.000000  8388609
59262.514297 19.674510      NaN    5    12 c    0   4.59 210.92564 54.31529  7182.63  6810.28 2.49 2.41  86.1 -0.374    19.77 21.85 01a59262o0650c  1.083333  8388609
59288.544037 19.436675      NaN   20    11 c    0   4.23 210.92564 54.31529  5465.24  8636.95 2.42 2.34  52.7 -0.408    19.81 21.80 02a59288o0704c  2.545455        1
59288.579411 20.103715      NaN  -15    11 c    0   4.38 210.92564 54.31529  5442.72  8596.31 2.56 2.31  34.1 -0.396    19.77 21.76 02a59288o0780c -0.636364        1
59288.607793 18.921935      NaN   27    21 c    0   2.08 210.92564 54.31529  5493.80  8670.10 2.61 2.36  33.3 -0.390    18.70 20.56 02a59288o0841c  1.666667   532480
59288.632589 19.351140      NaN   22    12 c    0   3.42 210.92564 54.31529  5508.75  8550.20 2.78 2.35  41.2 -0.386    19.67 21.69 02a59288o0894c  2.500000        1
59292.459472 20.207197      NaN  -14    10 c    0   2.35 210.92564 54.31529  1727.75  5342.12 2.49 2.30  55.8 -0.413    19.75 21.80 02a59292o0510c -0.600000        0
59292.462673 19.719755      NaN    0    13 c    0   1.31 210.92564 54.31529  1750.91  5381.74 2.46 2.31  60.5 -0.409    19.74 21.78 02a59292o0517c  0.615385        0
59292.466844 20.321591      NaN  -26     9 c    0   2.55 210.92564 54.31529  1690.32  5302.43 2.59 2.36  48.1 -0.401    19.72 21.79 02a59292o0526c -2.000000   524288
59292.473270 20.039830      NaN   -3    10 c    0   1.73 210.92564 54.31529  1672.04  5417.66 2.52 2.31  48.3 -0.404    19.74 21.81 02a59292o0540c  0.500000        0
59292.649611 19.766969      NaN  -12    15 c    0   2.82 210.92564 54.31529  8868.18  5202.81 2.51 2.32  36.6 -0.396    19.18 20.41 02a59292o0918c -0.266667        0
59310.449546 19.894850      NaN    2    10 c    0   2.26 210.92564 54.31529  9027.57  6858.19 2.61 2.41  87.6 -0.400    20.01 21.98 01a59310o0425c  1.000000     8192
59310.451851 19.816329      NaN   -1    12 c    0   2.20 210.92564 54.31529  9008.13  6818.68 2.58 2.43 -85.0 -0.393    20.03 21.99 01a59310o0430c  0.583333     8192
59310.455624 20.039830      NaN    0     9 c    0   2.23 210.92564 54.31529  9070.06  6895.62 2.54 2.41  87.5 -0.394    20.01 21.99 01a59310o0438c  0.888889  4194560
59310.464868 20.207197      NaN   -5     9 c    0   6.07 210.92564 54.31529  9086.31  6779.73 2.61 2.55 -83.2 -0.385    19.96 22.08 01a59310o0457c  0.333333        1
59314.443833 20.009244      NaN    1     9 c    0  10.40 210.92564 54.31529  6520.55   974.33 2.46 2.29   5.9 -0.391    19.96 21.85 01a59314o0481c  1.000000  8388609
59314.445680 19.979496 0.293442   29    10 c    0   8.04 210.92564 54.31529  6501.33   935.14 2.67 2.39  -6.2 -0.369    19.94 21.88 01a59314o0485c  3.700000  8388609
59314.448467 20.321591      NaN  -10     9 c    0   3.87 210.92564 54.31529  6563.03  1014.07 2.62 2.37  -2.3 -0.372    19.95 21.87 01a59314o0491c -0.222222  8388609
59314.453560 20.039830      NaN    0     9 c    0   8.46 210.92564 54.31529  6577.98   900.93 2.40 2.20 -18.8 -0.396    19.97 21.86 01a59314o0502c  0.888889  8388609
59318.482085 20.207197      NaN  -14    10 c    0   3.52 210.92564 54.31529  4058.92  9610.44 2.42 2.28 -41.1 -0.387    19.76 21.52 01a59318o0559c -0.600000        1
59318.517343 20.039830      NaN    0     9 c    0   2.62 210.92564 54.31529  4086.09  9644.19 2.29 2.10 -51.4 -0.388    19.89 21.56 01a59318o0635c  0.888889     8192
59318.520566 19.766969      NaN   10     9 c    0   4.19 210.92564 54.31529  4026.61  9566.43 2.28 2.08 -45.0 -0.388    19.89 21.57 01a59318o0642c  2.000000        1
59318.543605 20.321591      NaN  -26     9 c    0   2.81 210.92564 54.31529  4012.45  9680.24 2.28 2.10 -53.4 -0.387    19.86 21.46 01a59318o0691c -2.000000   532480
59322.408613 20.321591      NaN  -12     9 c    0  10.29 210.92564 54.31529  3055.52  4990.51 2.30 2.21 -82.0 -0.395    19.96 21.79 01a59322o0383c -0.444444  8912897
59322.410910 20.207197 0.361912   22    10 c    0  13.38 210.92564 54.31529  3035.68  4952.27 2.29 2.17 -84.1 -0.398    19.97 21.80 01a59322o0388c  3.000000  8388609
59322.414135 20.321591 0.321700   19     8 c    0  18.27 210.92564 54.31529  3093.30  5027.83 2.24 2.12 -74.8 -0.401    19.99 21.81 01a59322o0395c  3.375000  8388609
59322.419674 20.282105 0.310210   20     8 c    0  10.39 210.92564 54.31529  3111.75  4912.67 2.33 2.19 -67.2 -0.399    19.92 21.79 01a59322o0407c  3.500000  8388609
59344.419514 19.766969      NaN   10     9 c    0   8.25 210.92564 54.31529  1106.73  5167.07 2.37 2.24 -41.3 -0.422    19.73 21.69 02a59344o0385c  2.000000  8912897
59344.423635 19.766969      NaN    7    10 c    0  11.51 210.92564 54.31529  1087.17  5128.36 2.39 2.26 -41.5 -0.418    19.71 21.70 02a59344o0394c  1.500000  8388609
59344.429702 19.766969      NaN    4    11 c    0   3.94 210.92564 54.31529  1147.65  5201.88 2.40 2.26 -46.5 -0.423    19.71 21.72 02a59344o0407c  1.090909  8388609
59344.462022 19.696897 0.248815   40    11 c    0  11.83 210.92564 54.31529  1165.81  5079.13 2.33 2.28 -19.3 -0.419    19.69 21.62 02a59344o0474c  4.363636  8388609
59370.364702 20.207197      NaN   -5     9 c    0   1.46 210.92564 54.31529  2005.41  9674.94 2.28 2.04 -63.0 -0.402    19.99 22.07 01a59370o0279c  0.333333        0
59370.367930 20.321591      NaN  -15     9 c    0   1.35 210.92564 54.31529  2026.83  9714.10 2.32 2.08 -64.5 -0.402    20.00 22.06 01a59370o0286c -0.777778        0
59370.374378 20.137125      NaN   -3     9 c    0   1.20 210.92564 54.31529  1964.68  9634.01 2.25 1.99 -65.0 -0.405    20.01 22.04 01a59370o0300c  0.555556        0
59370.408119 19.922338      NaN    1    10 c    0   1.63 210.92564 54.31529  1949.24  9747.41 2.37 2.12 -61.7 -0.407    19.96 22.00 01a59370o0367c  0.900000        0
59374.345057 19.868040 0.238332   33     9 c    0   5.24 210.92564 54.31529  2006.64  9677.82 2.45 2.21 -61.4 -0.392    19.98 22.03 01a59374o0234c  4.555556        1
59374.348286 20.207197      NaN  -10    10 c    0   0.96 210.92564 54.31529  2028.00  9716.02 2.30 2.10 -65.3 -0.401    19.98 22.02 01a59374o0241c -0.200000     8192
59374.353832 20.039830      NaN    0     9 c    0   5.02 210.92564 54.31529  1969.48  9637.77 2.30 2.10 -53.8 -0.390    19.99 22.02 01a59374o0253c  0.888889        1
59374.364434 19.816329      NaN    5    10 c    0   2.11 210.92564 54.31529  1949.02  9752.86 2.38 2.11 -62.1 -0.402    19.97 22.04 01a59374o0276c  1.300000     8192
59378.326788 19.791368      NaN    6    10 c    0   2.80 210.92564 54.31529  5030.92  1940.61 2.15 2.08  53.3 -0.401    19.98 21.72 01a59378o0193c  1.400000        0
59378.330008 20.321591      NaN  -14     9 c    0   1.70 210.92564 54.31529  5051.81  1981.08 2.17 2.12  31.9 -0.400    19.93 21.73 01a59378o0200c -0.666667        0
59378.335546 20.321591      NaN  -15     9 c    0   4.95 210.92564 54.31529  4995.83  1902.81 2.21 2.11  19.8 -0.398    19.97 21.75 01a59378o0212c -0.777778        1
59378.348438 20.207197      NaN  -11    10 c    0   1.79 210.92564 54.31529  4981.22  2018.04 2.24 2.16  11.1 -0.391    19.97 21.87 01a59378o0240c -0.300000        0
59404.284177 19.609992      NaN    2    14 c    0   4.71 210.92564 54.31529  1736.09  8915.45 2.63 1.98 -48.8 -0.449    19.74 21.54 02a59404o0088c  0.714286 12583169
59404.287411 19.816329      NaN    2    11 c    0   4.25 210.92564 54.31529  1716.18  8876.65 2.68 2.01 -50.2 -0.440    19.73 21.54 02a59404o0095c  0.909091  8388609
59404.292910 19.950541      NaN    0    10 c    0   6.68 210.92564 54.31529  1770.59  8949.33 2.61 2.07 -51.0 -0.432    19.70 21.51 02a59404o0107c  0.800000  8388609
59404.302990 19.302877      NaN   22    13 c    0   3.24 210.92564 54.31529  1790.70  8830.22 2.68 2.07 -50.0 -0.437    19.66 21.51 02a59404o0129c  2.307692  8388609
59408.274563 19.384550      NaN   20    12 c    0   4.04 210.92564 54.31529  1738.62  8914.63 2.59 2.03 -48.8 -0.440    19.66 21.40 02a59408o0068c  2.333333  8388609
59408.277767 19.766969      NaN  -12    15 c    0   6.74 210.92564 54.31529  1717.29  8875.46 2.61 2.15 -52.0 -0.423    19.64 21.42 02a59408o0075c -0.266667  8388609
59408.283262 19.894850      NaN   -1    11 c    0   4.58 210.92564 54.31529  1772.28  8950.41 2.58 2.16 -51.2 -0.431    19.62 21.42 02a59408o0087c  0.636364  8388609
59408.295675 19.922338      NaN  -23    13 c    0   3.23 210.92564 54.31529  1794.02  8829.63 2.52 2.08 -47.9 -0.435    19.67 21.47 02a59408o0114c -1.153846  8388609
59426.249901 20.103715      NaN  -28    11 c    0   2.21 210.92564 54.31529  6895.05  1784.13 2.36 2.16 -72.8 -0.407    19.54 20.73 01a59426o0032c -1.818182        0
59426.253177 19.841877      NaN  -21    14 c    0   1.03 210.92564 54.31529  6914.08  1824.12 2.40 2.20 -74.5 -0.404    19.71 21.20 01a59426o0039c -0.928571        0
59426.258716 20.103715      NaN  -21    11 c    0   1.27 210.92564 54.31529  6859.81  1749.05 2.29 2.16 -72.7 -0.405    19.86 21.60 01a59426o0051c -1.181818        0
59426.272762 20.321591      NaN  -18     9 c    0   3.42 210.92564 54.31529  6843.68  1866.64 2.31 2.17 -74.9 -0.407    19.88 21.67 01a59426o0081c -1.111111   524289
59430.242183 19.063754      NaN   -3    27 c    0   1.49 210.92564 54.31529  6895.21  1788.79 2.31 2.17 -36.3 -0.389    18.64 19.07 01a59430o0020c  0.185185        0
59430.244954 19.302877      NaN  -34    23 c    0   0.77 210.92564 54.31529  6915.37  1825.29 2.30 2.14 -75.4 -0.400    19.10 19.81 01a59430o0026c -1.130435        0
59430.250541 20.207197      NaN  -22    10 c    0   1.74 210.92564 54.31529  6863.99  1751.32 2.31 2.15 -75.1 -0.398    19.66 20.96 01a59430o0038c -1.400000        0
59430.260749 20.009244      NaN  -31    12 c    0   1.14 210.92564 54.31529  6845.68  1866.34 2.36 2.19 -80.1 -0.402    19.86 21.60 01a59430o0060c -1.916667        0
59434.246925 19.766969      NaN  -40    15 c    0   1.63 210.92564 54.31529  9441.05  5343.26 2.85 2.42 -84.2 -0.365    19.33 20.53 01a59434o0034c -2.133333   524288
59434.250609 19.696897      NaN   -2    14 c    0   1.87 210.92564 54.31529  9461.35  5378.39 2.84 2.40 -87.2 -0.376    19.54 21.12 01a59434o0042c  0.428571        0
59434.256155 19.922338      NaN  -15    13 c    0   1.91 210.92564 54.31529  9402.81  5308.28 2.78 2.39 -81.9 -0.380    19.71 21.52 01a59434o0054c -0.538462        0
59434.267220 20.103715      NaN  -32    11 c    0   3.06 210.92564 54.31529  9386.27  5427.39 2.50 2.22 -79.5 -0.399    19.85 21.64 01a59434o0078c -2.181818        1
59588.641428 19.589310      NaN   15    10 c    0   2.28 210.92564 54.31529  3851.74  7444.15 2.64 2.40  46.7 -0.398    19.65 21.81 02a59588o0978c  2.300000        0
59588.646929 19.529530      NaN    9    13 c    0   2.68 210.92564 54.31529  3872.60  7482.56 2.57 2.39  44.6 -0.407    19.61 21.81 02a59588o0990c  1.307692        0
59588.658083 19.589310      NaN   12    11 c    0   6.06 210.92564 54.31529  3812.76  7403.32 2.56 2.35  45.7 -0.405    19.61 21.75 02a59588o1014c  1.818182        1
59588.665789 19.529530      NaN    9    13 c    0   2.98 210.92564 54.31529  3789.35  7522.87 2.65 2.37  46.6 -0.397    19.46 21.22 02a59588o1030c  1.307692        0
59615.558656 19.868040      NaN    3    10 c    0   2.63 210.92564 54.31529  1540.20  3700.76 2.42 2.36  62.0 -0.421    19.60 21.48 02a59615o0775c  1.100000        0
59615.561412 19.868040      NaN   -3    12 c    0   1.80 210.92564 54.31529  1559.87  3739.79 2.41 2.34  54.6 -0.424    19.61 21.49 02a59615o0781c  0.416667  4194560
59615.564167 19.816329      NaN    5    10 c    0   1.78 210.92564 54.31529  1501.42  3660.02 2.54 2.37  44.4 -0.417    19.59 21.49 02a59615o0787c  1.300000        0
59615.571520 19.384550      NaN   20    12 c    0   1.56 210.92564 54.31529  1484.01  3775.03 2.45 2.37  58.7 -0.420    19.60 21.51 02a59615o0803c  2.333333   524288
59619.586609 19.510313      NaN    7    14 c    0   1.57 210.92564 54.31529  4038.54  9595.64 2.54 2.48  49.2 -0.406    19.67 21.67 02a59619o0807c  1.071429        0
59619.588435 19.696897      NaN    1    13 c    0   1.93 210.92564 54.31529  4058.49  9635.17 2.57 2.47  50.0 -0.405    19.66 21.67 02a59619o0811c  0.692308        0
59619.592559 19.652575      NaN   -3    15 c    0   2.02 210.92564 54.31529  3996.15  9556.13 2.64 2.44  46.5 -0.396    19.63 21.67 02a59619o0820c  0.333333        0
59619.610269 19.142275      NaN   24    16 c    0   2.74 210.92564 54.31529  3974.91  9673.61 2.66 2.46  42.7 -0.396    19.65 21.62 02a59619o0858c  2.000000        0
59639.510262 19.894850      NaN   -4    12 c    0   1.78 210.92564 54.31529  1851.59  7499.11 2.33 2.28  62.5 -0.428    19.73 21.72 02a59639o0653c  0.333333        0
59639.513468 20.103715      NaN  -12    11 c    0   1.64 210.92564 54.31529  1871.61  7539.31 2.44 2.32  41.7 -0.416    19.69 21.70 02a59639o0660c -0.363636        0
59639.516215 20.103715      NaN  -23    11 c    0   2.32 210.92564 54.31529  1812.13  7458.24 2.32 2.27  60.9 -0.432    19.71 21.71 02a59639o0666c -1.363636        0
59639.522156 20.207197      NaN   -9    10 c    0   2.53 210.92564 54.31529  1792.10  7574.16 2.36 2.31  70.5 -0.429    19.72 21.72 02a59639o0679c -0.100000        0
59643.579606 19.384550      NaN    5    17 c    0   2.65 210.92564 54.31529   783.63  3023.93 2.23 2.10   6.3 -0.449    19.23 21.76 02a59643o0746c  0.764706     8192
59643.582534 19.351140      NaN   16    14 c    0   5.42 210.92564 54.31529   761.98  2983.40 2.24 2.12   1.9 -0.448    19.21 21.75 02a59643o0752c  1.714286        1
59643.617736 19.609992      NaN    2    14 c    0   3.47 210.92564 54.31529   820.39  3056.87 2.33 2.09  29.8 -0.439    19.25 21.72 02a59643o0823c  0.714286        1
59643.623182 19.183773      NaN   27    14 c    0   3.71 210.92564 54.31529   841.48  2935.02 2.25 2.12   8.3 -0.448    19.22 21.71 02a59643o0834c  2.500000        1
59647.511394 18.933071      NaN   35    18 c    0   2.83 210.92564 54.31529  9804.09  7547.32 2.70 2.33  86.8 -0.448    18.96 21.75 02a59647o0432c  2.388889   524288
59647.514333 18.867907      NaN   29    22 c    0   1.14 210.92564 54.31529  9825.24  7584.63 2.73 2.33  80.0 -0.441    18.94 21.77 02a59647o0438c  1.681818   524288
59647.519354 17.782105      NaN   56    72 c    0   0.71 210.92564 54.31529  9766.18  7511.98 2.65 2.37  80.1 -0.451    17.72 20.47 02a59647o0448c  0.888889        0
59647.539712 19.128787      NaN    4    23 c    0   1.31 210.92564 54.31529  9750.97  7632.09 2.89 2.56  68.1 -0.421    18.89 21.75 02a59647o0488c  0.521739        0
59671.401837 19.743105      NaN   -7    15 c    0   2.48 210.92564 54.31529  3627.14  5816.64 2.72 2.52  41.0 -0.395    19.49 21.62 02a59671o0314c  0.066667        0
59671.428617 19.841877      NaN  -20    14 c    0   2.18 210.92564 54.31529  3661.10  5853.96 2.79 2.53  42.6 -0.393    19.53 21.63 02a59671o0371c -0.857143   524288
59671.431827 19.841877      NaN  -10    14 c    0   2.64 210.92564 54.31529  3603.18  5779.64 2.92 2.59  44.1 -0.384    19.45 21.63 02a59671o0378c -0.142857        0
59671.437311 19.529530      NaN    0    16 c    0   1.80 210.92564 54.31529  3583.49  5896.43 2.95 2.56  40.6 -0.386    19.42 21.63 02a59671o0390c  0.500000   524288
59675.445368 16.896491      NaN -177   211 c    0   2.14 210.92564 54.31529  1948.16  9621.16 2.53 2.40  40.7 -0.389    16.29 18.27 02a59675o0501c -0.800948 12584962
59675.451766 18.362890      NaN   18    46 c    0   5.02 210.92564 54.31529  1927.84  9737.18 2.41 2.35  28.8 -0.457    18.45 20.52 02a59675o0515c  0.565217  8912897
59679.432660 19.026525      NaN   12    23 c    0   1.51 210.92564 54.31529  1984.48  9660.92 2.54 2.39  41.4 -0.435    18.97 20.69 02a59679o0440c  0.869565        0
59679.438161 18.900000      NaN   17    25 c    0   2.23 210.92564 54.31529  2004.94  9699.08 2.48 2.38  33.5 -0.440    18.97 20.71 02a59679o0452c  1.000000        0
59679.439989 19.076453      NaN   17    20 c    0   1.57 210.92564 54.31529  1943.95  9618.99 2.48 2.36  33.4 -0.449    18.99 20.72 02a59679o0456c  1.250000        0
59679.445014 19.302877      NaN  -32    23 c    0   1.88 210.92564 54.31529  1921.97  9736.68 2.48 2.41  31.2 -0.442    19.00 20.75 02a59679o0467c -1.043478        0
59695.447397 19.454622      NaN   16    12 c    0   3.99 210.92564 54.31529  8851.37  5227.40 2.73 2.49  32.2 -0.400    19.49 21.38 02a59695o0478c  2.000000        1
59695.450623 19.589310      NaN    3    14 c    0   1.92 210.92564 54.31529  8831.91  5187.07 2.66 2.39  33.1 -0.403    19.51 21.38 02a59695o0485c  0.785714        0
59695.485942 19.743105      NaN   -4    14 c    0   1.64 210.92564 54.31529  8881.91  5266.42 2.75 2.44  30.1 -0.390    19.47 21.34 02a59695o0561c  0.285714   524288
59695.514381 19.510313      NaN  -29    19 c    0   2.42 210.92564 54.31529  8898.95  5150.88 2.77 2.40  28.5 -0.395    19.02 20.86 02a59695o0622c -1.105263   524288
59699.416003 15.880914      NaN  294   437 c    0   1.54 210.92564 54.31529  3326.16  7107.64 2.64 2.33  24.5 -0.397    15.53 16.82 02a59699o0410c  0.691076  4196354
59699.419220 18.292405      NaN   47    40 c    0   1.05 210.92564 54.31529  3308.99  7072.28 2.59 2.33  26.2 -0.397    18.25 19.68 02a59699o0417c  1.375000     8192
59699.424739 17.829663      NaN    5    85 c    0   1.69 210.92564 54.31529  3364.93  7146.21 2.63 2.33  24.2 -0.400    17.23 18.61 02a59699o0429c  0.152941     8192
59699.459844 19.271854      NaN    0    21 c    0   3.14 210.92564 54.31529  3370.59  7027.16 2.58 2.25  27.2 -0.396    18.82 20.34 02a59699o0505c  0.380952  4194561
59723.379391 19.841877      NaN  -30    14 c    0   3.07 210.92564 54.31529  5005.80  4866.17 2.69 2.33  28.8 -0.399    19.57 21.29 02a59723o0312c -1.571429        1
59723.382603 19.791368      NaN   -6    14 c    0   2.63 210.92564 54.31529  4983.03  4824.99 2.96 2.46  29.7 -0.388    19.52 21.28 02a59723o0319c  0.142857     8192
59723.388089 19.510313      NaN   13    12 c    0   4.48 210.92564 54.31529  5043.98  4903.25 2.69 2.30  28.4 -0.402    19.58 21.25 02a59723o0331c  1.750000        1
59723.400898 19.609992      NaN    8    12 c    0   2.49 210.92564 54.31529  5062.61  4789.11 2.76 2.37  26.9 -0.397    19.55 21.26 02a59723o0359c  1.333333     8192
59727.350487 17.862567      NaN   63    63 c    0   1.46 210.92564 54.31529  5010.34  4872.31 2.68 2.28  31.0 -0.399    17.52 18.91 02a59727o0248c  1.126984        0
59727.353687 18.693037      NaN   44    23 c    0   1.85 210.92564 54.31529  4990.72  4832.94 2.65 2.25  29.9 -0.401    18.58 20.08 02a59727o0255c  2.260870        0
59727.360089 18.142010      NaN  -50    67 c    0   0.78 210.92564 54.31529  5048.62  4908.50 2.64 2.25  30.6 -0.403    17.59 18.92 02a59727o0269c -0.626866  4194560
59727.371522 18.786693      NaN -124    37 c    0   2.30 210.92564 54.31529  5069.38  4791.15 2.81 2.30  31.3 -0.389    18.00 19.43 02a59727o0294c -3.135135   528384
59731.393020 19.696897      NaN    1    13 c    0   2.93 210.92564 54.31529  3597.12  8754.61 2.73 2.67  34.7 -0.391    19.54 21.53 02a59731o0172c  0.692308     8192
59731.398541 19.367717      NaN   18    13 c    0   3.56 210.92564 54.31529  3577.07  8715.45 2.84 2.66  42.3 -0.386    19.56 21.51 02a59731o0184c  2.000000        1
59731.401810 19.436675      NaN    5    16 c    0   2.38 210.92564 54.31529  3633.68  8792.39 2.61 2.58  47.9 -0.392    19.59 21.52 02a59731o0191c  0.812500     8192
59731.414645 19.454622      NaN   13    13 c    0   3.88 210.92564 54.31529  3651.22  8671.64 2.70 2.54  25.0 -0.395    19.57 21.46 02a59731o0219c  1.615385        1
59751.314809 19.766969      NaN    1    12 c    0   6.29 210.92564 54.31529  4505.56  1085.73 2.41 2.29  78.8 -0.428    19.65 21.48 02a59751o0156c  0.750000  8388609
59751.318028 19.696897 0.226195   40    10 c    0  11.60 210.92564 54.31529  4485.34  1049.33 2.38 2.26  74.3 -0.429    19.63 21.48 02a59751o0163c  4.800000  8388609
59751.323522 19.569016      NaN   13    11 c    0   7.11 210.92564 54.31529  4546.62  1124.51 2.33 2.24  80.2 -0.430    19.66 21.47 02a59751o0175c  1.909091  8388609
59751.334507 19.631075      NaN   10    11 c    0   6.40 210.92564 54.31529  4567.93  1012.28 2.51 2.36  84.3 -0.424    19.64 21.45 02a59751o0199c  1.636364  8388609
59783.267980 19.652575 0.260577   42    12 c    0   8.89 210.92564 54.31529  1453.73  6788.87 2.41 2.26 -40.4 -0.429    19.57 21.12 02a59783o0058c  4.166667  8388609
59783.271622 19.816329      NaN   -7    14 c    0   4.84 210.92564 54.31529  1434.52  6749.81 2.58 2.37 -49.0 -0.424    19.53 21.16 02a59783o0066c  0.071429  8388609
59783.278464 20.039830      NaN   -6    11 c    0   9.36 210.92564 54.31529  1490.81  6825.49 2.47 2.25 -47.3 -0.431    19.60 21.20 02a59783o0081c  0.181818  8388609
59783.292955 19.569016      NaN    1    15 c    0   4.16 210.92564 54.31529  1509.81  6705.17 2.37 2.17 -49.2 -0.441    19.57 21.12 02a59783o0113c  0.600000  8388609
59787.293213 19.868040      NaN   -3    12 c    0   4.18 210.92564 54.31529  6722.40  3132.06 2.82 2.75  54.6 -0.404    19.41 21.28 02a59787o0117c  0.416667        1
59787.297291 19.841877      NaN  -10    14 c    0   1.95 210.92564 54.31529  6702.17  3089.50 2.90 2.84  55.0 -0.387    19.39 21.27 02a59787o0126c -0.142857   524288
59787.303716 19.922338      NaN  -27    13 c    0   1.99 210.92564 54.31529  6759.82  3164.89 2.85 2.76  41.4 -0.391    19.42 21.26 02a59787o0140c -1.461538        0
59787.318300 19.841877      NaN  -19    14 c    0   2.90 210.92564 54.31529  6781.07  3046.68 2.85 2.72  38.4 -0.390    19.44 21.27 02a59787o0172c -0.785714   524288
59811.240646 18.816441      NaN  -19    36 c    0   0.92 210.92564 54.31529  9023.08  6885.22 2.67 2.41  28.7 -0.410    18.72 19.75 02a59811o0025c -0.305556     8192
59811.243827 18.921935      NaN   36    18 c    0   3.39 210.92564 54.31529  9002.54  6843.35 2.59 2.43  26.8 -0.415    19.14 20.36 02a59811o0032c  2.444444        1
59811.251095 19.766969      NaN  -19    15 c    0   2.35 210.92564 54.31529  9061.24  6921.41 2.65 2.49  25.0 -0.411    19.43 21.04 02a59811o0048c -0.733333     8192
59811.262036 19.743105      NaN   -4    14 c    0   3.24 210.92564 54.31529  9079.52  6803.21 2.61 2.49  24.2 -0.418    19.49 21.14 02a59811o0072c  0.285714        1
59819.241262 19.631075      NaN  -18    17 c    0   2.73 210.92564 54.31529  6562.74   984.32 2.35 2.22  58.9 -0.407    19.14 20.53 02a59819o0037c -0.588235     8192
59819.246702 19.367717      NaN   21    12 c    0   3.74 210.92564 54.31529  6541.47   944.47 2.35 2.24  85.5 -0.415    19.34 20.93 02a59819o0049c  2.416667        1
59819.249867 19.569016      NaN    7    13 c    0   3.76 210.92564 54.31529  6602.38  1024.60 2.52 2.40  83.9 -0.399    19.35 21.00 02a59819o0056c  1.153846        1
59819.259883 19.609992 0.250555   44    12 c    0  13.67 210.92564 54.31529  6625.15   907.20 2.40 2.23 -75.1 -0.426    19.37 21.05 02a59819o0078c  4.333333        1
59841.218401 18.186107      NaN   35    50 c    0   1.36 210.92564 54.31529  6991.59  9564.01 3.07 2.87  65.8 -0.352    17.82 19.42 01a59841o0022c  0.860000        0
59841.222104 18.590371      NaN   38    29 c    0   1.32 210.92564 54.31529  7012.38  9604.77 3.06 2.87  69.6 -0.351    18.50 20.18 01a59841o0030c  1.586207        0
59841.232292 19.491430      NaN   -4    18 c    0   2.10 210.92564 54.31529  6950.35  9533.07 3.10 2.92  73.0 -0.347    18.98 20.90 01a59841o0052c  0.222222        0
59841.238300 19.510313      NaN  -31    19 c    0   1.65 210.92564 54.31529  6930.20  9649.94 3.11 2.95  72.0 -0.345    19.00 20.95 01a59841o0065c -1.210526        0
59999.634833 18.438271      NaN   52    31 c    0   1.26 210.92564 54.31529  9206.58  9024.66 2.78 2.66  59.1 -0.391    18.65 20.44 02a59999o0111c  1.935484   524288
59999.637641 19.318728      NaN   -3    21 c    0   2.51 210.92564 54.31529  9187.33  8982.43 2.79 2.68  51.6 -0.386    18.85 20.68 02a59999o0117c  0.238095   524288
59999.650179 18.675237      NaN   34    27 c    0   1.97 210.92564 54.31529  9241.49  9062.86 2.79 2.58  41.8 -0.389    18.66 20.40 02a59999o0142c  1.555556   524288
59999.656837 19.197966      NaN   -7    25 c    0   1.27 210.92564 54.31529  9258.64  8944.09 2.74 2.67  55.0 -0.388    18.85 20.61 02a59999o0155c  0.040000  4194560
60048.393577 20.009244      NaN   -8    12 c    0   3.52 210.92564 54.31529  5689.72  7358.61 2.59 2.31  44.1 -0.410    19.52 21.42 02a60048o0341c  0.000000  8388609
60048.395386 19.351140      NaN   22    12 c    0   5.13 210.92564 54.31529  5709.74  7397.30 2.60 2.33  43.3 -0.410    19.55 21.42 02a60048o0345c  2.500000  8388609
60048.401280 19.719755      NaN    0    13 c    0   3.02 210.92564 54.31529  5651.02  7320.88 2.65 2.34  41.5 -0.408    19.55 21.43 02a60048o0357c  0.615385  8388609
60048.436787 19.841877      NaN   -2    12 c    0   4.31 210.92564 54.31529  5632.70  7440.27 2.60 2.30  36.8 -0.410    19.59 21.48 02a60048o0428c  0.500000  8388609
60050.476350 19.384550      NaN    8    16 c    0   3.61 210.92564 54.31529  7486.02  9057.02 2.56 2.41  41.0 -0.420    19.44 21.13 02a60050o0512c  1.000000        1
60050.479980 18.990530      NaN   24    20 c    0   1.54 210.92564 54.31529  7466.48  9015.63 2.54 2.42  44.1 -0.415    19.18 20.81 02a60050o0520c  1.600000   524288
60050.515339 19.318728      NaN   18    14 c    0   1.92 210.92564 54.31529  7521.21  9090.34 2.58 2.38  37.7 -0.410    19.51 21.22 02a60050o0595c  1.857143        0
60050.521155 19.841877      NaN   -8    14 c    0   1.54 210.92564 54.31529  7539.29  8970.37 2.62 2.41  36.4 -0.410    19.50 21.21 02a60050o0607c  0.000000   524288
60052.473293 19.766969      NaN  -10    15 c    0   2.30 210.92564 54.31529  5199.59  4857.02 2.42 2.19  34.7 -0.405    19.31 20.97 02a60052o0517c -0.133333   524288
60052.476484 19.436675      NaN   -1    18 c    0   1.77 210.92564 54.31529  5179.97  4817.44 2.52 2.21  29.4 -0.396    19.08 20.78 02a60052o0524c  0.388889        0
60052.509238 19.674510      NaN    5    12 c    0   2.20 210.92564 54.31529  5240.09  4886.75 2.54 2.21  32.3 -0.400    19.45 21.04 02a60052o0592c  1.083333        0
60052.515613 19.256669      NaN   16    16 c    0   3.51 210.92564 54.31529  5261.12  4768.40 2.56 2.21  33.7 -0.395    19.42 20.99 02a60052o0605c  1.500000        1
60056.426687 19.102305      NaN   27    16 c    0   4.66 210.92564 54.31529  1310.27  5153.22 2.48 2.28  20.1 -0.423    19.44 21.06 02a60056o0426c  2.187500        1
60056.430308 19.609992 0.250555   44    12 c    0   7.46 210.92564 54.31529  1291.92  5112.88 2.60 2.46  11.6 -0.417    19.37 21.05 02a60056o0434c  4.333333        1
60056.465450 19.436675      NaN   14    13 c    0   6.40 210.92564 54.31529  1344.22  5180.61 2.42 2.22  19.9 -0.426    19.49 21.06 02a60056o0509c  1.692308        1
60056.470537 19.631075      NaN   -5    16 c    0   2.95 210.92564 54.31529  1366.12  5061.89 2.42 2.23  16.6 -0.423    19.47 21.04 02a60056o0520c  0.187500     8192
60058.400358 19.212347      NaN   16    17 c    0   2.19 210.92564 54.31529  5930.21  9497.35 2.76 2.42  41.3 -0.397    19.41 21.02 02a60058o0368c  1.411765     8192
60058.403081 19.841877      NaN  -15    14 c    0   3.10 210.92564 54.31529  5951.35  9534.38 2.74 2.41  37.3 -0.401    19.44 21.03 02a60058o0374c -0.500000   524289
60058.406260 19.922338      NaN  -19    13 c    0   2.91 210.92564 54.31529  5889.30  9458.97 2.79 2.42  42.0 -0.393    19.44 21.03 02a60058o0381c -0.846154     8192
60058.412604 19.894850 0.352864   32    13 c    0   3.11 210.92564 54.31529  5868.52  9578.52 2.73 2.40  39.1 -0.397    19.44 21.03 02a60058o0395c  3.076923  4194561
60076.451715 19.922338      NaN  -21    13 c    0   3.45 210.92564 54.31529  6730.48   970.72 2.33 2.17 -71.8 -0.422    19.51 21.04 02a60076o0241c -1.000000        1
60076.455118 19.302877      NaN   19    14 c    0   1.50 210.92564 54.31529  6711.33   932.89 2.31 2.11 -75.3 -0.429    19.50 21.03 02a60076o0248c  1.928571     8192
60076.458122 19.696897      NaN    4    12 c    0   3.70 210.92564 54.31529  6772.88  1012.54 2.32 2.11 -72.6 -0.428    19.54 21.05 02a60076o0254c  1.000000        1
60076.463264 19.549093      NaN   -1    16 c    0   2.25 210.92564 54.31529  6792.51   890.61 2.30 2.12 -80.4 -0.428    19.48 21.02 02a60076o0264c  0.437500     8192
60078.380061 19.454622      NaN   16    12 c    0   7.09 210.92564 54.31529  3239.68  4972.32 2.32 2.16  25.3 -0.414    19.63 21.30 02a60078o0314c  2.000000        1
60078.383226 19.743105 0.306838   38    13 c    0   1.68 210.92564 54.31529  3220.39  4936.93 2.29 2.16  18.8 -0.424    19.62 21.30 02a60078o0321c  3.538462     8192
60078.390093 19.950541      NaN   -6    12 c    0   6.30 210.92564 54.31529  3279.13  5012.21 2.29 2.15  24.6 -0.417    19.59 21.30 02a60078o0336c  0.166667        1
60078.401655 20.103715      NaN  -12    11 c    0   8.58 210.92564 54.31529  3299.59  4893.81 2.34 2.16  23.4 -0.418    19.61 21.34 02a60078o0361c -0.363636        1