         MJD         m       dm    uJy  duJy F  err  chi/N        RA     Dec        x        y  maj  min   phi  apfit  mag5sig   Sky            Obs  __tmp_SN     Mask
57396.587948 19.002397      NaN   34.0    19 c    0   1.07 210.90449 54.3204  7742.89  2239.90 4.00 3.60   7.7 -0.428    19.59 21.57 02a57396o0607c  1.789474   524288
57396.598947 19.510313      NaN  -10.0    19 c    0   0.95 210.90449 54.3204  7456.60  1666.86 4.10 3.60   5.0 -0.444    19.60 21.58 02a57396o0625c -0.526316   524288
57396.614233 18.191747      NaN   81.0    37 c    0   0.79 210.90449 54.3204  8270.01  2810.98 3.80 3.60  19.8 -0.419    19.60 21.56 02a57396o0650c  2.189189   524288
57396.627717 18.623526      NaN  -73.0    43 c    0   1.04 210.90449 54.3204  8532.42  1049.57 4.33 3.66  11.1 -0.431    19.59 21.57 02a57396o0672c -1.697674   524288
57424.598946 19.384550      NaN    1.0    21 c    0   0.82 210.90449 54.3204  8241.34  1565.75 4.33 3.76  10.2 -0.440    19.70 21.79 02a57424o0633c  0.047619        0
57424.604067 19.334813      NaN   13.0    18 c    0   1.02 210.90449 54.3204  8505.23  2135.88 4.25 3.83  15.0 -0.423    19.68 21.79 02a57424o0641c  0.722222        0
57424.621336 19.334813      NaN   16.0    17 c    0   0.95 210.90449 54.3204  7350.19  2753.41 4.02 3.71   9.7 -0.416    19.70 21.79 02a57424o0667c  0.941176   524288
57424.633626 19.631075      NaN   -4.0    17 c    0   0.86 210.90449 54.3204  7273.16  2847.25 3.97 3.67  11.2 -0.418    19.70 21.79 02a57424o0685c -0.235294        0
57448.521048 19.401649      NaN  -19.0    21 c    0   1.36 210.90449 54.3204  7908.03  1756.65 4.00 3.65  14.7 -0.450    19.26 20.81 02a57448o0458c -0.904762        0
57448.543577 19.212347      NaN   12.0    21 c    0   1.08 210.90449 54.3204  8199.92  2337.00 3.94 3.73  22.6 -0.440    19.21 20.77 02a57448o0497c  0.571429   524288
57448.565924 19.212347      NaN   -8.0    25 c    0   0.83 210.90449 54.3204  7059.42  2959.12 4.38 3.91  -1.2 -0.388    19.09 20.75 02a57448o0536c -0.320000        0
57448.596475 18.836735      NaN   34.0    24 c    0   0.82 210.90449 54.3204  3368.79  7838.96 3.87 3.61 -70.5 -0.422    19.20 20.80 02a57448o0592c  1.416667        0
57449.515332 19.318728      NaN    2.0    22 c    0   0.86 210.90449 54.3204  8144.71  1707.29 4.05 3.63  15.2 -0.462    19.45 21.19 02a57449o0610c  0.090909        0
57449.538360 19.076453      NaN   28.0    19 c    0   1.02 210.90449 54.3204  8443.00  2285.19 3.82 3.59  29.9 -0.457    19.42 21.11 02a57449o0650c  1.473684        0
57449.558557 19.569016      NaN   -1.0    18 c    0   1.02 210.90449 54.3204  7302.76  2912.72 3.78 3.62  14.4 -0.428    19.39 21.07 02a57449o0688c -0.055556        0
57449.570520 19.212347      NaN   18.0    19 c    0   1.13 210.90449 54.3204  7284.63  2852.06 3.76 3.57  17.6 -0.439    19.39 21.06 02a57449o0709c  0.947368        0
57458.509881 19.454622      NaN   -4.0    20 c    0   0.89 210.90449 54.3204  8227.22  1559.83 4.32 3.77  15.2 -0.446    19.65 21.70 02a57458o0606c -0.200000   524288
57458.513259 19.401649      NaN  -10.0    21 c    0   0.88 210.90449 54.3204  8512.99  2128.63 4.21 3.90  23.4 -0.426    19.61 21.68 02a57458o0613c -0.476190        0
57458.536888 19.569016      NaN  -14.0    18 c    0   0.85 210.90449 54.3204  7386.24  2754.18 4.12 3.83   1.9 -0.403    19.60 21.68 02a57458o0653c -0.777778  4195328
57458.567769 19.401649      NaN   12.0    17 c    0   1.19 210.90449 54.3204  3365.10  7836.86 3.85 3.61 -73.0 -0.421    19.64 21.68 02a57458o0708c  0.705882   524288
57488.426551 19.454622      NaN  -12.0    20 c    0   0.97 210.90449 54.3204  8359.53  1632.14 4.32 3.81  19.8 -0.478    19.60 21.59 02a57488o0373c -0.600000   524288
57488.444090 19.026525      NaN   23.0    22 c    0   0.93 210.90449 54.3204  8646.83  2188.63 4.18 3.80  29.2 -0.461    19.60 21.61 02a57488o0405c  1.045455        0
57488.465855 19.454622      NaN  -12.0    20 c    0   0.91 210.90449 54.3204  7525.13  2835.47 4.06 3.72  15.3 -0.447    19.57 21.56 02a57488o0444c -0.600000   524288
57488.475297 19.401649      NaN    6.0    19 c    0   1.01 210.90449 54.3204  3351.13  7828.53 3.99 3.61 -65.0 -0.439    19.55 21.54 02a57488o0460c  0.315789        0
57512.362600 19.271854      NaN   11.0    20 c    0   1.10 210.90449 54.3204  9546.88  2699.04 4.67 4.15  38.0 -0.436    19.51 21.58 02a57512o0305c  0.550000        0
57512.371077 19.256669      NaN   12.0    20 c    0   1.07 210.90449 54.3204  9569.77  2735.34 4.57 4.08  39.3 -0.441    19.53 21.60 02a57512o0322c  0.600000   524288
57512.373986 19.419021      NaN    2.0    20 c    0   0.86 210.90449 54.3204   363.89  2621.67 5.07 3.82 -34.2 -0.413    19.58 21.60 02a57512o0328c  0.100000   524288
57512.383392 19.510313      NaN  -28.0    19 c    0   0.99 210.90449 54.3204   383.74  2658.83 5.11 3.92 -33.9 -0.413    19.54 21.60 02a57512o0347c -1.473684        0
57512.386899 19.510313      NaN   -3.0    19 c    0   0.94 210.90449 54.3204   993.80  7909.36 4.45 3.82 -58.4 -0.429    19.55 21.63 02a57512o0354c -0.157895   524288
57512.388945 19.454622      NaN  -10.0    20 c    0   1.07 210.90449 54.3204   317.88  2582.36 5.16 3.88 -31.5 -0.404    19.57 21.61 02a57512o0358c -0.500000   524288
57512.397027 19.226921      NaN   14.0    20 c    0   0.95 210.90449 54.3204  1024.27  7790.13 4.38 3.76 -57.8 -0.429    19.55 21.60 02a57512o0374c  0.700000   524288
57512.407432 19.076453      NaN   34.0    17 c    0   1.07 210.90449 54.3204 10214.23  7856.77 4.60 3.71  81.1 -0.426    19.54 21.62 02a57512o0395c  2.000000        0
57512.416849 19.454622      NaN   -4.0    20 c    0   0.81 210.90449 54.3204  3625.33  8663.22 4.14 3.80 -61.9 -0.410    19.52 21.58 02a57512o0414c -0.200000        0
57515.371866 19.256669      NaN  -28.0    24 c    0   0.76 210.90449 54.3204  1968.04   515.50 5.35 3.74 -16.1 -0.483    19.58 21.68 02a57515o0321c -1.166667        0
57515.372987 19.212347      NaN   -1.0    25 c    0   1.10 210.90449 54.3204  7377.16   251.47 5.30 3.91  10.2 -0.491    19.61 21.70 02a57515o0323c -0.040000   524288
57515.374441 19.454622      NaN    3.0    19 c    0   1.12 210.90449 54.3204  8546.90 10084.80 4.30 3.85  75.6 -0.415    19.60 21.66 02a57515o0326c  0.157895   524288
57515.383262 19.454622      NaN   -5.0    20 c    0   0.87 210.90449 54.3204  3113.82 10276.30 4.24 3.95 -48.3 -0.399    19.61 21.73 02a57515o0344c -0.250000        0
57515.385734 19.569016      NaN  -21.0    18 c    0   1.13 210.90449 54.3204  8475.34 10005.27 4.16 3.76  74.6 -0.422    19.61 21.65 02a57515o0348c -1.166667        0
57515.386824 19.287255      NaN   16.0    18 c    0   0.99 210.90449 54.3204  3165.88 10360.79 4.28 3.97 -54.1 -0.401    19.61 21.70 02a57515o0350c  0.888889        0
57515.400161 19.183773      NaN   20.0    19 c    0   1.04 210.90449 54.3204  3200.37 10240.56 4.17 3.92 -48.2 -0.390    19.61 21.69 02a57515o0376c  1.052632   524288
57515.402098 19.241693      NaN    4.0    23 c    0   0.96 210.90449 54.3204  2049.73   441.30 5.16 3.65 -16.0 -0.485    19.58 21.64 02a57515o0380c  0.173913   524288
57515.409082 19.351140      NaN   -1.0    22 c    0   0.89 210.90449 54.3204  2000.99   503.95 5.24 3.65 -15.0 -0.479    19.58 21.61 02a57515o0393c -0.045455        0
57515.410533 19.226921      NaN   17.0    19 c    0   0.93 210.90449 54.3204  3159.44 10304.25 4.12 3.91 -42.3 -0.391    19.61 21.65 02a57515o0396c  0.894737        0
57545.329395 19.454622      NaN  -11.0    20 c    0   0.95 210.90449 54.3204  1128.80  8167.90 4.40 3.95 -56.1 -0.415    19.59 21.73 02a57545o0190c -0.550000        0
57545.338129 19.401649      NaN  -10.0    21 c    0   0.96 210.90449 54.3204  1115.91  8130.56 4.40 3.93 -61.1 -0.432    19.58 21.75 02a57545o0208c -0.476190   524288
57545.345896 19.569016      NaN  -14.0    18 c    0   0.87 210.90449 54.3204 10326.60  8250.81 4.55 3.64  80.2 -0.430    19.64 21.77 02a57545o0224c -0.777778        0
57545.355107 19.256669      NaN   24.0    16 c    0   1.45 210.90449 54.3204  1174.34  8206.37 4.15 3.77 -57.0 -0.430    19.62 21.73 02a57545o0243c  1.500000  4194560
57545.356559 19.454622      NaN  -19.0    20 c    0   0.80 210.90449 54.3204 10314.72  8213.13 4.65 3.62  82.6 -0.425    19.64 21.79 02a57545o0246c -0.950000        0
57545.358980 19.510313      NaN  -19.0    19 c    0   0.83 210.90449 54.3204 10371.77  8295.17 4.64 3.65  81.3 -0.434    19.64 21.79 02a57545o0251c -1.000000   524288
57545.361400 19.401649      NaN  -12.0    21 c    0   0.94 210.90449 54.3204  1187.26  8089.08 4.39 3.92 -58.1 -0.425    19.56 21.74 02a57545o0256c -0.571429        0
57545.371093 19.454622      NaN   -1.0    20 c    0   1.17 210.90449 54.3204  1154.61  8149.76 4.36 3.89 -56.8 -0.427    19.46 21.59 02a57545o0276c -0.050000   524288
57545.380784 19.051202      NaN   21.0    22 c    0   1.11 210.90449 54.3204 10384.43  8182.49 4.68 3.68  80.3 -0.420    19.41 21.51 02a57545o0296c  0.954545        0
57545.390661 19.510313      NaN  -36.0    19 c    0   1.10 210.90449 54.3204 10346.88  8242.32 4.89 3.82  79.3 -0.420    19.52 21.66 02a57545o0315c -1.894737        0
57549.332077 19.076453      NaN   22.0    21 c    0   1.07 210.90449 54.3204  2416.59  9693.49 4.08 3.84 -55.0 -0.424    19.44 21.31 02a57549o0078c  1.047619        0
57549.342782 19.302877      NaN  -20.0    23 c    0   0.92 210.90449 54.3204  2406.43  9653.70 4.17 3.87 -53.6 -0.416    19.44 21.33 02a57549o0100c -0.869565        0
57549.359807 19.436675      NaN    4.0    19 c    0   1.06 210.90449 54.3204  2462.76  9729.12 4.12 3.83 -48.2 -0.419    19.46 21.36 02a57549o0135c  0.210526   524288
57549.367069 19.089302      NaN  -28.0    28 c    0   0.62 210.90449 54.3204  2475.42  9612.31 4.12 3.84 -53.5 -0.423    19.47 21.39 02a57549o0150c -1.000000  4194560
57549.375839 19.351140      NaN   -4.0    22 c    0   0.91 210.90449 54.3204  2443.97  9676.03 4.25 3.90 -49.1 -0.415    19.49 21.47 02a57549o0168c -0.181818        0
57581.293250 18.921935      NaN   20.0    26 c    0   1.05 210.90449 54.3204  3746.64  6930.37 4.17 3.83 -77.0 -0.443    19.01 20.64 02a57581o0088c  0.769231   524288
57581.304631 19.212347      NaN  -38.0    25 c    0   0.99 210.90449 54.3204  3734.04  6889.01 4.12 3.85 -62.1 -0.443    19.01 20.65 02a57581o0111c -1.520000        0
57581.321240 19.256669      NaN  -26.0    24 c    0   1.12 210.90449 54.3204  3789.44  6963.51 3.97 3.69 -62.9 -0.451    19.00 20.58 02a57581o0145c -1.083333        0
57581.328019 18.955691      NaN    8.0    29 c    0   0.73 210.90449 54.3204  3801.82  6846.13 3.92 3.63 -72.2 -0.454    19.00 20.57 02a57581o0159c  0.275862        0
57581.338880 19.051202      NaN   -2.0    29 c    0   0.85 210.90449 54.3204  3769.07  6905.11 3.99 3.68 -66.0 -0.453    18.93 20.48 02a57581o0181c -0.068966        0
57605.257770 18.073966 0.192794  214.0    38 c    0   1.26 210.90449 54.3204  4009.90  7005.13 4.26 3.91  41.4 -0.371    18.85 21.71 02a57605o0052c  5.631579  4194560
57605.266058 18.131260      NaN   77.0    42 c    0   0.79 210.90449 54.3204  3986.97  6964.56 4.44 4.23  41.7 -0.398    18.84 21.70 02a57605o0066c  1.833333   532480
57605.277177 18.396507 0.300455  159.0    44 c    0   0.86 210.90449 54.3204  4043.17  7038.03 5.25 5.14  64.4 -0.323    18.70 21.72 02a57605o0085c  3.613636  4194560
57605.290850 19.256669      NaN  -28.0    24 c    0   1.01 210.90449 54.3204  4066.84  6921.95 4.92 4.71 -64.6 -0.356    19.19 21.41 02a57605o0109c -1.166667  4194560
57605.303123 19.510313      NaN  -39.0    19 c    0   0.91 210.90449 54.3204  4021.53  6977.78 4.12 3.93 -60.1 -0.388    19.35 21.41 02a57605o0133c -2.052632   536576
57609.251150 18.978793      NaN   18.0    25 c    0   1.47 210.90449 54.3204  1304.64 10138.67 4.18 3.79 -54.7 -0.424    19.04 20.57 02a57609o0045c  0.720000        0
57609.257024 15.931198 0.348987 1540.0   495 c    0   0.26 210.90449 54.3204 10527.87 10262.49 4.94 3.91  81.8 -0.425    19.23 20.92 02a57609o0055c  3.111111  4196354
57609.260345 18.702047      NaN   42.0    26 c    0   1.12 210.90449 54.3204  1280.84 10097.14 4.25 3.89 -54.0 -0.430    19.15 20.84 02a57609o0061c  1.615385        0
57609.274446 18.776955      NaN   37.0    25 c    0   1.02 210.90449 54.3204  1335.97 10172.95 4.24 4.00 -55.0 -0.431    19.15 20.86 02a57609o0086c  1.480000        0
57609.275582 17.866751      NaN  100.0    53 c    0   0.59 210.90449 54.3204 10513.78 10219.93 5.08 4.04  81.4 -0.383    19.23 20.97 02a57609o0088c  1.886792  4194560
57609.283416 18.675237      NaN   39.0    28 c    0   1.12 210.90449 54.3204  1347.87 10050.07 4.35 3.86 -54.8 -0.413    19.11 20.83 02a57609o0102c  1.392857        0
57609.293767 18.978793      NaN   12.0    27 c    0   0.98 210.90449 54.3204  1311.63 10114.34 4.49 3.95 -54.0 -0.404    19.06 20.79 02a57609o0120c  0.444444        0
57746.613969 19.510313      NaN   -8.0    19 c    0   0.90 210.90449 54.3204  9607.78  2362.03 4.06 3.82  81.8 -0.422    19.61 21.65 02a57746o0819c -0.421053        0
57746.625461 19.510313      NaN  -19.0    19 c    0   1.08 210.90449 54.3204  9618.16  2401.66 4.08 3.83  80.8 -0.420    19.61 21.63 02a57746o0841c -1.000000        0
57746.627011 19.510313      NaN   -6.0    19 c    0   0.90 210.90449 54.3204   412.31  2291.82 4.23 4.16 -88.2 -0.368    19.54 21.57 02a57746o0844c -0.315789   524288
57746.636855 19.155932      NaN   19.0    20 c    0   0.90 210.90449 54.3204  9562.64  2328.76 4.24 4.02  81.0 -0.403    19.60 21.66 02a57746o0863c  0.950000   524288
57746.638445 19.529530      NaN    2.0    18 c    0   1.01 210.90449 54.3204   424.93  2332.02 4.28 4.21  86.2 -0.365    19.56 21.60 02a57746o0866c  0.111111   524288
57746.648259 19.472870      NaN    5.0    18 c    0   0.96 210.90449 54.3204  9548.63  2446.92 4.17 3.92  78.8 -0.407    19.60 21.66 02a57746o0885c  0.277778   524288
57746.650355 19.631075      NaN  -10.0    17 c    0   1.09 210.90449 54.3204   366.17  2249.64 4.15 4.02  85.9 -0.380    19.60 21.59 02a57746o0889c -0.588235   524288
57746.659628 19.169763      NaN   12.0    22 c    0   0.84 210.90449 54.3204  9584.77  2388.66 4.06 3.80  79.6 -0.417    19.52 21.38 02a57746o0907c  0.545455        0
57746.661195 19.183773      NaN   23.0    18 c    0   1.08 210.90449 54.3204   355.18  2386.16 4.09 3.96  84.4 -0.381    19.40 21.16 02a57746o0910c  1.277778   524288
57746.669931 18.489118      NaN   26.0    40 c    0   1.22 210.90449 54.3204   388.47  2310.56 4.32 4.15  80.2 -0.359    18.45 19.40 02a57746o0927c  0.650000        0
57778.570698 19.197966      NaN   16.0    20 c    0   0.76 210.90449 54.3204  9098.65 10185.82 4.12 3.71 -88.2 -0.431    19.77 21.82 02a57778o0568c  0.800000   524288
57778.576629 19.491430      NaN    1.0    19 c    0   1.41 210.90449 54.3204  7874.44   384.68 4.00 3.78  15.0 -0.454    19.75 21.80 02a57778o0578c  0.052632   524288
57778.584061 19.491430      NaN    4.0    18 c    0   1.07 210.90449 54.3204  9112.01 10227.28 4.09 3.68 -88.2 -0.432    19.77 21.81 02a57778o0592c  0.222222        0
57778.589437 19.401649      NaN  -19.0    21 c    0   0.70 210.90449 54.3204  7886.71   425.59 3.94 3.77  17.9 -0.452    19.77 21.82 02a57778o0602c -0.904762   524288
57778.596885 19.102305      NaN   26.0    19 c    0   0.85 210.90449 54.3204  9054.67 10153.26 4.09 3.73  89.4 -0.433    19.78 21.83 02a57778o0616c  1.368421        0
57778.602290 18.847027      NaN   45.0    20 c    0   0.87 210.90449 54.3204  7844.21   350.22 3.95 3.73  14.9 -0.453    19.79 21.85 02a57778o0626c  2.250000   524288
57778.609876 19.569016      NaN   -9.0    18 c    0   1.06 210.90449 54.3204  9032.55 10274.42 4.04 3.68 -88.5 -0.432    19.80 21.86 02a57778o0640c -0.500000   524288
57778.615190 19.401649      NaN  -17.0    21 c    0   0.57 210.90449 54.3204  7823.63   473.91 3.85 3.67  17.4 -0.453    19.81 21.88 02a57778o0650c -0.809524        0
57778.622705 19.569016      NaN  -30.0    18 c    0   0.85 210.90449 54.3204  9078.02 10214.91 3.98 3.63 -89.0 -0.436    19.82 21.89 02a57778o0664c -1.666667        0
57778.628048 19.351140      NaN  -31.0    22 c    0   0.88 210.90449 54.3204  7857.74   414.81 3.99 3.81  15.1 -0.447    19.77 21.86 02a57778o0674c -1.409091   524288
57782.565439 19.696897      NaN  -23.0    16 c    0   1.15 210.90449 54.3204  8310.23  1384.65 3.86 3.76  84.2 -0.417    19.82 21.96 02a57782o0717c -1.437500        0
57782.579866 19.631075      NaN  -39.0    17 c    0   0.80 210.90449 54.3204  8332.18  1424.57 3.89 3.75 -88.4 -0.409    19.84 21.99 02a57782o0743c -2.294118        0
57782.593858 19.766969      NaN   -4.0    15 c    0   1.02 210.90449 54.3204  8275.88  1351.51 3.81 3.67  86.7 -0.414    19.88 22.03 02a57782o0769c -0.266667        0
57782.607900 19.569016      NaN  -23.0    18 c    0   0.91 210.90449 54.3204  8252.92  1475.10 3.93 3.77  83.5 -0.405    19.81 21.96 02a57782o0795c -1.277778  4194560
57782.621826 19.569016      NaN  -32.0    18 c    0   0.96 210.90449 54.3204  8301.44  1416.98 3.86 3.71  85.7 -0.415    19.84 21.99 02a57782o0821c -1.777778        0
57786.563706 19.491430      NaN    4.0    18 c    0   0.91 210.90449 54.3204  9325.77  9905.53 3.91 3.50 -86.1 -0.427    19.80 21.89 02a57786o0507c  0.222222   524288
57786.566299 19.038793      NaN   28.0    20 c    0   0.95 210.90449 54.3204  8083.32   105.61 3.90 3.68  12.5 -0.447    19.82 21.92 02a57786o0512c  1.400000        0
57786.576403 19.696897      NaN  -27.0    16 c    0   1.17 210.90449 54.3204  9336.94  9945.82 3.97 3.59 -88.6 -0.419    19.82 21.94 02a57786o0531c -1.687500   524288
57786.579012 19.401649      NaN  -24.0    21 c    0   0.97 210.90449 54.3204  8095.59   146.17 3.88 3.68  17.0 -0.448    19.85 21.96 02a57786o0536c -1.142857        0
57786.589214 19.183773      NaN   23.0    18 c    0   0.82 210.90449 54.3204  9278.79  9870.38 3.94 3.57 -90.0 -0.429    19.83 21.94 02a57786o0555c  1.277778   524288
57786.591848 19.351140      NaN  -23.0    22 c    0   1.02 210.90449 54.3204  8039.87    70.45 3.91 3.71  15.2 -0.450    19.68 21.79 02a57786o0560c -1.045455   524288
57786.602149 18.826541      NaN   35.0    24 c    0   1.04 210.90449 54.3204  9256.05  9992.07 3.98 3.64  85.5 -0.433    19.48 21.55 02a57786o0579c  1.458333        0
57786.604786 18.606822      NaN   59.0    24 c    0   0.90 210.90449 54.3204  8028.54   191.62 3.88 3.76  18.5 -0.442    19.84 21.98 02a57786o0584c  2.458333   524288
57786.615038 19.569016      NaN  -23.0    18 c    0   1.06 210.90449 54.3204  9301.00  9933.36 3.95 3.59  86.1 -0.426    19.78 21.88 02a57786o0603c -1.277778   524288
57786.617646 19.454622      NaN  -10.0    20 c    0   1.10 210.90449 54.3204  8062.91   135.05 3.90 3.74  24.3 -0.449    19.84 21.99 02a57786o0608c -0.500000        0
57806.543426 19.569016      NaN  -42.0    18 c    0   1.11 210.90449 54.3204  9185.78  1288.13 3.85 3.71  59.6 -0.446    19.76 21.82 02a57806o0606c -2.333333        0
57806.546470 19.454622      NaN  -26.0    20 c    0   0.86 210.90449 54.3204  9212.04  1325.29 3.98 3.84  54.8 -0.429    19.74 21.83 02a57806o0612c -1.300000   524288
57806.563479 19.631075      NaN  -13.0    17 c    0   1.17 210.90449 54.3204  9154.59  1252.55 4.05 3.88  51.9 -0.427    19.76 21.89 02a57806o0643c -0.764706        0
57806.577726 19.454622      NaN   -5.0    20 c    0   0.81 210.90449 54.3204  9134.22  1371.72 3.91 3.72  64.8 -0.441    19.76 21.84 02a57806o0669c -0.250000   524288
57806.591596 19.302877      NaN    9.0    20 c    0   1.04 210.90449 54.3204  9184.30  1311.00 3.91 3.71  60.5 -0.439    19.72 21.75 02a57806o0695c  0.450000        0
57834.492888 19.302877      NaN   12.0    19 c    0   0.73 210.90449 54.3204  8086.51  3356.48 3.99 3.71  87.7 -0.381    19.07 21.15 02a57834o0443c  0.631579        0
57834.503330 19.401649      NaN  -15.0    21 c    0   0.95 210.90449 54.3204  2396.04  7054.78 3.82 3.69  44.5 -0.427    19.11 21.19 02a57834o0463c -0.714286        0
57834.527024 19.115465      NaN   10.0    24 c    0   0.72 210.90449 54.3204  2443.35  7130.78 3.81 3.67  46.0 -0.424    19.04 21.02 02a57834o0506c  0.416667   524288
57834.542612 19.128787      NaN  -39.0    27 c    0   0.67 210.90449 54.3204  2462.54  7015.64 4.01 3.88  51.7 -0.408    18.92 20.83 02a57834o0535c -1.444444        0
57834.554663 19.271854      NaN    2.0    23 c    0   1.04 210.90449 54.3204  2417.45  7077.03 4.05 3.88  49.4 -0.393    18.86 20.73 02a57834o0557c  0.086957        0
57838.492206 19.401649      NaN   -2.0    21 c    0   1.00 210.90449 54.3204   137.26   604.87 4.43 4.38 -73.5 -0.377    19.01 21.19 02a57838o0454c -0.095238   524288
57838.492735 19.318728      NaN    5.0    21 c    0   1.13 210.90449 54.3204  1498.97 10413.81 4.33 4.18  26.0 -0.383    19.04 21.20 02a57838o0455c  0.238095   524288
57838.494486 19.169763      NaN  -32.0    26 c    0   0.70 210.90449 54.3204  9012.22    75.01 4.03 3.88  39.1 -0.448    19.06 21.21 02a57838o0458c -1.230769   524288
57838.495005 18.776955      NaN   52.0    20 c    0   1.04 210.90449 54.3204 10375.77  9887.26 4.46 4.08  80.9 -0.413    19.01 21.18 02a57838o0459c  2.600000  4194560
57838.505700 19.302877      NaN  -16.0    23 c    0   0.90 210.90449 54.3204 10304.31  9812.08 4.42 4.09  82.0 -0.403    19.02 21.17 02a57838o0479c -0.695652   524288
57838.524714 19.351140      NaN   -2.0    22 c    0   0.79 210.90449 54.3204   195.82   521.69 4.25 4.18 -14.6 -0.374    19.03 21.14 02a57838o0515c -0.090909   524288
57838.528687 19.212347      NaN  -34.0    25 c    0   0.96 210.90449 54.3204  1547.90 10328.81 4.13 3.95  18.5 -0.401    19.04 21.15 02a57838o0522c -1.360000  4194560
57838.541835 19.026525      NaN   20.0    23 c    0   0.90 210.90449 54.3204  1520.10 10391.34 4.23 3.75   9.1 -0.384    19.03 21.12 02a57838o0547c  0.869565   524288
57838.542881 19.351140      NaN   -4.0    22 c    0   0.83 210.90449 54.3204   162.36   577.24 4.09 3.98 -87.9 -0.398    19.06 21.09 02a57838o0549c -0.181818        0
57842.515338 19.351140      NaN  -20.0    22 c    0   0.94 210.90449 54.3204  3842.93  6742.07 4.04 3.91  55.1 -0.397    18.98 21.04 02a57842o0427c -0.909091   524288
57842.526432 19.014394      NaN   21.0    23 c    0   1.02 210.90449 54.3204  3886.08  6817.75 4.26 4.09  67.1 -0.387    18.93 21.04 02a57842o0448c  0.913043        0
57842.544005 19.351140      NaN  -41.0    22 c    0   0.82 210.90449 54.3204  3907.16  6697.52 4.12 3.96  75.5 -0.378    18.94 20.97 02a57842o0481c -1.863636        0
57862.478560 19.351140      NaN  -29.0    22 c    0   0.79 210.90449 54.3204  3535.30  6973.81 3.82 3.70  86.0 -0.396    18.84 20.47 02a57862o0525c -1.318182        0
57862.500554 19.169763      NaN    6.0    24 c    0   0.80 210.90449 54.3204  3512.39  6933.85 3.78 3.66  86.6 -0.403    18.76 20.25 02a57862o0570c  0.250000        0
57862.510937 19.351140      NaN   -9.0    22 c    0   0.95 210.90449 54.3204  3569.24  7009.55 3.72 3.61  84.8 -0.412    18.74 20.17 02a57862o0591c -0.409091   524288
57862.522570 19.256669      NaN  -38.0    24 c    0   0.91 210.90449 54.3204  3593.20  6891.10 3.74 3.65  72.0 -0.402    18.68 20.07 02a57862o0615c -1.583333        0
57862.530436 19.256669      NaN  -34.0    24 c    0   0.84 210.90449 54.3204  3560.11  6950.01 3.69 3.59  76.1 -0.414    18.67 20.02 02a57862o0631c -1.416667   524288
57870.492158 19.652575      NaN   17.0    11 c    0   1.01 210.90449 54.3204  1907.79  8617.69 2.43 2.28   7.5 -0.466    19.53 20.68 02a57870o0440c  1.545455        0
57870.509600 20.321591      NaN   -4.0     9 c    0   1.31 210.90449 54.3204  1884.61  8579.75 2.45 2.28   5.6 -0.462    19.48 20.63 02a57870o0473c -0.444444        0
57870.517991 19.950541      NaN    8.0    10 c    0   1.80 210.90449 54.3204  1939.87  8651.74 2.46 2.31   7.0 -0.468    19.46 20.60 02a57870o0489c  0.800000        0
57870.530201 20.103715      NaN  -13.0    11 c    0   1.10 210.90449 54.3204  1965.55  8534.22 2.48 2.35   1.3 -0.461    19.42 20.58 02a57870o0512c -1.181818        0
57870.541671 20.103715      NaN   -4.0    11 c    0   1.16 210.90449 54.3204  1932.79  8591.90 2.47 2.35   0.6 -0.466    19.42 20.55 02a57870o0534c -0.363636        0
57894.386745 19.816329      NaN    7.0    12 c    0   1.24 210.90449 54.3204  1330.95  9792.25 2.54 2.33 -11.6 -0.462    19.65 21.54 02a57894o0292c  0.583333        0
57894.416893 20.103715      NaN  -11.0    11 c    0   1.04 210.90449 54.3204  1307.88  9751.50 2.60 2.36 -13.9 -0.467    19.81 21.74 02a57894o0349c -1.000000   524288
57894.419529 20.103715      NaN   -3.0    11 c    0   1.19 210.90449 54.3204  1365.33  9823.78 2.58 2.37  -6.4 -0.466    19.78 21.70 02a57894o0354c -0.272727        0
57894.441778 19.674510      NaN   13.0    12 c    0   1.27 210.90449 54.3204  1379.81  9703.91 2.54 2.29  -7.6 -0.472    19.68 21.53 02a57894o0396c  1.083333  4194560
57894.453543 19.549093      NaN   19.0    12 c    0   1.01 210.90449 54.3204  1344.75  9763.07 2.53 2.30  -4.4 -0.473    19.49 21.27 02a57894o0418c  1.583333   524288
57898.389114 19.696897      NaN   12.0    12 c    0   1.01 210.90449 54.3204  1866.04  8742.53 2.66 2.37  -5.4 -0.481    19.73 21.69 02a57898o0138c  1.000000        0
57898.398663 20.137125      NaN    2.0    10 c    0   1.22 210.90449 54.3204  1842.40  8702.54 2.48 2.29  -1.0 -0.503    19.78 21.72 02a57898o0156c  0.200000        0
57898.417223 20.103715      NaN   -1.0    11 c    0   1.26 210.90449 54.3204  1897.89  8776.39 2.59 2.34 -12.0 -0.486    19.75 21.68 02a57898o0191c -0.090909        0
57898.437402 20.137125      NaN    5.0     9 c    0   1.74 210.90449 54.3204  1923.81  8655.65 2.46 2.25   1.9 -0.503    19.75 21.62 02a57898o0229c  0.555556        0
57898.446924 19.894850      NaN    4.0    12 c    0   1.09 210.90449 54.3204  1889.80  8713.12 2.67 2.48   1.5 -0.486    19.69 21.60 02a57898o0247c  0.333333        0
57902.386132 19.979496      NaN    4.0    11 c    0   0.99 210.90449 54.3204  4388.91  7553.26 2.52 2.42  -3.5 -0.452    19.81 21.63 02a57902o0297c  0.363636        0
57902.397408 19.922338      NaN    0.0    13 c    0   0.71 210.90449 54.3204  4378.39  7513.36 2.57 2.47  -9.0 -0.461    19.77 21.60 02a57902o0319c  0.000000        0
57902.399963 20.207197      NaN  -15.0    10 c    0   1.37 210.90449 54.3204  4425.28  7591.34 2.59 2.45  -2.5 -0.450    19.78 21.58 02a57902o0324c -1.500000   524288
57902.422768 20.103715      NaN   -1.0    11 c    0   1.24 210.90449 54.3204  4449.53  7472.27 2.56 2.44  -0.0 -0.464    19.79 21.63 02a57902o0368c -0.090909        0
57902.433611 19.696897      NaN   12.0    12 c    0   0.90 210.90449 54.3204  4414.40  7529.07 2.61 2.52  -1.7 -0.455    19.67 21.49 02a57902o0389c  1.000000   524288
58020.235926 19.318728      NaN   26.0    14 c    0   1.07 210.90449 54.3204  3554.60  3789.90 2.41 2.31 -78.1 -0.409    19.28 20.64 02a58020o0006c  1.857143 12583168
58194.569176 19.529530      NaN   26.0    10 c    0   1.30 210.90449 54.3204  2275.31  8906.51 2.55 2.35  22.2 -0.453    19.73 21.58 02a58194o0731c  2.600000        0
58194.580281 20.321591      NaN   -5.0     9 c    0   1.55 210.90449 54.3204  2251.07  8868.16 2.56 2.31  25.0 -0.453    19.75 21.58 02a58194o0749c -0.555556        0
58194.590959 20.207197      NaN   -3.0    10 c    0   0.89 210.90449 54.3204  2300.92  8940.38 2.64 2.46  14.7 -0.445    19.72 21.58 02a58194o0768c -0.300000        0
58194.602403 19.510313      NaN   24.0    11 c    0   1.08 210.90449 54.3204  2310.76  8821.42 2.42 2.21  17.2 -0.466    19.75 21.57 02a58194o0786c  2.181818        0
58196.529228 18.243872      NaN   33.0    50 c    0   0.77 210.90449 54.3204  4971.08  3723.49 2.58 2.44  19.5 -0.397    17.79 19.73 02a58196o0652c  0.660000   524288
58196.535461 19.979496      NaN    4.0    11 c    0   0.91 210.90449 54.3204  4939.76  3687.50 2.45 2.31  46.0 -0.411    19.80 21.89 02a58196o0663c  0.363636        0
58196.543979 17.571303      NaN   94.0    82 c    0   1.45 210.90449 54.3204  4995.64  3762.72 2.44 2.34  37.7 -0.438    16.95 18.82 02a58196o0680c  1.146341        0
58251.578978 19.922338      NaN    3.0    12 c    0   0.98 210.90449 54.3204  4139.57  3802.04 2.73 2.54 -52.8 -0.387    19.50 21.34 02a58251o0733c  0.250000        0
58251.587115 20.103715      NaN    0.0    11 c    0   1.51 210.90449 54.3204  4138.85  3806.03 2.83 2.62 -51.2 -0.378    19.45 21.26 02a58251o0749c  0.000000   524288
58251.594640 20.009244      NaN  -24.0    12 c    0   1.24 210.90449 54.3204  4127.29  3809.63 2.69 2.55 -50.3 -0.388    19.43 21.20 02a58251o0764c -2.000000   524288
58251.602316 19.367717      NaN   17.0    16 c    0   0.82 210.90449 54.3204  4137.29  3812.37 3.00 2.79 -53.3 -0.380    19.28 21.09 02a58251o0779c  1.062500   524288
58252.572007 19.549093      NaN   16.0    13 c    0   1.06 210.90449 54.3204  4139.05  3798.16 2.58 2.45 -49.8 -0.394    19.44 21.13 02a58252o0684c  1.230769        0
58252.582264 20.103715      NaN    0.0    11 c    0   1.63 210.90449 54.3204  4138.07  3803.41 2.51 2.40 -48.5 -0.402    19.46 21.08 02a58252o0703c  0.000000   524288
58252.589663 19.719755      NaN    8.0    13 c    0   1.16 210.90449 54.3204  4126.32  3806.71 2.54 2.45 -46.7 -0.398    19.40 21.05 02a58252o0718c  0.615385        0
58252.598499 19.922338      NaN  -17.0    13 c    0   1.14 210.90449 54.3204  4137.44  3809.76 2.49 2.40 -52.9 -0.397    19.37 20.99 02a58252o0735c -1.307692        0
58256.417856 18.220396      NaN   34.0    51 c    0   0.11 210.90449 54.3204  3208.98  5395.12 2.37 2.34 -15.8 -0.425    19.82 21.77 02a58256o0256c  0.666667        0
58256.432475 19.719755      NaN   17.0    10 c    0   1.10 210.90449 54.3204  3186.97  5354.65 2.41 2.41  16.7 -0.425    19.76 21.79 02a58256o0287c  1.700000  4194560
58256.449876 20.103715      NaN   -3.0    11 c    0   0.93 210.90449 54.3204  3243.04  5430.76 2.34 2.31  10.7 -0.431    19.80 21.75 02a58256o0324c -0.272727        0
58256.458792 20.207197      NaN  -15.0    10 c    0   1.06 210.90449 54.3204  3266.94  5311.63 2.38 2.30  39.4 -0.425    19.79 21.74 02a58256o0343c -1.500000   524288
58280.393689 20.207197      NaN  -12.0    10 c    0   1.10 210.90449 54.3204  5372.41  4915.75 2.45 2.41 -68.8 -0.419    19.75 21.71 02a58280o0323c -1.200000        0
58280.407270 20.103715      NaN   -4.0    11 c    0   0.90 210.90449 54.3204  5362.11  4879.63 2.53 2.51  53.6 -0.412    19.67 21.62 02a58280o0352c -0.363636        0
58280.414598 19.766969      NaN    6.0    13 c    0   0.94 210.90449 54.3204  5417.44  4953.43 2.44 2.41  53.7 -0.422    19.45 21.31 02a58280o0368c  0.461538        0
58280.424534 19.631075      NaN   15.0    12 c    0   0.72 210.90449 54.3204  5428.59  4841.09 2.42 2.38  53.2 -0.418    19.72 21.59 02a58280o0389c  1.250000        0
58284.387122 20.009244      NaN    0.0    12 c    0   1.05 210.90449 54.3204  2846.11  5666.41 2.36 2.30   0.5 -0.420    19.59 21.41 02a58284o0307c  0.000000        0
58284.391741 20.171596      NaN    1.0    10 c    0   1.04 210.90449 54.3204  2820.56  5627.86 2.35 2.28   3.8 -0.422    19.62 21.46 02a58284o0317c  0.100000        0
58284.403480 20.207197      NaN   -2.0    10 c    0   1.29 210.90449 54.3204  2879.07  5705.38 2.40 2.34  20.3 -0.428    19.67 21.53 02a58284o0342c -0.200000        0
58284.411716 20.207197      NaN    0.0    10 c    0   1.12 210.90449 54.3204  2900.38  5584.79 2.44 2.38  21.6 -0.431    19.70 21.54 02a58284o0360c  0.000000        0
58308.365311 20.103715      NaN   -8.0    11 c    0   0.80 210.90449 54.3204  5584.02  3935.98 2.75 2.47 -51.1 -0.410    19.67 21.59 02a58308o0015c -0.727273  4194560
58308.374538 20.071303      NaN    1.0    11 c    0   1.07 210.90449 54.3204  5605.45  3817.49 2.67 2.48 -51.9 -0.409    19.64 21.54 02a58308o0035c  0.090909     8192
58312.333401 19.816329      NaN   10.0    11 c    0   0.85 210.90449 54.3204  5135.07  3974.73 2.52 2.35 -53.6 -0.416    19.75 21.63 02a58312o0193c  0.909091        0
58312.339561 20.103715      NaN   -7.0    11 c    0   1.31 210.90449 54.3204  5109.87  3934.38 2.69 2.43 -54.6 -0.407    19.71 21.63 02a58312o0206c -0.636364        0
58312.349040 19.766969      NaN   12.0    11 c    0   1.02 210.90449 54.3204  5167.23  4011.05 2.58 2.48 -50.7 -0.410    19.67 21.61 02a58312o0226c  1.090909        0
58312.361108 20.103715      NaN  -14.0    11 c    0   0.89 210.90449 54.3204  5189.44  3893.64 2.53 2.47 -49.9 -0.409    19.68 21.58 02a58312o0252c -1.272727        0
58316.328042 19.791368      NaN    2.0    14 c    0   0.88 210.90449 54.3204  3274.71  3454.80 3.09 2.96 -61.7 -0.381    19.36 21.19 02a58316o0183c  0.142857   524288
58316.337992 19.922338      NaN   -8.0    13 c    0   0.86 210.90449 54.3204  3263.70  3413.76 3.05 3.00  68.9 -0.365    19.34 21.27 02a58316o0204c -0.615385   524288
58316.346903 19.922338      NaN   -4.0    13 c    0   1.26 210.90449 54.3204  3319.25  3489.18 2.82 2.80  34.4 -0.378    19.44 21.34 02a58316o0223c -0.307692        0
58316.359453 19.766969      NaN   -2.0    15 c    0   0.80 210.90449 54.3204  3341.27  3371.77 3.39 3.33 -52.4 -0.357    19.31 21.41 02a58316o0250c -0.133333   524288
58344.281357 19.384550      NaN   28.0    12 c    0   1.06 210.90449 54.3204  3994.04  2699.26 2.61 2.40 -55.0 -0.387    19.46 21.13 02a58344o0108c  2.333333        0
58344.290487 19.569016      NaN   15.0    13 c    0   1.05 210.90449 54.3204  3982.93  2659.98 2.74 2.55 -63.0 -0.394    19.41 21.10 02a58344o0127c  1.153846   524288
58344.299671 19.841877      NaN  -24.0    14 c    0   1.28 210.90449 54.3204  4039.24  2735.94 2.67 2.48 -55.4 -0.385    19.08 20.79 02a58344o0146c -1.714286        0
58344.308612 19.922338      NaN  -16.0    13 c    0   1.35 210.90449 54.3204  4060.91  2613.73 2.62 2.50 -51.9 -0.392    19.43 21.14 02a58344o0165c -1.230769        0
58376.224249 19.256669      NaN  -24.0    24 c    0   1.24 210.90449 54.3204  5676.93  2188.79 2.62 2.39 -58.4 -0.397    18.75 19.69 02a58376o0028c -1.000000   524288
58376.230043 19.128787      NaN   21.0    20 c    0   0.82 210.90449 54.3204  5665.26  2148.94 2.56 2.41 -63.8 -0.391    18.99 20.12 02a58376o0040c  1.050000        0
58376.238331 19.212347      NaN   27.0    16 c    0   1.19 210.90449 54.3204  5720.15  2251.35 2.68 2.50 -60.9 -0.388    19.11 20.35 02a58376o0057c  1.687500  4195840
58376.247461 18.738855      NaN   56.0    20 c    0   0.94 210.90449 54.3204  5743.47  2124.88 2.89 2.78 -67.5 -0.379    19.00 20.36 02a58376o0076c  2.800000        0
58520.663770 20.207197      NaN   -5.5    10 c    0   1.55 210.90449 54.3204  4411.18  7855.33 2.59 2.36  19.1 -0.464    19.68 21.60 02a58520o0274c -0.100000     8192
58520.673685 18.816441      NaN  -18.5    36 c    0   1.40 210.90449 54.3204  4385.59  7815.51 2.64 2.45  19.7 -0.473    18.45 19.41 02a58520o0295c -0.388889     8192
58576.556729 20.103715      NaN  -34.5    11 c    0   1.40 210.90449 54.3204  7716.81   119.84 2.48 2.10 -59.9 -0.404    19.78 21.80 02a58576o0718c -2.727273   524288
58576.558102 20.449472      NaN  -16.5     8 c    0   1.78 210.90449 54.3204  7983.83  9857.13 2.67 2.50 -64.4 -0.402    19.80 21.82 02a58576o0721c -1.500000        0
58576.570795 20.137125      NaN   -2.5    10 c    0   1.12 210.90449 54.3204  7959.46  9816.05 2.76 2.52 -54.3 -0.414    19.76 21.80 02a58576o0748c  0.200000        0
58576.571708 19.472870      NaN   15.5    13 c    0   1.39 210.90449 54.3204  7693.53    78.17 2.54 2.17 -54.5 -0.393    19.74 21.77 02a58576o0750c  1.538462        0
58576.577207 19.609992      NaN    8.5    13 c    0   1.18 210.90449 54.3204  7759.01   157.99 2.57 2.18 -55.4 -0.421    19.76 21.75 02a58576o0762c  1.000000        0
58576.578589 20.009244      NaN  -11.5    12 c    0   1.20 210.90449 54.3204  8014.57  9896.81 2.83 2.48 -54.1 -0.408    19.73 21.78 02a58576o0765c -0.583333        0
58576.591620 19.719755      NaN    3.5    13 c    0   1.00 210.90449 54.3204  8035.14  9779.59 2.90 2.51 -53.5 -0.400    19.67 21.74 02a58576o0792c  0.615385        0
58580.533459 19.696897      NaN    7.5    12 c    0   0.96 210.90449 54.3204  7595.90  7893.75 2.64 2.49  45.1 -0.407    19.60 21.43 02a58580o0667c  1.000000   524288
58580.553444 20.071303      NaN   -0.5    10 c    0   1.30 210.90449 54.3204  7628.83  7931.97 2.56 2.54  82.9 -0.405    19.66 21.40 02a58580o0709c  0.400000        0
58580.565220 19.569016      NaN   10.5    13 c    0   1.20 210.90449 54.3204  7649.93  7814.18 2.60 2.53  68.0 -0.409    19.59 21.37 02a58580o0734c  1.153846        0
58604.470220 20.171596      NaN   -0.5     9 c    0   1.19 210.90449 54.3204  7322.09  4013.25 2.38 2.30  44.7 -0.399    19.60 21.61 02a58604o0438c  0.444444        0
58604.485174 19.894850      NaN    2.5    11 c    0   1.00 210.90449 54.3204  7298.98  3973.98 2.37 2.30 -64.8 -0.409    19.59 21.62 02a58604o0470c  0.636364        0
58604.494705 19.950541      NaN   -2.5    12 c    0   1.01 210.90449 54.3204  7352.68  4049.00 2.41 2.38  48.9 -0.404    19.60 21.58 02a58604o0490c  0.166667        0
58604.501777 20.207197      NaN   -7.5    10 c    0   0.96 210.90449 54.3204  7375.15  3935.39 2.48 2.38 -61.6 -0.398    19.53 21.55 02a58604o0505c -0.300000        0
58612.399959 19.868040      NaN    0.5    12 c    0   1.27 210.90449 54.3204  9091.43  6909.33 2.56 2.47  58.9 -0.422    19.76 21.60 02a58612o0365c  0.416667        0
58612.401822 19.922338      NaN  -14.5    13 c    0   0.71 210.90449 54.3204  9071.73  6869.60 2.56 2.46  57.8 -0.405    19.79 21.60 02a58612o0369c -0.769231        0
58612.407474 19.979496      NaN   -0.5    11 c    0   0.85 210.90449 54.3204  9127.91  6949.32 2.57 2.49  79.9 -0.420    19.76 21.61 02a58612o0381c  0.363636        0
58612.432540 19.894850      NaN   -3.5    13 c    0   1.18 210.90449 54.3204  9137.53  6831.81 2.59 2.47  48.1 -0.463    19.78 21.63 02a58612o0433c  0.076923        0
58636.335628 20.137125      NaN   -2.5    10 c    0   1.52 210.90449 54.3204  1817.91  7463.37 2.48 2.37 -15.9 -0.428    19.71 21.76 02a58636o0227c  0.200000        0
58636.341238 19.979496      NaN    8.5     8 c    0   1.45 210.90449 54.3204  8761.37  3068.60 2.37 2.27 -63.9 -0.421    19.80 21.76 02a58636o0239c  1.625000        0
58636.347261 19.766969      NaN    7.5    11 c    0   0.73 210.90449 54.3204  8825.49  3158.03 2.44 2.25 -62.3 -0.410    19.80 21.77 02a58636o0252c  1.090909        0
58636.365477 19.674510      NaN   14.5    10 c    0   1.09 210.90449 54.3204  8839.89  3038.52 2.46 2.25 -63.6 -0.412    19.75 21.70 02a58636o0291c  1.900000        0
58664.300439 20.009244      NaN    1.5    10 c    0   0.91 210.90449 54.3204  2503.70  1226.60 2.38 2.29 -65.4 -0.433    19.78 21.60 02a58664o0137c  0.600000   524288
58664.303183 19.979496      NaN   -0.5    11 c    0   1.06 210.90449 54.3204  2482.68  1187.70 2.42 2.27 -59.8 -0.420    19.81 21.61 02a58664o0143c  0.363636        0
58664.308728 20.207197      NaN  -11.5    10 c    0   1.27 210.90449 54.3204  2540.33  1261.42 2.35 2.28 -78.5 -0.405    19.80 21.64 02a58664o0155c -0.700000        0
58664.318819 20.171596      NaN   -0.5     9 c    0   1.40 210.90449 54.3204  2560.90  1143.44 2.35 2.24 -75.5 -0.432    19.82 21.68 02a58664o0177c  0.444444        0
58668.360430 20.321591      NaN  -12.5     9 c    0   1.41 210.90449 54.3204  6981.01  4796.85 2.58 2.30  40.7 -0.393    19.70 21.53 02a58668o0259c -0.888889        0
58668.363476 19.436675      NaN   11.5    15 c    0   1.02 210.90449 54.3204  6961.40  4756.62 2.61 2.25  40.6 -0.578    19.74 21.50 02a58668o0265c  1.066667        0
58668.370013 19.318728      NaN   24.5    13 c    0   0.92 210.90449 54.3204  7016.78  4832.92 2.68 2.25  39.4 -0.389    19.70 21.46 02a58668o0279c  2.230769        0
58668.381748 19.674510      NaN    5.5    13 c    0   0.85 210.90449 54.3204  7036.01  4714.71 2.56 2.27  38.0 -0.388    19.72 21.46 02a58668o0304c  0.769231        0
58692.299708 19.719755      NaN    9.5    11 c    0   1.08 210.90449 54.3204  8886.24  5241.41 2.65 2.49  41.4 -0.392    19.68 21.66 02a58692o0140c  1.272727        0
58692.302589 20.207197      NaN  -16.5    10 c    0   0.94 210.90449 54.3204  8866.03  5201.34 2.65 2.45  38.1 -0.389    19.70 21.66 02a58692o0146c -1.200000        0
58692.308687 20.009244      NaN   -8.5    12 c    0   0.95 210.90449 54.3204  8921.64  5280.89 2.53 2.46  53.5 -0.394    19.67 21.63 02a58692o0157c -0.333333        0
58692.318540 19.791368      NaN    6.5    11 c    0   0.96 210.90449 54.3204  8940.17  5164.46 2.56 2.44  41.4 -0.392    19.70 21.60 02a58692o0178c  1.000000        0
58696.259275 19.816329      NaN    8.5    10 c    0   1.06 210.90449 54.3204  8892.70  5244.55 2.77 2.47 -64.3 -0.398    19.61 21.39 02a58696o0060c  1.300000        0
58696.263160 19.652575      NaN    6.5    13 c    0   0.63 210.90449 54.3204  8871.84  5204.13 2.89 2.48 -64.6 -0.397    19.64 21.51 02a58696o0068c  0.846154        0
58696.268990 20.009244      NaN    1.5    10 c    0   1.21 210.90449 54.3204  8928.66  5284.18 2.87 2.52 -64.1 -0.401    19.66 21.57 02a58696o0080c  0.600000        0
58696.279054 20.103715      NaN   -4.5    11 c    0   1.14 210.90449 54.3204  8944.59  5174.55 3.00 2.56 -63.8 -0.397    19.61 21.57 02a58696o0101c  0.000000        0
58700.300639 19.922338      NaN  -10.5    13 c    0   1.00 210.90449 54.3204  3351.14  7115.65 2.45 2.42   6.1 -0.386    19.55 21.20 02a58700o0151c -0.461538        0
58700.303953 19.922338      NaN  -14.5    13 c    0   0.83 210.90449 54.3204  3332.44  7075.63 2.38 2.34  -1.6 -0.391    19.59 21.19 02a58700o0158c -0.769231        0
58700.310446 19.609992      NaN   11.5    12 c    0   1.03 210.90449 54.3204  3388.48  7153.64 2.47 2.37  26.3 -0.380    19.54 21.19 02a58700o0172c  1.333333        0
58700.320640 19.529530      NaN   15.5    12 c    0   1.00 210.90449 54.3204  3408.20  7034.70 2.44 2.40  -0.8 -0.390    19.55 21.17 02a58700o0194c  1.666667        0
58708.299948 18.574166      NaN   25.5    35 c    0   1.32 210.90449 54.3204  4773.78  3225.71 2.88 2.31  41.6 -0.386    18.22 19.07 02a58708o0161c  0.857143   524288
58708.302750 18.649074      NaN  -72.5    42 c    0   1.40 210.90449 54.3204  4752.73  3187.06 2.82 2.29  42.4 -0.398    18.06 18.90 02a58708o0167c -1.619048        0
58708.309789 18.598565      NaN  -26.5    44 c    0   1.00 210.90449 54.3204  4812.58  3266.08 2.95 2.35  42.1 -0.375    17.75 18.71 02a58708o0182c -0.500000        0
58708.319771 18.323878      NaN   51.5    38 c    0   1.28 210.90449 54.3204  4833.96  3147.52 2.72 2.33  39.4 -0.400    18.16 18.98 02a58708o0203c  1.473684        0
58724.254212 19.922338      NaN   -5.5    13 c    0   1.33 210.90449 54.3204  5045.29  4868.27 2.75 2.32  34.2 -0.404    19.58 21.32 02a58724o0081c -0.076923        0
58724.257423 19.979496      NaN   -3.5    12 c    0   1.41 210.90449 54.3204  5026.79  4830.02 2.64 2.29  38.4 -0.401    19.54 21.31 02a58724o0088c  0.083333        0
58724.263511 19.631075      NaN    7.5    13 c    0   0.95 210.90449 54.3204  5081.92  4905.87 2.76 2.32  36.7 -0.393    19.50 21.30 02a58724o0101c  0.923077        0
58724.275107 19.549093      NaN   14.5    12 c    0   1.23 210.90449 54.3204  5102.74  4792.21 2.72 2.32  36.3 -0.394    19.49 21.25 02a58724o0126c  1.583333        0
58872.552407 19.719755      NaN    9.5    11 c    0   1.30 210.90449 54.3204  3588.37  5777.32 2.53 2.32  44.0 -0.392    19.85 22.00 02a58872o0760c  1.272727        0
58872.555279 19.979496      NaN   -0.5    11 c    0   1.10 210.90449 54.3204  3610.43  5815.14 2.36 2.33 -56.8 -0.411    19.81 21.99 02a58872o0766c  0.363636        0
58872.561131 20.039830      NaN    3.5     9 c    0   1.27 210.90449 54.3204  3552.93  5735.96 2.35 2.31 -49.6 -0.410    19.84 21.99 02a58872o0778c  0.888889  4194560
58872.571799 20.321591      NaN   -6.5     9 c    0   1.01 210.90449 54.3204  3522.37  5856.46 2.52 2.31  40.8 -0.394    19.84 22.02 02a58872o0799c -0.222222        0
58876.651589 19.271854      NaN   30.5    12 c    0   0.91 210.90449 54.3204  1949.35  9623.54 2.41 2.33 -38.0 -0.427    19.70 21.82 02a58876o0927c  2.916667   524288
58876.655266 19.766969      NaN  -23.5    15 c    0   1.68 210.90449 54.3204  1968.52  9662.39 2.50 2.37 -43.3 -0.418    19.31 21.31 02a58876o0935c -1.266667     4096
58876.662978 19.128787      NaN   28.5    16 c    0   1.29 210.90449 54.3204  1910.87  9583.35 2.45 2.31 -39.5 -0.421    19.30 21.14 02a58876o0951c  2.062500   524288
58876.669196 18.657725      NaN   24.5    32 c    0   0.84 210.90449 54.3204  1889.83  9699.83 2.46 2.31 -35.2 -0.428    18.50 19.82 02a58876o0963c  0.906250   524288
58884.593779 20.071303      NaN    5.0    10 c    0   0.89 210.90449 54.3204  5076.55  1929.10 2.49 2.27  50.5 -0.395    19.82 21.99 02a58884o0827c  0.400000        0
58884.596741 20.244005      NaN    6.0     8 c    0   1.25 210.90449 54.3204  5101.29  1964.56 2.44 2.20 -61.4 -0.403    19.85 21.98 02a58884o0833c  0.625000   524288
58884.605408 20.103715      NaN    4.0    10 c    0   0.90 210.90449 54.3204  5046.12  1888.16 2.47 2.26 -62.7 -0.402    19.81 21.98 02a58884o0851c  0.300000        0
58884.615927 20.321591      NaN   -5.0     9 c    0   1.10 210.90449 54.3204  5024.50  2006.96 2.42 2.26  52.7 -0.400    19.81 21.99 02a58884o0873c -0.666667        0
58900.591861 19.589310      NaN   18.0    12 c    0   0.94 210.90449 54.3204  7237.59  3468.07 2.54 2.48  71.4 -0.387    19.55 21.59 02a58900o0772c  1.416667        0
58900.593725 19.510313      NaN   16.0    14 c    0   0.93 210.90449 54.3204  7259.59  3499.86 2.56 2.43 -67.7 -0.391    19.32 21.32 02a58900o0776c  1.071429        0
58900.597390 19.652575      NaN    9.0    14 c    0   1.14 210.90449 54.3204  7201.61  3428.25 2.87 2.78 -67.4 -0.394    19.29 21.41 02a58900o0783c  0.571429        0
58900.608099 19.436675      NaN   26.0    12 c    0   0.89 210.90449 54.3204  3403.18  7036.27 2.76 2.65 -56.4 -0.386    19.52 21.66 02a58900o0803c  2.083333        0
58932.513609 20.103715      NaN  -18.0    11 c    0   1.30 210.90449 54.3204  3632.40  8770.59 2.67 2.33 -51.9 -0.412    19.73 21.71 02a58932o0633c -1.727273   524288
58932.516828 20.009244      NaN  -14.0    12 c    0   0.86 210.90449 54.3204  3613.57  8731.19 2.70 2.37 -52.4 -0.412    19.70 21.70 02a58932o0640c -1.250000        0
58932.522331 20.071303      NaN    5.0    10 c    0   1.47 210.90449 54.3204  3668.33  8806.93 2.66 2.29 -51.7 -0.416    19.71 21.69 02a58932o0652c  0.400000        0
58932.532128 19.841877      NaN    0.0    14 c    0   0.88 210.90449 54.3204  3686.89  8689.73 2.65 2.33 -52.4 -0.413    19.72 21.67 02a58932o0673c -0.071429        0
58956.480280 20.103715      NaN  -12.0    11 c    0   1.38 210.90449 54.3204   403.52  1422.04 2.72 2.33 -57.7 -0.410    19.70 21.69 02a58956o0530c -1.181818        0
58956.483493 19.569016      NaN   22.0    11 c    0   1.01 210.90449 54.3204   382.97  1383.18 2.74 2.36 -59.2 -0.412    19.68 21.70 02a58956o0537c  1.909091        0
58956.489223 20.103715      NaN   -5.0    11 c    0   0.88 210.90449 54.3204   442.76  1452.80 2.73 2.35 -57.9 -0.413    19.70 21.68 02a58956o0549c -0.545455        0
58956.499532 20.207197      NaN  -21.0    10 c    0   1.40 210.90449 54.3204   462.71  1331.60 2.77 2.39 -59.4 -0.415    19.66 21.63 02a58956o0570c -2.200000        0
58960.425104 20.009244      NaN  -26.0    12 c    0   0.87 210.90449 54.3204 10184.24  9155.48 2.96 2.81  45.2 -0.373    19.66 21.55 02a58960o0416c -2.250000        0
58960.428590 20.103715      NaN   -1.0    11 c    0   0.86 210.90449 54.3204   374.92  1386.86 2.56 2.33 -59.0 -0.412    19.70 21.56 02a58960o0423c -0.181818        0
58960.434799 20.207197      NaN  -19.0    10 c    0   1.10 210.90449 54.3204   435.55  1457.44 2.48 2.33 -57.4 -0.416    19.72 21.56 02a58960o0436c -2.000000        0
58960.471580 19.841877      NaN   16.0     9 c    0   1.32 210.90449 54.3204   461.03  1334.00 2.37 2.29  75.3 -0.420    19.72 21.63 02a58960o0459c  1.666667        0
58964.430982 19.256669      NaN  -15.0    24 c    0   1.24 210.90449 54.3204  7136.82  6929.66 2.52 2.47 -81.9 -0.404    18.74 20.40 02a58964o0427c -0.666667        0
58964.434180 18.615142      NaN    2.0    43 c    0   1.13 210.90449 54.3204  7118.12  6890.09 2.54 2.51  85.7 -0.397    18.18 19.79 02a58964o0434c  0.023256        0
58964.440185 19.631075      NaN  -13.0    17 c    0   1.55 210.90449 54.3204  7174.32  6969.56 2.64 2.59 -70.3 -0.392    19.01 20.86 02a58964o0447c -0.823529   524288
58964.475522 19.816329      NaN    8.0    12 c    0   0.98 210.90449 54.3204  7189.95  6854.21 2.63 2.56  42.4 -0.395    19.59 21.44 02a58964o0523c  0.583333        0
58984.385056 19.841877      NaN   13.0    10 c    0   1.18 210.90449 54.3204  1470.41  6805.80 2.37 2.24  11.1 -0.404    19.75 21.72 02a58984o0250c  1.200000        0
58984.388259 19.922338      NaN   10.0    10 c    0   1.29 210.90449 54.3204  1452.07  6765.06 2.37 2.20 -51.1 -0.415    19.79 21.70 02a58984o0257c  0.900000        0
58984.393747 19.922338      NaN   13.0     9 c    0   1.54 210.90449 54.3204  1509.84  6841.90 2.38 2.21 -48.3 -0.421    19.78 21.71 02a58984o0269c  1.333333        0
58984.404468 20.321591      NaN   -5.0     9 c    0   1.40 210.90449 54.3204  1535.16  6724.22 2.37 2.20 -45.9 -0.416    19.79 21.73 02a58984o0290c -0.666667        0
58988.407142 20.103715      NaN   -6.0    11 c    0   1.03 210.90449 54.3204  6735.85  3141.48 2.59 2.29  35.4 -0.390    19.71 21.63 02a58988o0375c -0.636364        0
58988.410344 20.103715      NaN   -7.0    11 c    0   0.70 210.90449 54.3204  6718.59  3102.84 2.44 2.34  34.9 -0.395    19.73 21.61 02a58988o0382c -0.727273        0
58988.415874 20.071303      NaN    5.0    10 c    0   1.27 210.90449 54.3204  6776.25  3179.47 2.45 2.31  38.3 -0.393    19.70 21.59 02a58988o0394c  0.400000        0
58988.427368 19.696897      NaN   19.0    10 c    0   1.34 210.90449 54.3204  6800.80  3066.50 2.36 2.34  79.0 -0.396    19.72 21.59 02a58988o0419c  1.800000        0
58992.358373 19.922338      NaN    7.0    11 c    0   1.10 210.90449 54.3204  6742.24  3148.83 2.63 2.41  33.3 -0.390    19.73 21.75 02a58992o0269c  0.545455        0
58992.361575 20.103715      NaN   -6.0    11 c    0   0.63 210.90449 54.3204  6722.33  3108.96 2.55 2.36  32.6 -0.393    19.72 21.74 02a58992o0276c -0.636364        0
58992.367526 20.207197      NaN   -1.0    10 c    0   1.17 210.90449 54.3204  6780.76  3186.58 2.59 2.40  31.5 -0.386    19.74 21.75 02a58992o0289c -0.200000        0
58992.401785 20.207197      NaN   -5.0    10 c    0   1.14 210.90449 54.3204  6797.48  3067.52 2.64 2.38  29.0 -0.384    19.70 21.75 02a58992o0362c -0.600000        0
59011.354173 20.171596      NaN    2.0    10 c    0   1.21 210.90449 54.3204  9043.53  6904.69 3.01 2.95  57.1 -0.382    19.64 21.96 02a59011o0241c  0.100000        0
59011.357398 19.510313      NaN   16.0    14 c    0   0.86 210.90449 54.3204  9022.01  6859.06 2.93 2.86  56.0 -0.384    19.67 21.95 02a59011o0248c  1.071429   524288
59011.363858 20.207197      NaN  -10.0    10 c    0   0.96 210.90449 54.3204  9078.65  6940.20 2.94 2.91  49.3 -0.385    19.68 21.95 02a59011o0262c -1.100000        0
59011.384568 20.009244      NaN   -9.0    12 c    0   1.10 210.90449 54.3204  9090.47  6821.60 3.91 3.56  31.2 -0.330    19.44 21.95 02a59011o0306c -0.833333   524288
59015.333919 20.171596      NaN    2.0    10 c    0   1.01 210.90449 54.3204  9042.68  6899.20 2.65 2.57  58.3 -0.399    19.78 21.91 02a59015o0200c  0.100000        0
59015.337583 19.979496      NaN    2.0    12 c    0   0.91 210.90449 54.3204  9023.89  6858.31 2.64 2.55  64.2 -0.398    19.79 21.90 02a59015o0208c  0.083333        0
59015.343104 19.719755      NaN   21.0     9 c    0   1.65 210.90449 54.3204  9077.64  6939.22 2.76 2.45  36.0 -0.390    19.78 21.90 02a59015o0220c  2.222222        0
59015.354141 20.321591      NaN  -22.0     9 c    0   1.29 210.90449 54.3204  9096.72  6824.62 2.69 2.60  68.2 -0.396    19.76 21.87 02a59015o0244c -2.555556        0
59020.330908 20.321591      NaN   -2.0     9 c    0   1.96 210.90449 54.3204  6571.91   999.53 2.45 2.32 -69.5 -0.404    19.50 21.38 02a59020o0132c -0.333333        0
59020.334109 20.207197      NaN   -2.0    10 c    0   0.91 210.90449 54.3204  6551.35   959.31 2.44 2.30 -64.1 -0.401    19.75 21.74 02a59020o0139c -0.300000        0
59020.341236 19.950541      NaN    9.0    10 c    0   1.47 210.90449 54.3204  6611.05  1040.18 2.54 2.42  87.2 -0.392    19.60 21.65 02a59020o0154c  0.800000        0
59020.352367 19.367717      NaN   30.0    12 c    0   1.62 210.90449 54.3204  6630.06   916.94 2.36 2.31 -84.8 -0.405    19.43 21.35 02a59020o0178c  2.416667        0
59040.285251 19.868040      NaN    6.0    12 c    0   1.06 210.90449 54.3204  8744.29  3112.77 2.87 2.73 -62.0 -0.377    19.58 21.62 02a59040o0091c  0.416667        0
59040.288469 19.922338      NaN   -4.0    13 c    0   0.88 210.90449 54.3204  8724.57  3072.67 2.82 2.71 -57.8 -0.372    19.58 21.62 02a59040o0098c -0.384615        0
59040.295427 19.979496      NaN    5.0    11 c    0   1.14 210.90449 54.3204  8783.99  3150.28 2.74 2.65 -59.9 -0.379    19.70 21.65 02a59040o0113c  0.363636        0
59040.306084 20.103715      NaN  -13.0    11 c    0   0.90 210.90449 54.3204  8805.34  3032.54 2.80 2.70  40.8 -0.379    19.65 21.66 02a59040o0136c -1.272727        0
59044.317072 20.207197      NaN   -2.0    10 c    0   1.15 210.90449 54.3204   797.67  3043.22 2.48 2.27 -55.6 -0.400    19.71 21.76 02a59044o0158c -0.300000        0
59044.320832 19.549093      NaN   26.0    10 c    0   1.23 210.90449 54.3204   776.02  3003.18 2.53 2.34 -61.3 -0.402    19.68 21.77 02a59044o0166c  2.500000  4194560
59044.327714 20.207197      NaN   -7.0    10 c    0   1.47 210.90449 54.3204   838.57  3081.30 2.61 2.46 -60.5 -0.405    19.62 21.76 02a59044o0181c -0.800000        0
59044.337475 19.589310      NaN   21.0    11 c    0   0.83 210.90449 54.3204   861.70  2960.93 2.75 2.44 -57.4 -0.397    19.60 21.71 02a59044o0202c  1.818182        0
59048.285981 20.207197      NaN   -2.0    10 c    0   1.07 210.90449 54.3204   803.90  3047.58 2.55 2.35  33.8 -0.395    19.64 21.53 02a59048o0095c -0.300000        0
59048.290126 19.510313      NaN   22.0    12 c    0   1.12 210.90449 54.3204   783.14  3008.91 2.65 2.35  36.4 -0.389    19.44 21.30 02a59048o0104c  1.750000        0
59048.296595 20.207197      NaN   -1.0    10 c    0   1.17 210.90449 54.3204   842.10  3082.33 2.56 2.32  35.6 -0.393    19.57 21.51 02a59048o0118c -0.200000        0
59048.308077 20.594452      NaN   -5.0     7 c    0   1.40 210.90449 54.3204   865.93  2962.80 2.36 2.33  16.7 -0.405    19.68 21.65 02a59048o0143c -0.857143        0
59108.240914 19.652575      NaN    6.0    15 c    0   0.91 210.90449 54.3204  4762.71  3217.31 2.37 2.34  59.5 -0.401    19.32 20.86 02a59108o0046c  0.333333        0
59108.246004 19.351140      NaN   22.0    15 c    0   1.11 210.90449 54.3204  4742.41  3190.41 2.57 2.40  37.4 -0.392    19.27 20.84 02a59108o0057c  1.400000        0
59108.250126 19.334813      NaN   26.0    14 c    0   1.23 210.90449 54.3204  4801.97  3261.67 2.42 2.39  50.4 -0.395    19.30 20.84 02a59108o0066c  1.785714        0
59108.260706 19.766969      NaN  -16.0    15 c    0   1.04 210.90449 54.3204  4821.43  3151.57 2.62 2.44 -52.1 -0.395    19.22 20.80 02a59108o0089c -1.133333        0
59206.608827 20.171596      NaN    2.0    10 c    0   0.81 210.90449 54.3204  4774.08  3204.85 2.53 2.47 -30.9 -0.369    19.71 21.84 01a59206o0880c  0.100000        0
59206.612058 19.696897      NaN   16.0    11 c    0   0.82 210.90449 54.3204  4752.15  3169.96 2.57 2.51 -32.5 -0.367    19.69 21.85 01a59206o0887c  1.363636        0
59206.617585 20.103715      NaN    7.0     9 c    0   1.38 210.90449 54.3204  4813.29  3246.37 2.73 2.64  -8.0 -0.359    19.62 21.85 01a59206o0899c  0.666667        0
59206.631405 20.103715      NaN   -5.0    11 c    0   0.95 210.90449 54.3204  4831.69  3134.54 2.76 2.58  21.6 -0.358    19.63 21.85 01a59206o0929c -0.545455        0
59208.639885 19.922338      NaN   -5.0    13 c    0   0.71 210.90449 54.3204  8790.09  1640.21 2.61 2.32 -54.2 -0.407    19.68 21.64 02a59208o0962c -0.461538        0
59208.650450 20.207197      NaN  -17.0    10 c    0   1.20 210.90449 54.3204  8810.46  1679.19 2.61 2.33 -53.8 -0.404    19.70 21.65 02a59208o0985c -1.800000        0
59208.655955 20.009244      NaN  -10.0    12 c    0   0.89 210.90449 54.3204  8755.90  1605.88 2.58 2.31 -55.3 -0.401    19.67 21.61 02a59208o0997c -0.916667        0
59208.664725 19.766969      NaN  -15.0    15 c    0   1.13 210.90449 54.3204  8737.62  1726.59 2.57 2.34 -56.5 -0.404    19.41 20.84 02a59208o1016c -1.066667        0
59228.630646 19.766969      NaN   10.0    12 c    0   0.70 210.90449 54.3204  7488.52  5578.39 2.68 2.51  50.2 -0.390    19.74 21.88 02a59228o0867c  0.750000        0
59228.633851 19.816329      NaN    8.0    12 c    0   0.78 210.90449 54.3204  7508.73  5616.70 2.71 2.51  48.7 -0.388    19.72 21.88 02a59228o0874c  0.583333        0
59228.650265 20.103715      NaN    1.0    11 c    0   0.92 210.90449 54.3204  7456.61  5542.96 2.70 2.49  48.1 -0.390    19.76 21.90 02a59228o0909c  0.000000        0
59228.658974 19.491430      NaN   29.0    10 c    0   1.36 210.90449 54.3204  7437.40  5660.14 2.68 2.45  45.8 -0.392    19.80 21.83 02a59228o0928c  2.800000        0
59230.596813 20.321591      NaN   -2.0     9 c    0   1.19 210.90449 54.3204  3653.80  8742.57 2.94 2.60 -76.6 -0.397    19.72 22.31 01a59230o0856c -0.333333  4194560
59230.600047 20.009244      NaN    7.0    10 c    0   1.00 210.90449 54.3204  3634.47  8704.93 2.90 2.59 -77.2 -0.395    19.77 22.33 01a59230o0863c  0.600000        0
59230.605590 20.207197      NaN   -7.0    10 c    0   1.01 210.90449 54.3204  3692.71  8778.30 2.80 2.62 -83.5 -0.389    19.76 22.34 01a59230o0875c -0.800000        0
59230.615358 20.103715      NaN    4.0    10 c    0   1.03 210.90449 54.3204  3711.16  8662.47 2.75 2.58 -80.9 -0.393    19.78 22.39 01a59230o0896c  0.300000        0
59238.585766 20.449472      NaN   -1.0     8 c    0   1.02 210.90449 54.3204  1142.37  5160.28 2.29 2.19 -63.8 -0.397    19.95 22.17 01a59238o0765c -0.250000   524288
59238.588065 20.039830      NaN    9.0     9 c    0   1.14 210.90449 54.3204  1122.29  5123.13 2.37 2.29 -67.1 -0.389    19.94 22.16 01a59238o0770c  0.888889        0
59238.590826 20.449472      NaN   -5.0     8 c    0   1.27 210.90449 54.3204  1181.17  5200.14 2.39 2.33 -75.2 -0.385    19.95 22.18 01a59238o0776c -0.750000        0
59238.595897 20.449472      NaN   -2.0     8 c    0   1.17 210.90449 54.3204  1200.22  5082.13 2.46 2.42 -78.6 -0.383    19.88 22.19 01a59238o0787c -0.375000        0
59254.582395 19.589310      NaN   21.0    11 c    0   1.04 210.90449 54.3204   387.45  1426.95 2.77 2.47  45.1 -0.393    19.64 22.07 01a59254o0809c  1.818182  4194560
59254.584237 20.207197      NaN   -7.0    10 c    0   1.67 210.90449 54.3204   359.59  1392.45 2.60 2.34  67.3 -0.431    19.62 22.01 01a59254o0813c -0.800000  4194560
59254.587068 19.063754      NaN   27.0    20 c    0   0.74 210.90449 54.3204   426.52  1465.04 2.52 2.31  66.1 -0.427    19.24 21.52 01a59254o0819c  1.300000     8192
59254.593104 20.171596      NaN    5.0     9 c    0   1.62 210.90449 54.3204   443.70  1347.35 2.50 2.28  67.7 -0.427    19.76 22.16 01a59254o0832c  0.444444     8192
59256.529166 20.321591      NaN    4.0     8 c    0   1.38 210.90449 54.3204  5326.86  3572.36 2.50 2.34  47.4 -0.402    19.79 21.98 02a59256o0695c  0.375000        0
59256.532384 20.321591      NaN   -1.0     9 c    0   1.12 210.90449 54.3204  5346.14  3611.83 2.63 2.39  45.7 -0.397    19.76 21.98 02a59256o0702c -0.222222  4194560
59256.537897 20.207197      NaN   -1.0    10 c    0   0.96 210.90449 54.3204  5289.72  3534.82 2.56 2.33  43.2 -0.402    19.81 21.97 02a59256o0714c -0.200000        0
59256.543014 20.009244      NaN    4.0    11 c    0   0.70 210.90449 54.3204  5271.39  3650.42 2.62 2.40  46.3 -0.397    19.76 21.98 02a59256o0725c  0.272727        0
59258.571978 20.321591      NaN    0.0     9 c    0   1.00 210.90449 54.3204  7150.93  6899.02 2.55 2.52  66.2 -0.368    19.75 22.04 01a59258o0790c -0.111111        0
59258.573832 20.207197      NaN   -4.0    10 c    0   0.76 210.90449 54.3204  7135.59  6856.80 2.73 2.59  43.8 -0.357    19.73 22.03 01a59258o0794c -0.500000        0
59258.576596 20.171596      NaN    5.0     9 c    0   1.33 210.90449 54.3204  7191.13  6936.77 2.70 2.64  62.6 -0.366    19.74 22.04 01a59258o0800c  0.444444        0
59258.582589 20.321591      NaN   -5.0     9 c    0   1.10 210.90449 54.3204  7208.36  6822.28 2.52 2.48  79.0 -0.375    19.80 22.04 01a59258o0813c -0.666667        0
59262.501830 20.321591      NaN  -12.0     9 c    0   1.28 210.90449 54.3204  7148.43  6899.30 2.40 2.25 -88.5 -0.395    19.77 21.77 01a59262o0623c -1.444444        0
59262.504607 19.922338      NaN   13.0     9 c    0   1.27 210.90449 54.3204  7129.67  6859.58 2.40 2.28 -87.6 -0.390    19.78 21.82 01a59262o0629c  1.333333        0
59262.508306 20.449472      NaN   -7.0     8 c    0   1.49 210.90449 54.3204  7188.05  6936.85 2.46 2.36  83.3 -0.379    19.75 21.86 01a59262o0637c -1.000000        0
59262.514297 20.009244      NaN   10.0     9 c    0   1.18 210.90449 54.3204  7206.32  6820.72 2.49 2.41  85.7 -0.374    19.77 21.85 01a59262o0650c  1.000000        0
59288.544037 20.207197      NaN   -5.0    10 c    0   0.90 210.90449 54.3204  5489.13  8646.97 2.43 2.34  52.9 -0.408    19.81 21.80 02a59288o0704c -0.600000        0
59288.579411 19.950541      NaN   12.0     9 c    0   1.71 210.90449 54.3204  5466.60  8606.34 2.56 2.32  34.2 -0.396    19.77 21.76 02a59288o0780c  1.222222        0
59288.607793 19.089302      NaN   22.0    21 c    0   0.80 210.90449 54.3204  5517.67  8680.15 2.61 2.36  33.4 -0.390    18.70 20.56 02a59288o0841c  1.000000   524288
59288.632589 20.009244      NaN    4.0    11 c    0   1.22 210.90449 54.3204  5532.62  8560.26 2.78 2.35  41.2 -0.386    19.67 21.69 02a59288o0894c  0.272727        0
59292.459472 19.631075      NaN   22.0    10 c    0   1.04 210.90449 54.3204  1704.18  5331.17 2.49 2.30  55.8 -0.413    19.75 21.80 02a59292o0510c  2.100000        0
59292.462673 20.321591      NaN   -8.0     9 c    0   1.14 210.90449 54.3204  1727.34  5370.80 2.46 2.31  60.6 -0.409    19.74 21.78 02a59292o0517c -1.000000        0
59292.466844 19.631075      NaN   22.0    10 c    0   1.15 210.90449 54.3204  1666.76  5291.47 2.59 2.36  48.1 -0.401    19.72 21.79 02a59292o0526c  2.100000   524288
59292.473270 19.696897      NaN   13.0    12 c    0   0.83 210.90449 54.3204  1648.47  5406.69 2.52 2.31  48.3 -0.405    19.74 21.81 02a59292o0540c  1.000000        0
59292.649611 19.436675      NaN   17.0    15 c    0   1.41 210.90449 54.3204  8891.73  5213.81 2.51 2.32  36.4 -0.396    19.18 20.41 02a59292o0918c  1.066667        0
59310.449546 20.039830      NaN    6.0    10 c    0   1.29 210.90449 54.3204  9051.20  6869.16 2.61 2.41  87.5 -0.400    20.01 21.98 01a59310o0425c  0.500000        0
59310.451851 19.922338      NaN   16.0     8 c    0   1.71 210.90449 54.3204  9031.76  6829.64 2.59 2.43 -85.2 -0.392    20.03 21.99 01a59310o0430c  1.875000        0
59310.455624 19.816329      NaN   17.0     9 c    0   1.13 210.90449 54.3204  9093.70  6906.60 2.54 2.41  87.3 -0.394    20.01 21.99 01a59310o0438c  1.777778  4194560
59310.464868 20.207197      NaN  -12.0    10 c    0   0.89 210.90449 54.3204  9109.94  6790.72 2.62 2.55 -83.7 -0.385    19.96 22.08 01a59310o0457c -1.300000        0
59314.443833 20.449472      NaN  -12.0     8 c    0   1.09 210.90449 54.3204  6544.36   984.54 2.46 2.29   5.8 -0.392    19.96 21.85 01a59314o0481c -1.625000        0
59314.445680 20.207197      NaN   -5.0    10 c    0   0.93 210.90449 54.3204  6525.15   945.34 2.67 2.39  -6.2 -0.369    19.94 21.88 01a59314o0485c -0.600000        0
59314.448467 20.171596      NaN    2.0    10 c    0   0.85 210.90449 54.3204  6586.84  1024.28 2.62 2.37  -2.4 -0.372    19.95 21.87 01a59314o0491c  0.100000        0
59314.453560 20.207197      NaN   -6.0    10 c    0   0.77 210.90449 54.3204  6601.80   911.15 2.40 2.20 -19.0 -0.396    19.97 21.86 01a59314o0502c -0.700000        0
59318.482085 20.321591      NaN   -5.0     9 c    0   1.30 210.90449 54.3204  4035.01  9600.48 2.42 2.28 -41.2 -0.387    19.76 21.52 01a59318o0559c -0.666667        0
59318.517343 20.449472      NaN  -19.0     8 c    0   1.53 210.90449 54.3204  4062.18  9634.23 2.29 2.10 -51.5 -0.388    19.89 21.56 01a59318o0635c -2.500000        0
59318.520566 20.449472      NaN   -7.0     8 c    0   1.42 210.90449 54.3204  4002.70  9556.46 2.28 2.08 -45.1 -0.388    19.89 21.57 01a59318o0642c -1.000000        0
59318.543605 20.071303      NaN    8.0     9 c    0   1.07 210.90449 54.3204  3988.55  9670.25 2.28 2.10 -53.5 -0.387    19.86 21.46 01a59318o0691c  0.777778   524288
59322.408613 20.282105      NaN    2.0     9 c    0   0.76 210.90449 54.3204  3079.73  4999.63 2.30 2.21 -81.9 -0.395    19.96 21.79 01a59322o0383c  0.111111   524288
59322.410910 20.321591      NaN   -3.0     9 c    0   0.82 210.90449 54.3204  3059.90  4961.38 2.29 2.17 -84.0 -0.398    19.97 21.80 01a59322o0388c -0.444444        0
59322.414135 20.761819      NaN   -8.0     6 c    0   1.57 210.90449 54.3204  3117.51  5036.96 2.24 2.12 -74.7 -0.401    19.99 21.81 01a59322o0395c -1.500000        0
59322.419674 20.321591      NaN   -2.0     9 c    0   0.88 210.90449 54.3204  3135.96  4921.79 2.33 2.19 -67.1 -0.399    19.92 21.79 01a59322o0407c -0.333333        0
59344.419514 20.207197      NaN  -14.0    10 c    0   1.28 210.90449 54.3204  1131.31  5175.75 2.36 2.24 -41.1 -0.422    19.73 21.69 02a59344o0385c -1.500000   524288
59344.423635 20.207197      NaN   -5.0    10 c    0   1.29 210.90449 54.3204  1111.76  5137.03 2.39 2.26 -41.3 -0.419    19.71 21.70 02a59344o0394c -0.600000        0
59344.429702 19.652575      NaN   24.0     9 c    0   1.61 210.90449 54.3204  1172.22  5210.57 2.40 2.26 -46.4 -0.424    19.71 21.72 02a59344o0407c  2.555556        0
59344.462022 20.103715      NaN    0.0    11 c    0   1.16 210.90449 54.3204  1190.38  5087.84 2.33 2.28 -17.9 -0.419    19.69 21.62 02a59344o0474c -0.090909        0
59370.364702 20.449472      NaN   -3.0     8 c    0   1.39 210.90449 54.3204  1981.66  9664.42 2.28 2.04 -63.1 -0.402    19.99 22.07 01a59370o0279c -0.500000        0
59370.367930 20.039830      NaN   12.0     8 c    0   1.17 210.90449 54.3204  2003.07  9703.58 2.32 2.08 -64.7 -0.403    20.00 22.06 01a59370o0286c  1.375000        0
59370.374378 20.449472      NaN   -3.0     8 c    0   1.22 210.90449 54.3204  1940.93  9623.48 2.25 1.99 -65.2 -0.405    20.01 22.04 01a59370o0300c -0.500000        0
59370.408119 20.321591      NaN  -11.0     9 c    0   0.91 210.90449 54.3204  1925.50  9736.86 2.38 2.12 -61.8 -0.407    19.96 22.00 01a59370o0367c -1.333333        0
59374.345057 20.449472      NaN  -15.0     8 c    0   1.15 210.90449 54.3204  1982.89  9667.30 2.45 2.21 -61.5 -0.392    19.98 22.03 01a59374o0234c -2.000000        0
59374.348286 20.207197      NaN    0.0    10 c    0   0.71 210.90449 54.3204  2004.24  9705.51 2.30 2.10 -65.5 -0.401    19.98 22.02 01a59374o0241c -0.100000        0
59374.353832 20.321591      NaN  -10.0     9 c    0   0.96 210.90449 54.3204  1945.73  9627.24 2.30 2.10 -54.0 -0.390    19.99 22.02 01a59374o0253c -1.222222        0
59374.364434 20.207197      NaN    7.0     8 c    0   1.27 210.90449 54.3204  1925.27  9742.32 2.38 2.11 -62.3 -0.402    19.97 22.04 01a59374o0276c  0.750000        0
59378.326788 20.449472      NaN   -3.0     8 c    0   1.07 210.90449 54.3204  5006.92  1930.93 2.15 2.08  52.9 -0.401    19.98 21.72 01a59378o0193c -0.500000        0
59378.330008 20.321591      NaN    0.0     9 c    0   1.01 210.90449 54.3204  5027.80  1971.41 2.17 2.12  31.8 -0.400    19.93 21.73 01a59378o0200c -0.111111        0
59378.335546 20.321591      NaN  -10.0     9 c    0   0.88 210.90449 54.3204  4971.83  1893.11 2.21 2.11  19.9 -0.398    19.97 21.75 01a59378o0212c -1.222222        0
59378.348438 20.449472      NaN   -4.0     8 c    0   0.79 210.90449 54.3204  4957.23  2008.34 2.23 2.15  11.4 -0.391    19.97 21.87 01a59378o0240c -0.625000        0
59404.284177 19.922338      NaN  -23.0    13 c    0   0.79 210.90449 54.3204  1760.55  8924.28 2.63 1.98 -48.8 -0.449    19.74 21.54 02a59404o0088c -1.846154  4194560
59404.287411 19.922338      NaN    7.0    11 c    0   0.75 210.90449 54.3204  1740.65  8885.47 2.68 2.01 -50.2 -0.440    19.73 21.54 02a59404o0095c  0.545455        0
59404.292910 20.103715      NaN  -22.0    11 c    0   0.65 210.90449 54.3204  1795.05  8958.17 2.61 2.07 -50.9 -0.431    19.70 21.51 02a59404o0107c -2.090909        0
59404.302990 20.207197      NaN  -33.0    10 c    0   1.46 210.90449 54.3204  1815.14  8839.07 2.68 2.07 -50.0 -0.436    19.66 21.51 02a59404o0129c -3.400000        0
59408.274563 19.922338      NaN  -11.0    13 c    0   0.83 210.90449 54.3204  1763.08  8923.45 2.59 2.03 -48.8 -0.440    19.66 21.40 02a59408o0068c -0.923077        0
59408.277767 19.950541      NaN    9.0    10 c    0   1.63 210.90449 54.3204  1741.76  8884.29 2.61 2.15 -52.1 -0.423    19.64 21.42 02a59408o0075c  0.800000        0
59408.283262 20.009244      NaN   -8.0    12 c    0   0.82 210.90449 54.3204  1796.73  8959.25 2.58 2.16 -51.3 -0.430    19.62 21.42 02a59408o0087c -0.750000        0
59408.295675 19.922338      NaN   -3.0    13 c    0   0.85 210.90449 54.3204  1818.46  8838.48 2.52 2.08 -47.9 -0.435    19.67 21.47 02a59408o0114c -0.307692        0
59426.249901 19.841877      NaN  -12.0    14 c    0   0.84 210.90449 54.3204  6870.83  1775.04 2.36 2.16 -72.8 -0.407    19.54 20.73 01a59426o0032c -0.928571        0
59426.253177 20.207197      NaN  -10.0    10 c    0   1.18 210.90449 54.3204  6889.85  1815.04 2.40 2.20 -74.5 -0.404    19.71 21.20 01a59426o0039c -1.100000        0
59426.258716 20.009244      NaN    7.0    10 c    0   0.88 210.90449 54.3204  6835.59  1739.94 2.29 2.16 -72.7 -0.405    19.86 21.60 01a59426o0051c  0.600000        0
59426.272762 20.039830      NaN    9.0     9 c    0   1.00 210.90449 54.3204  6819.47  1857.52 2.30 2.17 -74.9 -0.407    19.88 21.67 01a59426o0081c  0.888889   524288
59430.242183 19.241693      NaN    2.0    24 c    0   1.30 210.90449 54.3204  6870.98  1779.70 2.31 2.17 -36.2 -0.390    18.64 19.07 01a59430o0020c  0.041667        0
59430.244954 19.256669      NaN   16.0    19 c    0   1.19 210.90449 54.3204  6891.15  1816.21 2.29 2.14 -75.4 -0.400    19.10 19.81 01a59430o0026c  0.789474        0
59430.250541 20.137125      NaN    6.0     9 c    0   1.50 210.90449 54.3204  6839.77  1742.21 2.31 2.15 -75.1 -0.398    19.66 20.96 01a59430o0038c  0.555556        0
59430.260749 20.449472      NaN    1.0     8 c    0   1.59 210.90449 54.3204  6821.47  1857.22 2.35 2.19 -80.1 -0.402    19.86 21.60 01a59430o0060c  0.000000        0
59434.246925 19.841877      NaN  -32.0    14 c    0   1.08 210.90449 54.3204  9416.37  5334.92 2.85 2.42 -84.2 -0.365    19.33 20.53 01a59434o0034c -2.357143   524288
59434.250609 19.696897      NaN    7.0    14 c    0   1.03 210.90449 54.3204  9436.68  5370.05 2.84 2.40 -87.2 -0.376    19.54 21.12 01a59434o0042c  0.428571        0
59434.256155 19.816329      NaN   14.0    10 c    0   1.23 210.90449 54.3204  9378.15  5299.93 2.78 2.39 -81.8 -0.380    19.71 21.52 01a59434o0054c  1.300000        0
59434.267220 20.207197      NaN  -14.0    10 c    0   1.12 210.90449 54.3204  9361.62  5419.01 2.50 2.22 -79.4 -0.399    19.85 21.64 01a59434o0078c -1.500000        0
59588.641428 19.894850      NaN    8.0    11 c    0   1.05 210.90449 54.3204  3828.03  7433.85 2.64 2.39  46.7 -0.398    19.65 21.81 02a59588o0978c  0.636364        0
59588.646929 19.922338      NaN  -11.0    13 c    0   0.77 210.90449 54.3204  3848.88  7472.26 2.57 2.39  44.6 -0.407    19.61 21.81 02a59588o0990c -0.923077        0
59588.658083 20.207197      NaN   -7.0    10 c    0   1.32 210.90449 54.3204  3789.05  7393.01 2.56 2.35  45.7 -0.405    19.61 21.75 02a59588o1014c -0.800000        0
59588.665789 19.922338      NaN    0.0    13 c    0   1.01 210.90449 54.3204  3765.64  7512.55 2.65 2.37  46.6 -0.397    19.46 21.22 02a59588o1030c -0.076923        0
59615.558656 20.207197      NaN   -5.0    10 c    0   1.52 210.90449 54.3204  1516.59  3689.70 2.42 2.36  62.6 -0.422    19.60 21.48 02a59615o0775c -0.600000        0
59615.561412 19.491430      NaN   26.0    11 c    0   1.16 210.90449 54.3204  1536.26  3728.74 2.41 2.34  55.0 -0.424    19.61 21.49 02a59615o0781c  2.272727  4194560
59615.564167 19.979496      NaN    8.0    10 c    0   1.57 210.90449 54.3204  1477.80  3648.95 2.53 2.37  44.4 -0.418    19.59 21.49 02a59615o0787c  0.700000        0
59615.571520 19.922338      NaN    7.0    11 c    0   1.08 210.90449 54.3204  1460.41  3763.95 2.45 2.37  59.2 -0.420    19.60 21.51 02a59615o0803c  0.545455   524288
59619.586609 20.009244      NaN   -7.0    12 c    0   0.97 210.90449 54.3204  4014.75  9585.31 2.54 2.48  49.2 -0.406    19.67 21.67 02a59619o0807c -0.666667        0
59619.588435 19.696897      NaN   -1.0    16 c    0   0.78 210.90449 54.3204  4034.70  9624.85 2.57 2.47  50.0 -0.406    19.66 21.67 02a59619o0811c -0.125000        0
59619.592559 19.922338      NaN   -6.0    13 c    0   1.08 210.90449 54.3204  3972.37  9545.80 2.64 2.44  46.4 -0.397    19.63 21.67 02a59619o0820c -0.538462        0
59619.610269 19.766969      NaN  -17.0    15 c    0   1.05 210.90449 54.3204  3951.12  9663.26 2.66 2.46  42.7 -0.396    19.65 21.62 02a59619o0858c -1.200000        0
59639.510262 19.894850      NaN   11.0    10 c    0   1.19 210.90449 54.3204  1828.03  7488.24 2.33 2.28  62.9 -0.429    19.73 21.72 02a59639o0653c  1.000000        0
59639.513468 19.950541      NaN    3.0    12 c    0   1.03 210.90449 54.3204  1848.04  7528.44 2.44 2.32  41.6 -0.416    19.69 21.70 02a59639o0660c  0.166667        0
59639.516215 20.207197      NaN  -12.0    10 c    0   1.50 210.90449 54.3204  1788.56  7447.35 2.32 2.27  61.2 -0.433    19.71 21.71 02a59639o0666c -1.300000        0
59639.522156 20.137125      NaN    3.0    10 c    0   1.04 210.90449 54.3204  1768.53  7563.27 2.35 2.31  71.1 -0.429    19.72 21.72 02a59639o0679c  0.200000        0
59643.579606 19.766969      NaN   -6.0    15 c    0   0.96 210.90449 54.3204   808.36  3032.62 2.23 2.10   6.6 -0.449    19.23 21.76 02a59643o0746c -0.466667        0
59643.582534 19.841877      NaN   -7.0    14 c    0   1.37 210.90449 54.3204   786.72  2992.09 2.24 2.12   2.2 -0.448    19.21 21.75 02a59643o0752c -0.571429        0
59643.617736 19.816329      NaN    2.0    14 c    0   1.19 210.90449 54.3204   845.11  3065.59 2.33 2.09  30.1 -0.440    19.25 21.72 02a59643o0823c  0.071429        0
59643.623182 19.922338      NaN  -23.0    13 c    0   0.99 210.90449 54.3204   866.20  2943.75 2.25 2.12   8.7 -0.448    19.22 21.71 02a59643o0834c -1.846154        0
59647.511394 19.569016      NaN   -6.0    18 c    0   1.31 210.90449 54.3204  9779.33  7538.63 2.70 2.33  86.7 -0.448    18.96 21.75 02a59647o0432c -0.388889   524288
59647.514333 19.454622      NaN  -10.0    20 c    0   0.89 210.90449 54.3204  9800.47  7575.94 2.73 2.33  79.9 -0.441    18.94 21.77 02a59647o0438c -0.550000   524288
59647.519354 17.922662      NaN   88.0    53 c    0   1.35 210.90449 54.3204  9741.43  7503.28 2.65 2.37  79.9 -0.450    17.72 20.47 02a59647o0448c  1.641509        0
59647.539712 19.436675      NaN    2.0    20 c    0   0.98 210.90449 54.3204  9726.22  7623.37 2.89 2.56  68.1 -0.421    18.89 21.75 02a59647o0488c  0.050000        0
59671.401837 19.922338      NaN  -13.0    13 c    0   1.11 210.90449 54.3204  3603.46  5806.28 2.72 2.52  41.0 -0.395    19.49 21.62 02a59671o0314c -1.076923        0
59671.428617 20.009244      NaN   -9.0    12 c    0   1.79 210.90449 54.3204  3637.42  5843.61 2.79 2.53  42.7 -0.393    19.53 21.63 02a59671o0371c -0.833333   524288
59671.431827 19.631075      NaN   13.0    13 c    0   1.18 210.90449 54.3204  3579.51  5769.27 2.92 2.59  44.1 -0.385    19.45 21.63 02a59671o0378c  0.923077        0
59671.437311 19.791368      NaN    6.0    13 c    0   1.23 210.90449 54.3204  3559.82  5886.05 2.95 2.56  40.6 -0.386    19.42 21.63 02a59671o0390c  0.384615   524288
59675.445368 17.118376      NaN -121.0   172 c    0   1.72 210.90449 54.3204  1924.55  9610.27 2.52 2.40  40.5 -0.389    16.29 18.27 02a59675o0501c -0.709302  4196354
59675.451766 18.598565      NaN  -49.0    44 c    0   0.83 210.90449 54.3204  1904.23  9726.28 2.40 2.34  28.4 -0.458    18.45 20.52 02a59675o0515c -1.136364   532480
59679.432660 18.955691      NaN   33.0    21 c    0   1.30 210.90449 54.3204  1960.86  9650.04 2.53 2.39  41.3 -0.436    18.97 20.69 02a59679o0440c  1.523810        0
59679.438161 19.287255      NaN    5.0    22 c    0   0.82 210.90449 54.3204  1981.33  9688.21 2.48 2.38  33.3 -0.440    18.97 20.71 02a59679o0452c  0.181818        0
59679.439989 19.401649      NaN  -17.0    21 c    0   1.19 210.90449 54.3204  1920.34  9608.10 2.48 2.36  33.2 -0.449    18.99 20.72 02a59679o0456c -0.857143        0
59679.445014 19.454622      NaN   -6.0    20 c    0   1.41 210.90449 54.3204  1898.36  9725.78 2.48 2.41  30.9 -0.443    19.00 20.75 02a59679o0467c -0.350000        0
59695.447397 19.491430      NaN   17.0    14 c    0   1.01 210.90449 54.3204  8874.94  5238.37 2.73 2.49  32.2 -0.401    19.49 21.38 02a59695o0478c  1.142857        0
59695.450623 20.009244      NaN   -6.0    12 c    0   1.39 210.90449 54.3204  8855.48  5198.04 2.66 2.39  33.1 -0.403    19.51 21.38 02a59695o0485c -0.583333        0
59695.485942 19.841877      NaN  -15.0    14 c    0   0.85 210.90449 54.3204  8905.48  5277.42 2.75 2.44  30.0 -0.390    19.47 21.34 02a59695o0561c -1.142857   524288
59695.514381 19.063754 0.239872   87.0    19 c    0   1.07 210.90449 54.3204  8922.51  5161.89 2.76 2.40  28.4 -0.395    19.02 20.86 02a59695o0622c  4.526316   528384
59699.416003 16.007870      NaN   35.0   467 c    0   0.75 210.90449 54.3204  3350.30  7116.93 2.64 2.33  24.6 -0.397    15.53 16.82 02a59699o0410c  0.072805  4196354
59699.419220 18.489118      NaN   45.0    34 c    0   1.35 210.90449 54.3204  3333.13  7081.56 2.59 2.33  26.3 -0.397    18.25 19.68 02a59699o0417c  1.294118     8192
59699.424739 17.503229      NaN  105.0    86 c    0   1.33 210.90449 54.3204  3389.06  7155.52 2.63 2.33  24.3 -0.400    17.23 18.61 02a59699o0429c  1.209302     8192
59699.459844 19.631075      NaN  -18.0    17 c    0   2.08 210.90449 54.3204  3394.71  7036.49 2.58 2.25  27.3 -0.396    18.82 20.34 02a59699o0505c -1.117647  4194560
59723.379391 19.816329      NaN    5.0    13 c    0   0.99 210.90449 54.3204  5029.67  4875.98 2.69 2.33  28.8 -0.399    19.57 21.29 02a59723o0312c  0.307692        0
59723.382603 19.894850      NaN    2.0    13 c    0   1.29 210.90449 54.3204  5006.91  4834.79 2.96 2.46  29.7 -0.388    19.52 21.28 02a59723o0319c  0.076923        0
59723.388089 20.009244      NaN   -7.0    12 c    0   0.93 210.90449 54.3204  5067.85  4913.07 2.69 2.30  28.5 -0.402    19.58 21.25 02a59723o0331c -0.666667        0
59723.400898 20.207197      NaN    1.0    10 c    0   1.67 210.90449 54.3204  5086.48  4798.94 2.76 2.37  26.9 -0.397    19.55 21.26 02a59723o0359c  0.000000        0
59727.350487 17.770534      NaN   83.0    67 c    0   1.33 210.90449 54.3204  5034.22  4882.11 2.68 2.28  31.0 -0.398    17.52 18.91 02a59727o0248c  1.223881        0
59727.353687 18.857417      NaN   21.0    28 c    0   1.03 210.90449 54.3204  5014.60  4842.74 2.65 2.25  29.9 -0.401    18.58 20.08 02a59727o0255c  0.714286        0
59727.360089 18.191747      NaN  -98.0    64 c    0   0.81 210.90449 54.3204  5072.50  4918.32 2.64 2.25  30.7 -0.403    17.59 18.92 02a59727o0269c -1.546875  4194560
59727.371522 18.504094      NaN    7.0    46 c    0   1.13 210.90449 54.3204  5093.25  4800.97 2.81 2.30  31.3 -0.389    18.00 19.43 02a59727o0294c  0.130435   524288
59731.393020 19.922338      NaN  -20.0    13 c    0   1.03 210.90449 54.3204  3621.24  8764.04 2.74 2.68  34.9 -0.391    19.54 21.53 02a59731o0172c -1.615385        0
59731.398541 19.743105      NaN    2.0    15 c    0   0.72 210.90449 54.3204  3601.19  8724.88 2.84 2.66  42.4 -0.386    19.56 21.51 02a59731o0184c  0.066667        0
59731.401810 20.103715      NaN  -10.0    11 c    0   1.72 210.90449 54.3204  3657.80  8801.84 2.61 2.58  47.7 -0.392    19.59 21.52 02a59731o0191c -1.000000        0
59731.414645 20.103715      NaN    1.0    11 c    0   1.56 210.90449 54.3204  3675.32  8681.10 2.70 2.54  25.2 -0.395    19.57 21.46 02a59731o0219c  0.000000        0
59751.314809 20.321591      NaN  -18.0     9 c    0   1.66 210.90449 54.3204  4529.61  1095.53 2.41 2.29  78.5 -0.428    19.65 21.48 02a59751o0156c -2.111111        0
59751.318028 20.594452      NaN  -13.0     7 c    0   1.92 210.90449 54.3204  4509.39  1059.12 2.38 2.26  74.0 -0.429    19.63 21.48 02a59751o0163c -2.000000        0
59751.323522 20.321591      NaN  -10.0     9 c    0   1.23 210.90449 54.3204  4570.66  1134.32 2.32 2.24  79.7 -0.430    19.66 21.47 02a59751o0175c -1.222222        0
59751.334507 20.207197      NaN   -7.0    10 c    0   1.09 210.90449 54.3204  4591.97  1022.10 2.51 2.36  84.1 -0.424    19.64 21.45 02a59751o0199c -0.800000        0
59783.267980 20.321591      NaN  -17.0     9 c    0   1.88 210.90449 54.3204  1478.21  6797.62 2.40 2.26 -40.1 -0.429    19.57 21.12 02a59783o0058c -2.000000        0
59783.271622 20.009244      NaN  -16.0    12 c    0   1.12 210.90449 54.3204  1459.01  6758.55 2.58 2.37 -48.9 -0.423    19.53 21.16 02a59783o0066c -1.416667        0
59783.278464 19.719755      NaN   15.0    11 c    0   1.11 210.90449 54.3204  1515.29  6834.25 2.47 2.26 -47.2 -0.430    19.60 21.20 02a59783o0081c  1.272727        0
59783.292955 20.103715      NaN   -9.0    11 c    0   1.34 210.90449 54.3204  1534.28  6713.94 2.37 2.17 -49.1 -0.441    19.57 21.12 02a59783o0113c -0.909091        0
59787.293213 19.979496      NaN    2.0    12 c    0   1.57 210.90449 54.3204  6746.09  3142.41 2.82 2.75  54.5 -0.404    19.41 21.28 02a59787o0117c  0.083333        0
59787.297291 19.922338      NaN   -7.0    13 c    0   1.18 210.90449 54.3204  6725.86  3099.84 2.90 2.84  54.9 -0.387    19.39 21.27 02a59787o0126c -0.615385   524288
59787.303716 19.816329      NaN    5.0    13 c    0   1.01 210.90449 54.3204  6783.50  3175.26 2.86 2.76  41.3 -0.390    19.42 21.26 02a59787o0140c  0.307692        0
59787.318300 19.922338      NaN  -38.0    13 c    0   1.17 210.90449 54.3204  6804.75  3057.05 2.85 2.72  38.2 -0.390    19.44 21.27 02a59787o0172c -3.000000   524288
59811.240646 18.910912      NaN  -26.0    33 c    0   1.07 210.90449 54.3204  9046.68  6896.34 2.67 2.42  28.6 -0.410    18.72 19.75 02a59811o0025c -0.818182        0
59811.243827 19.454622      NaN   -7.0    20 c    0   1.08 210.90449 54.3204  9026.13  6854.47 2.59 2.44  26.7 -0.415    19.14 20.36 02a59811o0032c -0.400000        0
59811.251095 19.766969      NaN  -22.0    15 c    0   1.10 210.90449 54.3204  9084.83  6932.55 2.65 2.50  24.9 -0.411    19.43 21.04 02a59811o0048c -1.533333        0
59811.262036 19.841877      NaN  -20.0    14 c    0   0.99 210.90449 54.3204  9103.11  6814.35 2.61 2.49  24.0 -0.419    19.49 21.14 02a59811o0072c -1.500000        0
59819.241262 19.766969      NaN   -3.0    15 c    0   0.75 210.90449 54.3204  6586.49   994.68 2.36 2.22  58.5 -0.407    19.14 20.53 02a59819o0037c -0.266667        0
59819.246702 19.696897      NaN   13.0    12 c    0   1.61 210.90449 54.3204  6565.22   954.84 2.35 2.24  85.3 -0.415    19.34 20.93 02a59819o0049c  1.000000        0
59819.249867 19.696897      NaN    0.0    16 c    0   0.79 210.90449 54.3204  6626.13  1034.98 2.52 2.40  83.7 -0.398    19.35 21.00 02a59819o0056c -0.062500        0
59819.259883 19.841877      NaN  -14.0    14 c    0   0.93 210.90449 54.3204  6648.90   917.59 2.40 2.23 -75.0 -0.426    19.37 21.05 02a59819o0078c -1.071429        0
59841.218401 18.566153      NaN    2.0    45 c    0   1.29 210.90449 54.3204  6967.34  9554.64 3.07 2.87  65.7 -0.352    17.82 19.42 01a59841o0022c  0.022222        0
59841.222104 19.089302      NaN  -31.0    28 c    0   1.00 210.90449 54.3204  6988.13  9595.40 3.06 2.87  69.5 -0.351    18.50 20.18 01a59841o0030c -1.142857        0
59841.232292 19.026525      NaN   33.0    19 c    0   0.97 210.90449 54.3204  6926.12  9523.67 3.10 2.92  72.9 -0.347    18.98 20.90 01a59841o0052c  1.684211        0
59841.238300 19.510313      NaN    0.0    19 c    0   0.92 210.90449 54.3204  6905.97  9640.52 3.11 2.95  71.8 -0.345    19.00 20.95 01a59841o0065c -0.052632        0
59999.634833 18.921935      NaN   12.0    29 c    0   1.05 210.90449 54.3204  9230.31  9035.98 2.78 2.66  59.6 -0.390    18.65 20.44 02a59999o0111c  0.379310   524288
59999.637641 19.256669      NaN  -18.0    24 c    0   0.96 210.90449 54.3204  9211.05  8993.75 2.79 2.68  52.1 -0.385    18.85 20.68 02a59999o0117c -0.791667   524288
59999.650179 19.089302      NaN  -28.0    28 c    0   0.88 210.90449 54.3204  9265.21  9074.21 2.79 2.58  41.9 -0.388    18.66 20.40 02a59999o0142c -1.035714   524288
59999.656837 19.454622      NaN  -18.0    20 c    0   1.02 210.90449 54.3204  9282.35  8955.43 2.74 2.67  55.8 -0.387    18.85 20.61 02a59999o0155c -0.950000  4194560
60048.393577 19.950541      NaN    3.0    12 c    0   1.23 210.90449 54.3204  5665.78  7348.83 2.59 2.31  44.1 -0.410    19.52 21.42 02a60048o0341c  0.166667        0
60048.395386 20.171596      NaN    2.0    10 c    0   1.57 210.90449 54.3204  5685.81  7387.52 2.59 2.33  43.3 -0.410    19.55 21.42 02a60048o0345c  0.100000        0
60048.401280 19.766969      NaN   10.0    12 c    0   1.16 210.90449 54.3204  5627.10  7311.08 2.64 2.34  41.5 -0.408    19.55 21.43 02a60048o0357c  0.750000        0
60048.436787 19.922338      NaN    1.0    13 c    0   1.03 210.90449 54.3204  5608.79  7430.45 2.60 2.30  36.8 -0.410    19.59 21.48 02a60048o0428c  0.000000        0
60050.476350 19.894850      NaN    2.0    13 c    0   1.51 210.90449 54.3204  7509.78  9067.75 2.56 2.41  41.2 -0.420    19.44 21.13 02a60050o0512c  0.076923        0
60050.479980 19.183773      NaN   27.0    17 c    0   1.08 210.90449 54.3204  7490.24  9026.35 2.54 2.42  44.4 -0.415    19.18 20.81 02a60050o0520c  1.529412   524288
60050.515339 19.841877      NaN   -2.0    14 c    0   0.93 210.90449 54.3204  7544.96  9101.09 2.58 2.38  37.8 -0.409    19.51 21.22 02a60050o0595c -0.214286        0
60050.521155 19.922338      NaN   -2.0    13 c    0   1.17 210.90449 54.3204  7563.03  8981.12 2.62 2.41  36.5 -0.410    19.50 21.21 02a60050o0607c -0.230769   524288
60052.473293 19.472870      NaN   15.0    15 c    0   0.91 210.90449 54.3204  5223.45  4866.88 2.42 2.19  34.8 -0.405    19.31 20.97 02a60052o0517c  0.933333   524288
60052.476484 19.226921      NaN   27.0    16 c    0   1.46 210.90449 54.3204  5203.83  4827.30 2.52 2.21  29.4 -0.396    19.08 20.78 02a60052o0524c  1.625000        0
60052.509238 20.009244      NaN  -15.0    12 c    0   1.23 210.90449 54.3204  5263.94  4896.64 2.54 2.21  32.3 -0.401    19.45 21.04 02a60052o0592c -1.333333        0
60052.515613 19.791368      NaN    3.0    14 c    0   0.89 210.90449 54.3204  5284.96  4778.30 2.56 2.21  33.7 -0.395    19.42 20.99 02a60052o0605c  0.142857        0
60056.426687 19.922338 0.334073   40.0    12 c    0   1.82 210.90449 54.3204  1334.82  5161.94 2.48 2.28  20.3 -0.422    19.44 21.06 02a60056o0426c  3.250000        0
60056.430308 19.841877      NaN   -3.0    14 c    0   0.96 210.90449 54.3204  1316.47  5121.60 2.60 2.46  12.0 -0.417    19.37 21.05 02a60056o0434c -0.285714        0
60056.465450 19.367717      NaN   24.0    14 c    0   1.07 210.90449 54.3204  1368.75  5189.34 2.42 2.22  20.1 -0.426    19.49 21.06 02a60056o0509c  1.642857        0
60056.470537 19.674510      NaN    8.0    14 c    0   1.13 210.90449 54.3204  1390.65  5070.64 2.42 2.23  16.9 -0.423    19.47 21.04 02a60056o0520c  0.500000        0
60058.400358 20.009244      NaN   -7.0    12 c    0   1.68 210.90449 54.3204  5906.17  9487.52 2.76 2.42  41.3 -0.397    19.41 21.02 02a60058o0368c -0.666667        0
60058.403081 19.791368      NaN   12.0    11 c    0   1.36 210.90449 54.3204  5927.31  9524.55 2.74 2.41  37.3 -0.401    19.44 21.03 02a60058o0374c  1.000000   524288
60058.406260 19.841877      NaN   -2.0    14 c    0   1.42 210.90449 54.3204  5865.27  9449.13 2.79 2.42  42.0 -0.393    19.44 21.03 02a60058o0381c -0.214286        0
60058.412604 19.128787      NaN   37.0    15 c    0   1.24 210.90449 54.3204  5844.48  9568.67 2.73 2.40  39.1 -0.397    19.44 21.03 02a60058o0395c  2.400000  4194560
60076.451715 20.103715      NaN  -10.0    11 c    0   0.99 210.90449 54.3204  6754.24   981.12 2.33 2.17 -71.7 -0.422    19.51 21.04 02a60076o0241c -1.000000        0
60076.455118 20.009244      NaN   -9.0    12 c    0   0.84 210.90449 54.3204  6735.09   943.28 2.31 2.11 -75.3 -0.429    19.50 21.03 02a60076o0248c -0.833333        0
60076.458122 20.103715      NaN   -6.0    11 c    0   1.48 210.90449 54.3204  6796.63  1022.95 2.32 2.11 -72.6 -0.428    19.54 21.05 02a60076o0254c -0.636364        0
60076.463264 20.009244      NaN  -19.0    12 c    0   1.13 210.90449 54.3204  6816.26   901.03 2.30 2.12 -80.3 -0.428    19.48 21.02 02a60076o0264c -1.666667        0
60078.380061 20.207197      NaN  -10.0    10 c    0   1.48 210.90449 54.3204  3263.83  4981.61 2.32 2.16  25.3 -0.414    19.63 21.30 02a60078o0314c -1.100000        0
60078.383226 19.696897      NaN   22.0     9 c    0   1.50 210.90449 54.3204  3244.54  4946.21 2.29 2.16  18.9 -0.423    19.62 21.30 02a60078o0321c  2.333333        0
60078.390093 19.743105      NaN   11.0    12 c    0   0.87 210.90449 54.3204  3303.27  5021.51 2.29 2.15  24.6 -0.417    19.59 21.30 02a60078o0336c  0.833333        0
60078.401655 20.103715      NaN    4.0    10 c    0   1.27 210.90449 54.3204  3323.73  4903.12 2.34 2.16  23.5 -0.418    19.61 21.34 02a60078o0361c  0.300000        0