         MJD         m       dm  uJy  duJy F  err  chi/N        RA      Dec        x        y  maj  min   phi  apfit  mag5sig   Sky            Obs  __tmp_SN     Mask
57396.587948 19.569016      NaN   -6    18 c    0   1.09 210.92687 54.31167  7768.70  2256.06 3.99 3.60   8.0 -0.427    19.59 21.57 02a57396o0607c -0.277778   524288
57396.598947 19.115465      NaN   24    19 c    0   1.16 210.92687 54.31167  7482.35  1683.15 4.10 3.60   5.2 -0.444    19.60 21.58 02a57396o0625c  1.315789   524288
57396.614233 18.286218      NaN   61    38 c    0   1.08 210.92687 54.31167  8295.96  2826.97 3.80 3.60  20.5 -0.418    19.60 21.56 02a57396o0650c  1.631579   524288
57396.627717 18.675237      NaN  -33    41 c    0   1.37 210.92687 54.31167  8558.47  1065.53 4.33 3.66  11.2 -0.431    19.59 21.57 02a57396o0672c -0.780488   524288
57424.598946 19.454622      NaN  -21    20 c    0   0.87 210.92687 54.31167  8267.29  1581.80 4.32 3.76  10.4 -0.440    19.70 21.79 02a57424o0633c -1.000000        0
57424.604067 19.569016      NaN  -12    18 c    0   0.98 210.92687 54.31167  8531.25  2151.82 4.25 3.83  15.3 -0.423    19.68 21.79 02a57424o0641c -0.611111        0
57424.621336 19.609992      NaN    0    17 c    0   1.35 210.92687 54.31167  7375.88  2769.71 4.01 3.71  10.0 -0.415    19.70 21.79 02a57424o0667c  0.058824   524288
57424.633626 19.696897      NaN  -15    16 c    0   1.21 210.92687 54.31167  7298.82  2863.58 3.96 3.67  11.6 -0.418    19.70 21.79 02a57424o0685c -0.875000        0
57448.521048 19.038793      NaN   15    24 c    0   0.90 210.92687 54.31167  7933.89  1772.79 4.00 3.65  15.2 -0.450    19.26 20.81 02a57448o0458c  0.666667        0
57448.543577 19.302877      NaN   -8    23 c    0   0.78 210.92687 54.31167  8225.85  2353.03 3.94 3.73  23.4 -0.440    19.21 20.77 02a57448o0497c -0.304348   524288
57448.565924 19.351140      NaN   -5    22 c    0   1.26 210.92687 54.31167  7085.03  2975.51 4.38 3.91  -1.1 -0.389    19.09 20.75 02a57448o0536c -0.181818        0
57448.596475 19.142275      NaN   16    21 c    0   1.25 210.92687 54.31167  3343.11  7822.65 3.87 3.61 -70.2 -0.422    19.20 20.80 02a57448o0592c  0.809524        0
57449.515332 18.978793      NaN   29    21 c    0   1.18 210.92687 54.31167  8170.64  1723.36 4.04 3.63  15.6 -0.462    19.45 21.19 02a57449o0610c  1.428571        0
57449.538360 18.796518      NaN   46    21 c    0   0.89 210.92687 54.31167  8469.00  2301.14 3.82 3.59  30.8 -0.457    19.42 21.11 02a57449o0650c  2.238095        0
57449.558557 19.454622      NaN  -42    20 c    0   1.00 210.92687 54.31167  7328.44  2929.03 3.78 3.62  15.3 -0.427    19.39 21.07 02a57449o0688c -2.050000        0
57449.570520 19.351140      NaN  -16    22 c    0   0.84 210.92687 54.31167  7310.31  2868.38 3.75 3.57  18.5 -0.439    19.39 21.06 02a57449o0709c -0.681818        0
57458.509881 19.419021      NaN    4    19 c    0   0.96 210.92687 54.31167  8253.17  1575.87 4.32 3.77  15.5 -0.446    19.65 21.70 02a57458o0606c  0.263158   524288
57458.513259 19.569016      NaN   -7    18 c    0   1.05 210.92687 54.31167  8539.01  2144.56 4.21 3.91  24.0 -0.426    19.61 21.68 02a57458o0613c -0.333333        0
57458.536888 19.631075      NaN  -37    17 c    0   0.92 210.92687 54.31167  7411.94  2770.46 4.12 3.83   2.2 -0.403    19.60 21.68 02a57458o0653c -2.117647  4195328
57458.567769 19.696897      NaN  -12    16 c    0   1.46 210.92687 54.31167  3339.41  7820.55 3.85 3.61 -72.8 -0.421    19.64 21.68 02a57458o0708c -0.687500   524288
57488.426551 19.419021      NaN    1    20 c    0   1.02 210.92687 54.31167  8385.52  1648.14 4.32 3.81  20.3 -0.478    19.60 21.59 02a57488o0373c  0.100000   524288
57488.444090 19.569016      NaN   -9    18 c    0   1.20 210.92687 54.31167  8672.89  2204.51 4.18 3.80  29.8 -0.461    19.60 21.61 02a57488o0405c -0.444444        0
57488.465855 19.510313      NaN  -43    19 c    0   1.05 210.92687 54.31167  7550.87  2851.71 4.05 3.72  15.9 -0.447    19.57 21.56 02a57488o0444c -2.210526   524288
57488.475297 19.631075      NaN   -6    17 c    0   1.24 210.92687 54.31167  3325.45  7812.22 3.99 3.61 -64.9 -0.438    19.55 21.54 02a57488o0460c -0.294118        0
57512.362600 18.933071      NaN   33    21 c    0   0.97 210.92687 54.31167  9573.22  2714.61 4.67 4.15  38.5 -0.436    19.51 21.58 02a57512o0305c  1.619048        0
57512.371077 19.155932      NaN   15    21 c    0   1.06 210.92687 54.31167  9596.12  2750.90 4.57 4.08  39.9 -0.441    19.53 21.60 02a57512o0322c  0.761905   524288
57512.373986 19.401649      NaN  -30    21 c    0   0.89 210.92687 54.31167   388.54  2640.39 5.06 3.82 -34.1 -0.413    19.58 21.60 02a57512o0328c -1.380952   524288
57512.383392 19.302877      NaN    8    20 c    0   1.20 210.92687 54.31167   408.38  2677.55 5.10 3.92 -33.9 -0.414    19.54 21.60 02a57512o0347c  0.450000        0
57512.386899 19.631075      NaN  -31    17 c    0   1.42 210.92687 54.31167   967.43  7893.83 4.46 3.82 -58.3 -0.428    19.55 21.63 02a57512o0354c -1.764706   524288
57512.388945 18.990530      NaN   34    19 c    0   1.19 210.92687 54.31167   342.53  2601.11 5.15 3.88 -31.4 -0.404    19.57 21.61 02a57512o0358c  1.842105   524288
57512.397027 19.696897      NaN  -50    16 c    0   1.98 210.92687 54.31167   997.92  7774.58 4.39 3.76 -57.8 -0.428    19.55 21.60 02a57512o0374c -3.062500   528384
57512.407432 19.454622      NaN  -19    20 c    0   0.88 210.92687 54.31167 10189.54  7838.05 4.60 3.71  81.1 -0.426    19.54 21.62 02a57512o0395c -0.900000        0
57512.416849 19.454622      NaN   -1    20 c    0   1.14 210.92687 54.31167  3599.69  8646.77 4.15 3.80 -61.8 -0.410    19.52 21.58 02a57512o0414c  0.000000        0
57515.371866 19.351140      NaN  -16    22 c    0   1.07 210.92687 54.31167  1941.70   499.25 5.36 3.74 -16.2 -0.483    19.58 21.68 02a57515o0321c -0.681818        0
57515.372987 19.051202      NaN   11    25 c    0   1.27 210.92687 54.31167  7402.93   267.90 5.29 3.91  10.4 -0.491    19.61 21.70 02a57515o0323c  0.480000   524288
57515.374441 19.212347      NaN   17    19 c    0   1.09 210.92687 54.31167  8573.22 10101.14 4.30 3.86  75.4 -0.415    19.60 21.66 02a57515o0326c  0.947368   524288
57515.383262 19.318728      NaN   10    19 c    0   0.98 210.92687 54.31167  3088.00 10259.92 4.24 3.95 -48.4 -0.400    19.61 21.73 02a57515o0344c  0.578947        0
57515.385734 19.367717      NaN    1    21 c    0   0.73 210.92687 54.31167  8501.63 10021.62 4.17 3.76  74.5 -0.422    19.61 21.65 02a57515o0348c  0.095238        0
57515.386824 19.401649      NaN   -5    21 c    0   1.22 210.92687 54.31167  3140.08 10344.38 4.28 3.97 -54.2 -0.401    19.61 21.70 02a57515o0350c -0.190476        0
57515.400161 19.351140      NaN  -31    22 c    0   0.73 210.92687 54.31167  3174.58 10224.15 4.17 3.91 -48.4 -0.390    19.61 21.69 02a57515o0376c -1.363636   524288
57515.402098 19.401649      NaN   -5    21 c    0   1.04 210.92687 54.31167  2023.41   425.01 5.17 3.65 -16.1 -0.484    19.58 21.64 02a57515o0380c -0.190476   524288
57515.409082 19.183773      NaN   10    22 c    0   1.00 210.92687 54.31167  1974.67   487.68 5.25 3.65 -15.1 -0.478    19.58 21.61 02a57515o0393c  0.500000        0
57515.410533 19.351140      NaN    8    19 c    0   0.86 210.92687 54.31167  3133.64 10287.84 4.12 3.91 -42.6 -0.392    19.61 21.65 02a57515o0396c  0.473684        0
57545.329395 19.569016      NaN  -15    18 c    0   1.09 210.92687 54.31167  1102.49  8152.31 4.40 3.94 -56.1 -0.415    19.59 21.73 02a57545o0190c -0.777778        0
57545.338129 19.454622      NaN   -3    20 c    0   1.05 210.92687 54.31167  1089.60  8114.98 4.40 3.93 -61.1 -0.432    19.58 21.75 02a57545o0208c -0.100000   524288
57545.345896 19.287255      NaN   12    19 c    0   1.06 210.92687 54.31167 10301.90  8231.99 4.55 3.63  80.3 -0.431    19.64 21.77 02a57545o0224c  0.684211        0
57545.355107 19.696897      NaN  -15    16 c    0   1.55 210.92687 54.31167  1148.05  8190.76 4.16 3.77 -57.0 -0.430    19.62 21.73 02a57545o0243c -0.875000  4194560
57545.356559 19.454622      NaN  -45    20 c    0   0.95 210.92687 54.31167 10290.02  8194.32 4.65 3.62  82.6 -0.426    19.64 21.79 02a57545o0246c -2.200000        0
57545.358980 19.401649      NaN    5    19 c    0   1.03 210.92687 54.31167 10347.06  8276.32 4.63 3.65  81.3 -0.434    19.64 21.79 02a57545o0251c  0.315789   524288
57545.361400 19.510313      NaN  -19    19 c    0   1.26 210.92687 54.31167  1160.97  8073.47 4.40 3.92 -58.1 -0.425    19.56 21.74 02a57545o0256c -0.947368        0
57545.371093 19.142275      NaN   16    21 c    0   1.08 210.92687 54.31167  1128.32  8134.15 4.36 3.89 -56.8 -0.427    19.46 21.59 02a57545o0276c  0.809524   524288
57545.380784 19.454622      NaN  -17    20 c    0   1.39 210.92687 54.31167 10359.73  8163.65 4.68 3.68  80.3 -0.421    19.41 21.51 02a57545o0296c -0.800000        0
57545.390661 19.454622      NaN   -5    20 c    0   1.02 210.92687 54.31167 10322.18  8223.49 4.89 3.82  79.3 -0.420    19.52 21.66 02a57545o0315c -0.200000        0
57549.332077 19.510313      NaN  -29    19 c    0   1.19 210.92687 54.31167  2390.63  9677.39 4.08 3.84 -55.1 -0.424    19.44 21.31 02a57549o0078c -1.473684        0
57549.342782 19.510313      NaN  -15    19 c    0   1.60 210.92687 54.31167  2380.47  9637.60 4.17 3.87 -53.7 -0.416    19.44 21.33 02a57549o0100c -0.736842        0
57549.359807 19.454622      NaN  -13    20 c    0   1.17 210.92687 54.31167  2436.82  9712.99 4.12 3.83 -48.4 -0.420    19.46 21.36 02a57549o0135c -0.600000   524288
57549.367069 18.068904      NaN   52    54 c    0   0.32 210.92687 54.31167  2449.48  9596.18 4.12 3.84 -53.6 -0.424    19.47 21.39 02a57549o0150c  0.981481  4194560
57549.375839 19.401649      NaN  -25    21 c    0   1.07 210.92687 54.31167  2418.02  9659.91 4.25 3.90 -49.2 -0.416    19.49 21.47 02a57549o0168c -1.142857        0
57581.293250 18.786693      NaN   29    27 c    0   0.95 210.92687 54.31167  3721.07  6913.94 4.17 3.83 -76.8 -0.443    19.01 20.64 02a57581o0088c  1.111111   524288
57581.304631 19.212347      NaN  -15    25 c    0   1.19 210.92687 54.31167  3708.48  6872.58 4.12 3.85 -61.9 -0.443    19.01 20.65 02a57581o0111c -0.560000        0
57581.321240 19.169763      NaN  -12    26 c    0   1.10 210.92687 54.31167  3763.90  6947.06 3.97 3.69 -62.6 -0.451    19.00 20.58 02a57581o0145c -0.423077        0
57581.328019 19.256669      NaN  -41    24 c    0   1.12 210.92687 54.31167  3776.27  6829.67 3.92 3.63 -71.9 -0.454    19.00 20.57 02a57581o0159c -1.666667        0
57581.338880 19.089302      NaN  -10    28 c    0   0.99 210.92687 54.31167  3743.52  6888.66 3.99 3.68 -65.7 -0.453    18.93 20.48 02a57581o0181c -0.321429        0
57605.257770 18.702047      NaN  -25    40 c    0   0.76 210.92687 54.31167  3984.41  6988.60 4.26 3.91  41.5 -0.371    18.85 21.71 02a57605o0052c -0.600000  4194560
57605.266058 18.298627      NaN   56    39 c    0   0.95 210.92687 54.31167  3961.48  6948.04 4.44 4.23  41.9 -0.398    18.84 21.70 02a57605o0066c  1.461538   532480
57605.277177 18.598565      NaN   17    38 c    0   1.12 210.92687 54.31167  4017.69  7021.49 5.25 5.14  64.9 -0.323    18.70 21.72 02a57605o0085c  0.473684  4194560
57605.290850 18.967180      NaN   27    22 c    0   1.31 210.92687 54.31167  4041.36  6905.40 4.92 4.71 -64.3 -0.356    19.19 21.41 02a57605o0109c  1.272727  4194560
57605.303123 19.419021      NaN    4    19 c    0   1.08 210.92687 54.31167  3996.05  6961.23 4.12 3.93 -59.8 -0.388    19.35 21.41 02a57605o0133c  0.263158   532480
57609.251150 18.757738      NaN   32    27 c    0   1.10 210.92687 54.31167  1278.37 10122.91 4.18 3.78 -54.8 -0.424    19.04 20.57 02a57609o0045c  1.222222        0
57609.257024 18.410251      NaN   33    41 c    0   1.19 210.92687 54.31167 10502.97 10243.24 4.93 3.91  81.8 -0.424    19.23 20.92 02a57609o0055c  0.829268  4196352
57609.260345 19.014394      NaN    5    28 c    0   0.89 210.92687 54.31167  1254.56 10081.39 4.25 3.89 -54.2 -0.429    19.15 20.84 02a57609o0061c  0.214286        0
57609.274446 19.014394      NaN   17    24 c    0   1.33 210.92687 54.31167  1309.71 10157.17 4.24 4.00 -55.3 -0.429    19.15 20.86 02a57609o0086c  0.750000        0
57609.275582 18.452558      NaN   48    34 c    0   1.57 210.92687 54.31167 10488.88 10200.69 5.07 4.03  81.4 -0.386    19.23 20.97 02a57609o0088c  1.441176  4194560
57609.283416 19.014394      NaN   -7    30 c    0   0.83 210.92687 54.31167  1321.62 10034.29 4.35 3.86 -54.9 -0.413    19.11 20.83 02a57609o0102c -0.200000        0
57609.293767 19.169763      NaN  -28    26 c    0   0.95 210.92687 54.31167  1285.37 10098.57 4.49 3.94 -54.1 -0.404    19.06 20.79 02a57609o0120c -1.038462        0
57746.613969 19.510313      NaN  -13    19 c    0   0.89 210.92687 54.31167  9634.17  2377.53 4.06 3.82  81.8 -0.423    19.61 21.65 02a57746o0819c -0.631579        0
57746.625461 19.569016      NaN   -5    18 c    0   0.96 210.92687 54.31167  9644.55  2417.16 4.08 3.83  80.8 -0.421    19.61 21.63 02a57746o0841c -0.222222        0
57746.627011 18.944322      NaN   38    19 c    0   0.98 210.92687 54.31167   437.02  2310.52 4.23 4.16 -88.2 -0.369    19.54 21.57 02a57746o0844c  2.052632   524288
57746.636855 19.287255      NaN   12    19 c    0   0.99 210.92687 54.31167  9589.01  2344.28 4.24 4.02  81.0 -0.404    19.60 21.66 02a57746o0863c  0.684211   524288
57746.638445 19.401649      NaN    8    18 c    0   1.04 210.92687 54.31167   449.63  2350.71 4.28 4.20  86.3 -0.365    19.56 21.60 02a57746o0866c  0.500000   524288
57746.648259 18.990530      NaN   37    18 c    0   1.16 210.92687 54.31167  9575.00  2462.45 4.17 3.92  78.8 -0.408    19.60 21.66 02a57746o0885c  2.111111   524288
57746.650355 19.454622      NaN    2    19 c    0   0.86 210.92687 54.31167   390.88  2268.36 4.15 4.02  86.0 -0.381    19.60 21.59 02a57746o0889c  0.157895   524288
57746.659628 19.401649      NaN  -13    21 c    0   0.85 210.92687 54.31167  9611.15  2404.18 4.06 3.80  79.6 -0.417    19.52 21.38 02a57746o0907c -0.571429        0
57746.661195 18.944322      NaN   41    18 c    0   1.36 210.92687 54.31167   379.87  2404.88 4.09 3.96  84.4 -0.381    19.40 21.16 02a57746o0910c  2.333333   524288
57746.669931 18.702047      NaN  -11    40 c    0   1.12 210.92687 54.31167   413.17  2329.28 4.32 4.15  80.2 -0.359    18.45 19.40 02a57746o0927c -0.250000        0
57778.570698 19.454622      NaN  -12    20 c    0   0.91 210.92687 54.31167  9125.22 10202.00 4.12 3.71 -88.2 -0.431    19.77 21.82 02a57778o0568c -0.550000   524288
57778.576629 19.401649      NaN   -4    21 c    0   0.89 210.92687 54.31167  7900.36   400.88 4.00 3.79  15.5 -0.454    19.75 21.80 02a57778o0578c -0.142857   524288
57778.584061 19.367717      NaN    7    19 c    0   1.10 210.92687 54.31167  9138.58 10243.47 4.09 3.68 -88.1 -0.432    19.77 21.81 02a57778o0592c  0.421053        0
57778.589437 19.454622      NaN  -16    20 c    0   0.83 210.92687 54.31167  7912.63   441.78 3.94 3.77  18.5 -0.451    19.77 21.82 02a57778o0602c -0.750000   524288
57778.596885 19.454622      NaN  -11    20 c    0   0.82 210.92687 54.31167  9081.21 10169.45 4.09 3.73  89.5 -0.433    19.78 21.83 02a57778o0616c -0.500000        0
57778.602290 19.454622      NaN  -42    20 c    0   0.97 210.92687 54.31167  7870.11   366.44 3.95 3.73  15.4 -0.452    19.79 21.85 02a57778o0626c -2.050000   524288
57778.609876 19.454622      NaN   -9    20 c    0   0.98 210.92687 54.31167  9059.09 10290.64 4.05 3.68 -88.5 -0.431    19.80 21.86 02a57778o0640c -0.400000   524288
57778.615190 19.510313      NaN   -2    19 c    0   0.86 210.92687 54.31167  7849.52   490.12 3.84 3.67  18.1 -0.453    19.81 21.88 02a57778o0650c -0.052632        0
57778.622705 19.510313      NaN    2    18 c    0   0.99 210.92687 54.31167  9104.58 10231.12 3.99 3.63 -89.0 -0.435    19.82 21.89 02a57778o0664c  0.166667        0
57778.628048 19.115465      NaN   18    21 c    0   0.78 210.92687 54.31167  7883.64   431.03 3.99 3.81  15.6 -0.446    19.77 21.86 02a57778o0674c  0.904762   524288
57782.565439 19.696897      NaN   -3    16 c    0   1.20 210.92687 54.31167  8336.24  1400.63 3.86 3.75  84.1 -0.416    19.82 21.96 02a57782o0717c -0.125000        0
57782.579866 19.696897      NaN   -7    16 c    0   1.03 210.92687 54.31167  8358.18  1440.54 3.89 3.75 -88.6 -0.409    19.84 21.99 02a57782o0743c -0.375000        0
57782.593858 19.631075      NaN   -6    17 c    0   1.06 210.92687 54.31167  8301.87  1367.51 3.81 3.67  86.6 -0.414    19.88 22.03 02a57782o0769c -0.294118        0
57782.607900 19.334813      NaN    9    19 c    0   0.81 210.92687 54.31167  8278.90  1491.11 3.93 3.77  83.5 -0.405    19.81 21.96 02a57782o0795c  0.526316  4194560
57782.621826 19.155932      NaN   27    17 c    0   1.08 210.92687 54.31167  8327.43  1432.98 3.86 3.71  85.6 -0.415    19.84 21.99 02a57782o0821c  1.647059        0
57786.563706 19.454622      NaN   -9    20 c    0   0.77 210.92687 54.31167  9352.39  9921.62 3.91 3.51 -86.1 -0.426    19.80 21.89 02a57786o0507c -0.400000   524288
57786.566299 19.454622      NaN  -12    20 c    0   0.85 210.92687 54.31167  8109.29   121.76 3.89 3.68  13.0 -0.447    19.82 21.92 02a57786o0512c -0.550000        0
57786.576403 18.967180      NaN   39    18 c    0   1.06 210.92687 54.31167  9363.56  9961.91 3.98 3.59 -88.6 -0.417    19.82 21.94 02a57786o0531c  2.222222   524288
57786.579012 19.089302      NaN   14    23 c    0   0.90 210.92687 54.31167  8121.56   162.31 3.88 3.68  17.5 -0.448    19.85 21.96 02a57786o0536c  0.652174        0
57786.589214 19.302877      NaN   20    16 c    0   1.22 210.92687 54.31167  9305.38  9886.48 3.94 3.57 -90.0 -0.428    19.83 21.94 02a57786o0555c  1.312500   524288
57786.591848 19.472870      NaN    1    19 c    0   1.15 210.92687 54.31167  8065.84    86.63 3.90 3.71  15.7 -0.449    19.68 21.79 02a57786o0560c  0.105263   524288
57786.602149 19.155932      NaN    6    24 c    0   1.11 210.92687 54.31167  9282.64 10008.20 3.98 3.64  85.5 -0.433    19.48 21.55 02a57786o0579c  0.291667        0
57786.604786 19.256669      NaN  -18    24 c    0   1.04 210.92687 54.31167  8054.49   207.80 3.88 3.76  19.2 -0.441    19.84 21.98 02a57786o0584c -0.708333   524288
57786.615038 19.212347      NaN   20    18 c    0   1.16 210.92687 54.31167  9327.61  9949.47 3.95 3.59  86.2 -0.425    19.78 21.88 02a57786o0603c  1.166667   524288
57786.617646 18.978793      NaN   29    21 c    0   1.04 210.92687 54.31167  8088.88   151.22 3.90 3.74  25.0 -0.449    19.84 21.99 02a57786o0608c  1.428571        0
57806.543426 19.241693      NaN   18    18 c    0   1.03 210.92687 54.31167  9212.03  1303.83 3.85 3.71  60.2 -0.446    19.76 21.82 02a57806o0606c  1.055556        0
57806.546470 19.384550      NaN    6    19 c    0   1.04 210.92687 54.31167  9238.30  1340.98 3.98 3.84  55.5 -0.429    19.74 21.83 02a57806o0612c  0.368421   524288
57806.563479 19.256669      NaN   17    18 c    0   0.96 210.92687 54.31167  9180.84  1268.27 4.05 3.88  52.5 -0.427    19.76 21.89 02a57806o0643c  1.000000        0
57806.577726 19.271854      NaN   13    19 c    0   0.84 210.92687 54.31167  9160.45  1387.44 3.91 3.72  65.2 -0.441    19.76 21.84 02a57806o0669c  0.736842   524288
57806.591596 19.367717      NaN   10    18 c    0   1.05 210.92687 54.31167  9210.54  1326.72 3.91 3.71  60.9 -0.439    19.72 21.75 02a57806o0695c  0.611111        0
57834.492888 19.256669      NaN   11    20 c    0   0.78 210.92687 54.31167  8112.42  3372.50 3.99 3.71  87.7 -0.381    19.07 21.15 02a57834o0443c  0.600000        0
57834.503330 19.401649      NaN  -13    21 c    0   0.96 210.92687 54.31167  2370.11  7038.79 3.82 3.69  44.7 -0.427    19.11 21.19 02a57834o0463c -0.571429        0
57834.527024 18.826541      NaN   34    24 c    0   0.89 210.92687 54.31167  2417.44  7114.77 3.82 3.67  46.2 -0.424    19.04 21.02 02a57834o0506c  1.458333   524288
57834.542612 19.351140      NaN  -43    22 c    0   1.19 210.92687 54.31167  2436.64  6999.62 4.01 3.88  51.7 -0.408    18.92 20.83 02a57834o0535c -1.909091        0
57834.554663 19.063754      NaN   13    24 c    0   1.15 210.92687 54.31167  2391.54  7061.02 4.05 3.88  49.5 -0.393    18.86 20.73 02a57834o0557c  0.583333        0
57838.492206 18.836735      NaN   33    24 c    0   0.88 210.92687 54.31167   110.23   589.06 4.44 4.39 -73.6 -0.377    19.01 21.19 02a57838o0454c  1.416667   524288
57838.492735 19.401649      NaN  -21    21 c    0   1.18 210.92687 54.31167  1472.73 10397.99 4.33 4.18  26.1 -0.384    19.04 21.20 02a57838o0455c -0.952381   524288
57838.494486 19.212347      NaN  -29    25 c    0   0.67 210.92687 54.31167  9038.44    90.85 4.02 3.88  39.7 -0.447    19.06 21.21 02a57838o0458c -1.120000   524288
57838.495005 19.351140      NaN  -29    22 c    0   1.25 210.92687 54.31167 10402.80  9903.13 4.46 4.09  80.9 -0.414    19.01 21.18 02a57838o0459c -1.272727  4194560
57838.505700 19.051202      NaN   14    24 c    0   1.05 210.92687 54.31167 10331.31  9827.96 4.42 4.10  82.0 -0.403    19.02 21.17 02a57838o0479c  0.625000   524288
57838.524714 19.351140      NaN    5    20 c    0   1.11 210.92687 54.31167   168.80   505.84 4.25 4.18 -14.6 -0.373    19.03 21.14 02a57838o0515c  0.300000   524288
57838.528687 19.256669      NaN  -38    24 c    0   0.85 210.92687 54.31167  1521.68 10312.97 4.13 3.95  18.6 -0.402    19.04 21.15 02a57838o0522c -1.541667  4194560
57838.541835 19.454622      NaN  -27    20 c    0   1.33 210.92687 54.31167  1493.87 10375.50 4.23 3.75   9.2 -0.385    19.03 21.12 02a57838o0547c -1.300000   524288
57838.542881 19.401649      NaN   -3    21 c    0   1.07 210.92687 54.31167   135.35   561.40 4.10 3.99 -88.0 -0.398    19.06 21.09 02a57838o0549c -0.095238        0
57842.515338 19.256669      NaN  -12    24 c    0   0.94 210.92687 54.31167  3817.38  6725.61 4.04 3.91  55.1 -0.397    18.98 21.04 02a57842o0427c -0.458333   524288
57842.526432 18.910912      NaN   29    23 c    0   1.17 210.92687 54.31167  3860.55  6801.27 4.26 4.09  67.0 -0.387    18.93 21.04 02a57842o0448c  1.304348        0
57842.544005 19.302877      NaN   -1    23 c    0   0.85 210.92687 54.31167  3881.63  6681.03 4.12 3.96  75.5 -0.378    18.94 20.97 02a57842o0481c  0.000000        0
57862.478560 19.089302      NaN   26    19 c    0   1.20 210.92687 54.31167  3509.68  6957.44 3.82 3.70  86.0 -0.396    18.84 20.47 02a57862o0525c  1.421053        0
57862.500554 19.318728      NaN    1    22 c    0   1.03 210.92687 54.31167  3486.78  6917.48 3.78 3.66  86.6 -0.402    18.76 20.25 02a57862o0570c  0.090909        0
57862.510937 19.142275      NaN   10    23 c    0   0.85 210.92687 54.31167  3543.64  6993.16 3.72 3.61  84.8 -0.412    18.74 20.17 02a57862o0591c  0.478261   524288
57862.522570 19.302877      NaN  -21    23 c    0   1.10 210.92687 54.31167  3567.61  6874.70 3.74 3.65  71.9 -0.401    18.68 20.07 02a57862o0615c -0.869565        0
57862.530436 18.767304      NaN   34    26 c    0   0.79 210.92687 54.31167  3534.51  6933.62 3.69 3.59  76.1 -0.414    18.67 20.02 02a57862o0631c  1.346154   524288
57870.492158 19.841877      NaN    8    11 c    0   1.29 210.92687 54.31167  1881.74  8601.80 2.43 2.27   7.4 -0.466    19.53 20.68 02a57870o0440c  0.818182        0
57870.509600 20.009244      NaN   -7    12 c    0   1.05 210.92687 54.31167  1858.56  8563.86 2.44 2.28   5.5 -0.462    19.48 20.63 02a57870o0473c -0.500000        0
57870.517991 19.841877      NaN   -2    14 c    0   0.81 210.92687 54.31167  1913.83  8635.83 2.46 2.31   6.9 -0.469    19.46 20.60 02a57870o0489c -0.071429        0
57870.530201 20.009244      NaN   -5    12 c    0   0.88 210.92687 54.31167  1939.52  8518.31 2.48 2.35   1.1 -0.461    19.42 20.58 02a57870o0512c -0.333333        0
57870.541671 19.894850      NaN    3    12 c    0   1.21 210.92687 54.31167  1906.75  8576.00 2.47 2.35   0.4 -0.467    19.42 20.55 02a57870o0534c  0.333333        0
57894.386745 19.868040      NaN    1    13 c    0   0.96 210.92687 54.31167  1304.63  9776.48 2.54 2.33 -11.7 -0.463    19.65 21.54 02a57894o0292c  0.153846        0
57894.416893 20.207197      NaN   -4    10 c    0   1.24 210.92687 54.31167  1281.56  9735.73 2.59 2.36 -14.1 -0.468    19.81 21.74 02a57894o0349c -0.300000   524288
57894.419529 19.894850      NaN    9    10 c    0   1.55 210.92687 54.31167  1339.02  9807.99 2.58 2.37  -6.5 -0.466    19.78 21.70 02a57894o0354c  1.000000        0
57894.441778 19.922338      NaN  -11    13 c    0   0.95 210.92687 54.31167  1353.52  9688.12 2.54 2.29  -7.7 -0.473    19.68 21.53 02a57894o0396c -0.769231  4194560
57894.453543 19.696897      NaN    5    14 c    0   1.19 210.92687 54.31167  1318.44  9747.28 2.53 2.30  -4.4 -0.474    19.49 21.27 02a57894o0418c  0.428571   524288
57898.389114 20.171596      NaN    3     9 c    0   1.68 210.92687 54.31167  1839.90  8726.63 2.66 2.37  -5.4 -0.481    19.73 21.69 02a57898o0138c  0.444444        0
57898.398663 20.009244      NaN  -10    12 c    0   0.95 210.92687 54.31167  1816.26  8686.64 2.48 2.29  -1.1 -0.503    19.78 21.72 02a57898o0156c -0.750000        0
57898.417223 19.979496      NaN    0    12 c    0   0.85 210.92687 54.31167  1871.77  8760.46 2.59 2.34 -12.1 -0.486    19.75 21.68 02a57898o0191c  0.083333        0
57898.437402 19.719755      NaN    7    13 c    0   0.78 210.92687 54.31167  1897.70  8639.72 2.46 2.25   1.9 -0.503    19.75 21.62 02a57898o0229c  0.615385        0
57898.446924 19.868040      NaN    7    11 c    0   1.42 210.92687 54.31167  1863.68  8697.20 2.67 2.48   1.4 -0.486    19.69 21.60 02a57898o0247c  0.727273        0
57902.386132 19.922338      NaN    2    12 c    0   0.59 210.92687 54.31167  4363.44  7536.56 2.52 2.42  -3.6 -0.452    19.81 21.63 02a57902o0297c  0.250000        0
57902.397408 20.039830      NaN    1    11 c    0   0.87 210.92687 54.31167  4352.92  7496.66 2.57 2.47  -9.1 -0.461    19.77 21.60 02a57902o0319c  0.181818        0
57902.399963 20.009244      NaN    2    11 c    0   0.89 210.92687 54.31167  4399.82  7574.62 2.59 2.45  -2.6 -0.450    19.78 21.58 02a57902o0324c  0.272727   524288
57902.422768 20.039830      NaN    1    11 c    0   0.81 210.92687 54.31167  4424.09  7455.55 2.56 2.44  -0.1 -0.464    19.79 21.63 02a57902o0368c  0.181818        0
57902.433611 19.922338      NaN  -17    13 c    0   0.83 210.92687 54.31167  4388.95  7512.35 2.61 2.52  -1.8 -0.455    19.67 21.49 02a57902o0389c -1.230769   524288
58020.235926 19.569016      NaN  -10    18 c    0   0.71 210.92687 54.31167  3529.00  3773.46 2.41 2.31 -78.5 -0.409    19.28 20.64 02a58020o0006c -0.500000 12583168
58194.569176 19.868040      NaN    4    12 c    0   1.01 210.92687 54.31167  2249.33  8890.52 2.55 2.35  22.3 -0.453    19.73 21.58 02a58194o0731c  0.416667        0
58194.580281 20.103715      NaN  -12    11 c    0   0.78 210.92687 54.31167  2225.09  8852.17 2.56 2.31  25.0 -0.453    19.75 21.58 02a58194o0749c -1.000000        0
58194.590959 20.009244      NaN    2    11 c    0   1.10 210.92687 54.31167  2274.95  8924.36 2.63 2.46  14.7 -0.444    19.72 21.58 02a58194o0768c  0.272727        0
58194.602403 19.791368      NaN   10    11 c    0   1.20 210.92687 54.31167  2284.80  8805.40 2.42 2.21  17.3 -0.466    19.75 21.57 02a58194o0786c  1.000000        0
58196.529228 18.504094      NaN  -10    48 c    0   1.07 210.92687 54.31167  4945.76  3706.69 2.58 2.44  19.5 -0.397    17.79 19.73 02a58196o0652c -0.187500   524288
58196.535461 20.009244      NaN  -19    12 c    0   0.88 210.92687 54.31167  4914.43  3670.70 2.45 2.31  46.0 -0.411    19.80 21.89 02a58196o0663c -1.500000        0
58196.543979 17.558604      NaN    1   114 c    0   0.71 210.92687 54.31167  4970.33  3745.90 2.44 2.34  37.7 -0.438    16.95 18.82 02a58196o0680c  0.017544        0
58251.578978 20.009244      NaN  -11    12 c    0   1.10 210.92687 54.31167  4114.12  3785.43 2.73 2.54 -52.9 -0.387    19.50 21.34 02a58251o0733c -0.833333        0
58251.587115 19.922338      NaN   -2    13 c    0   1.14 210.92687 54.31167  4113.39  3789.42 2.83 2.62 -51.3 -0.378    19.45 21.26 02a58251o0749c -0.076923   524288
58251.594640 19.816329      NaN    6    12 c    0   0.93 210.92687 54.31167  4101.84  3793.01 2.68 2.55 -50.4 -0.388    19.43 21.20 02a58251o0764c  0.583333   524288
58251.602316 19.271854      NaN   19    17 c    0   0.75 210.92687 54.31167  4111.84  3795.75 3.00 2.79 -53.4 -0.380    19.28 21.09 02a58251o0779c  1.176471   524288
58252.572007 19.841877      NaN   -9    14 c    0   1.01 210.92687 54.31167  4113.59  3781.54 2.58 2.45 -49.9 -0.394    19.44 21.13 02a58252o0684c -0.571429        0
58252.582264 19.922338      NaN   -4    13 c    0   0.93 210.92687 54.31167  4112.61  3786.79 2.51 2.40 -48.6 -0.402    19.46 21.08 02a58252o0703c -0.230769   524288
58252.589663 19.674510      NaN    9    13 c    0   1.03 210.92687 54.31167  4100.86  3790.09 2.54 2.45 -46.8 -0.398    19.40 21.05 02a58252o0718c  0.769231        0
58252.598499 19.841877      NaN  -11    14 c    0   1.10 210.92687 54.31167  4111.99  3793.14 2.49 2.40 -53.1 -0.398    19.37 20.99 02a58252o0735c -0.714286        0
58256.417856 16.817132      NaN   62   206 c    0   0.09 210.92687 54.31167  3183.27  5378.86 2.37 2.34 -14.9 -0.425    19.82 21.77 02a58256o0256c  0.305825        2
58256.432475 20.103715      NaN   -6    11 c    0   0.96 210.92687 54.31167  3161.26  5338.40 2.41 2.41  20.3 -0.425    19.76 21.79 02a58256o0287c -0.454545  4194560
58256.449876 20.103715      NaN   -6    11 c    0   1.00 210.92687 54.31167  3217.34  5414.49 2.34 2.31  11.2 -0.431    19.80 21.75 02a58256o0324c -0.454545     8192
58256.458792 20.171596 0.315214   30     9 c    0   1.42 210.92687 54.31167  3241.25  5295.35 2.38 2.29  39.5 -0.425    19.79 21.74 02a58256o0343c  3.444444   532480
58280.393689 20.009244      NaN   -2    12 c    0   0.78 210.92687 54.31167  5347.22  4898.80 2.45 2.41 -68.8 -0.419    19.75 21.71 02a58280o0323c -0.083333        0
58280.407270 20.009244      NaN   -1    12 c    0   0.93 210.92687 54.31167  5336.92  4862.69 2.52 2.51  53.7 -0.412    19.67 21.62 02a58280o0352c  0.000000        0
58280.414598 19.589310      NaN   10    14 c    0   1.22 210.92687 54.31167  5392.27  4936.47 2.44 2.41  53.7 -0.422    19.45 21.31 02a58280o0368c  0.785714        0
58280.424534 20.009244      NaN   -2    12 c    0   0.81 210.92687 54.31167  5403.42  4824.13 2.42 2.38  53.3 -0.418    19.72 21.59 02a58280o0389c -0.083333        0
58284.387122 20.103715      NaN  -12    11 c    0   1.17 210.92687 54.31167  2820.32  5650.25 2.36 2.29   0.7 -0.420    19.59 21.41 02a58284o0307c -1.000000        0
58284.391741 20.137125      NaN    1    10 c    0   1.02 210.92687 54.31167  2794.76  5611.71 2.35 2.28   4.0 -0.422    19.62 21.46 02a58284o0317c  0.200000        0
58284.403480 20.103715      NaN   -3    11 c    0   1.22 210.92687 54.31167  2853.28  5689.21 2.40 2.34  20.5 -0.428    19.67 21.53 02a58284o0342c -0.181818        0
58284.411716 19.841877      NaN   11    10 c    0   1.40 210.92687 54.31167  2874.61  5568.61 2.44 2.38  21.7 -0.430    19.70 21.54 02a58284o0360c  1.200000        0
58308.365311 19.569016      NaN   23    10 c    0   0.90 210.92687 54.31167  5558.89  3918.95 2.75 2.47 -51.1 -0.410    19.67 21.59 02a58308o0015c  2.400000  4194560
58308.374538 19.271854      NaN   31    13 c    0   0.59 210.92687 54.31167  5580.32  3800.45 2.67 2.48 -52.0 -0.409    19.64 21.54 02a58308o0035c  2.461538     8192
58312.333401 20.171596      NaN    0    10 c    0   1.11 210.92687 54.31167  5109.83  3957.84 2.52 2.35 -53.7 -0.416    19.75 21.63 02a58312o0193c  0.100000        0
58312.339561 19.631075      NaN   14    12 c    0   0.87 210.92687 54.31167  5084.63  3917.50 2.69 2.42 -54.7 -0.407    19.71 21.63 02a58312o0206c  1.250000        0
58312.349040 20.009244      NaN   -9    12 c    0   1.04 210.92687 54.31167  5142.00  3994.15 2.58 2.48 -50.7 -0.410    19.67 21.61 02a58312o0226c -0.666667        0
58312.361108 20.103715      NaN   -4    11 c    0   1.23 210.92687 54.31167  5164.22  3876.72 2.53 2.47 -49.9 -0.408    19.68 21.58 02a58312o0252c -0.272727        0
58316.328042 19.791368      NaN    1    14 c    0   0.89 210.92687 54.31167  3248.99  3438.44 3.09 2.96 -61.9 -0.381    19.36 21.19 02a58316o0183c  0.142857   524288
58316.337992 19.841877      NaN   -6    14 c    0   0.91 210.92687 54.31167  3237.98  3397.39 3.04 3.00  68.3 -0.366    19.34 21.27 02a58316o0204c -0.357143   524288
58316.346903 19.922338      NaN   -7    13 c    0   0.77 210.92687 54.31167  3293.55  3472.80 2.82 2.80  34.9 -0.379    19.44 21.34 02a58316o0223c -0.461538        0
58316.359453 20.009244      NaN  -18    12 c    0   1.34 210.92687 54.31167  3315.58  3355.38 3.39 3.33 -52.6 -0.358    19.31 21.41 02a58316o0250c -1.416667   524288
58344.281357 19.674510      NaN    9    13 c    0   0.90 210.92687 54.31167  3968.50  2682.64 2.61 2.40 -55.1 -0.387    19.46 21.13 02a58344o0108c  0.769231        0
58344.290487 19.302877      NaN   20    16 c    0   0.79 210.92687 54.31167  3957.38  2643.37 2.74 2.55 -63.1 -0.394    19.41 21.10 02a58344o0127c  1.312500   524288
58344.299671 19.076453      NaN   24    20 c    0   0.53 210.92687 54.31167  4013.72  2719.30 2.67 2.48 -55.6 -0.384    19.08 20.79 02a58344o0146c  1.250000        0
58344.308612 19.436675      NaN   18    14 c    0   1.03 210.92687 54.31167  4035.39  2597.08 2.62 2.50 -52.0 -0.392    19.43 21.14 02a58344o0165c  1.357143        0
58376.224249 18.978793      NaN   29    21 c    0   1.94 210.92687 54.31167  5651.78  2171.65 2.62 2.39 -58.6 -0.397    18.75 19.69 02a58376o0028c  1.428571   524288
58376.230043 19.631075      NaN  -16    17 c    0   1.08 210.92687 54.31167  5640.11  2131.81 2.56 2.41 -64.0 -0.391    18.99 20.12 02a58376o0040c -0.882353        0
58376.238331 18.933071      NaN   39    19 c    0   1.09 210.92687 54.31167  5695.02  2234.20 2.68 2.50 -61.1 -0.388    19.11 20.35 02a58376o0057c  2.105263  4195840
58376.247461 19.226921      NaN   19    18 c    0   1.11 210.92687 54.31167  5718.35  2107.71 2.88 2.78 -67.8 -0.379    19.00 20.36 02a58376o0076c  1.111111        0
58520.663770 19.922338      NaN  -13    13 c    0   1.00 210.92687 54.31167  4385.72  7838.69 2.59 2.36  19.2 -0.464    19.68 21.60 02a58520o0274c -0.692308     8192
58520.673685 18.796518      NaN    1    35 c    0   1.28 210.92687 54.31167  4360.13  7798.88 2.64 2.45  19.7 -0.473    18.45 19.41 02a58520o0295c  0.142857     8192
58576.556729 19.631075      NaN   11    12 c    0   1.03 210.92687 54.31167  7691.98   101.98 2.48 2.09 -59.9 -0.405    19.78 21.80 02a58576o0718c  1.250000   524288
58576.558102 20.103715      NaN   -9    11 c    0   0.78 210.92687 54.31167  7958.86  9838.99 2.66 2.50 -64.6 -0.402    19.80 21.82 02a58576o0721c -0.454545        0
58576.570795 20.071303      NaN   -3    11 c    0   1.04 210.92687 54.31167  7934.49  9797.93 2.75 2.52 -54.4 -0.415    19.76 21.80 02a58576o0748c  0.090909        0
58576.571708 19.529530      NaN   10    14 c    0   1.27 210.92687 54.31167  7668.69    60.31 2.54 2.17 -54.5 -0.395    19.74 21.77 02a58576o0750c  1.000000        0
58576.577207 19.743105      NaN    3    13 c    0   0.96 210.92687 54.31167  7734.20   140.12 2.57 2.18 -55.4 -0.421    19.76 21.75 02a58576o0762c  0.538462        0
58576.578589 20.207197      NaN   -4    10 c    0   1.30 210.92687 54.31167  7989.60  9878.65 2.83 2.48 -54.2 -0.409    19.73 21.78 02a58576o0765c  0.000000        0
58576.591620 20.009244      NaN   -9    12 c    0   1.28 210.92687 54.31167  8010.18  9761.44 2.90 2.51 -53.5 -0.401    19.67 21.74 02a58576o0792c -0.416667        0
58580.533459 20.207197      NaN  -37    10 c    0   1.10 210.92687 54.31167  7571.01  7875.98 2.64 2.49  44.9 -0.407    19.60 21.43 02a58580o0667c -3.300000  8912896
58580.553444 19.816329      NaN    9    10 c    0   1.40 210.92687 54.31167  7603.95  7914.17 2.56 2.54  80.6 -0.405    19.66 21.40 02a58580o0709c  1.300000  8388608
58580.565220 19.922338      NaN   -8    13 c    0   1.05 210.92687 54.31167  7625.06  7796.38 2.60 2.52  67.3 -0.409    19.59 21.37 02a58580o0734c -0.307692  8388608
58604.470220 20.207197      NaN  -12    10 c    0   1.17 210.92687 54.31167  7297.26  3995.71 2.37 2.30  44.5 -0.399    19.60 21.61 02a58604o0438c -0.800000        0
58604.485174 19.922338      NaN    8     9 c    0   1.50 210.92687 54.31167  7274.15  3956.44 2.37 2.30 -64.7 -0.409    19.59 21.62 02a58604o0470c  1.333333        0
58604.494705 20.009244      NaN   -8    12 c    0   0.80 210.92687 54.31167  7327.86  4031.44 2.41 2.37  48.8 -0.404    19.60 21.58 02a58604o0490c -0.333333        0
58604.501777 19.766969      NaN    2    13 c    0   0.88 210.92687 54.31167  7350.34  3917.82 2.48 2.38 -61.5 -0.399    19.53 21.55 02a58604o0505c  0.461538        0
58612.399959 19.841877      NaN    8    10 c    0   1.07 210.92687 54.31167  9066.73  6891.12 2.56 2.46  58.2 -0.420    19.76 21.60 02a58612o0365c  1.200000        0
58612.401822 20.207197      NaN   -5    10 c    0   1.49 210.92687 54.31167  9047.04  6851.40 2.56 2.45  57.2 -0.404    19.79 21.60 02a58612o0369c -0.100000        0
58612.407474 19.922338      NaN  -19    13 c    0   0.74 210.92687 54.31167  9103.22  6931.10 2.57 2.48  78.9 -0.418    19.76 21.61 02a58612o0381c -1.153846        0
58612.432540 19.631075      NaN    8    13 c    0   1.02 210.92687 54.31167  9112.85  6813.59 2.59 2.47  47.7 -0.460    19.78 21.63 02a58612o0433c  0.923077        0
58636.335628 20.009244      NaN  -15    12 c    0   0.94 210.92687 54.31167  1842.53  7481.36 2.48 2.37 -15.5 -0.428    19.71 21.76 02a58636o0227c -0.916667        0
58636.341238 20.009244      NaN  -14    12 c    0   0.85 210.92687 54.31167  8736.74  3050.60 2.37 2.27 -64.0 -0.421    19.80 21.76 02a58636o0239c -0.833333        0
58636.347261 20.009244      NaN  -19    12 c    0   0.77 210.92687 54.31167  8800.87  3140.02 2.44 2.24 -62.3 -0.410    19.80 21.77 02a58636o0252c -1.250000        0
58636.365477 19.743105      NaN   12    10 c    0   1.02 210.92687 54.31167  8815.28  3020.50 2.46 2.25 -63.6 -0.413    19.75 21.70 02a58636o0291c  1.600000        0
58664.300439 19.816329      NaN    6    11 c    0   0.89 210.92687 54.31167  2477.61  1210.29 2.38 2.29 -65.3 -0.431    19.78 21.60 02a58664o0137c  0.909091   524288
58664.303183 19.922338      NaN   -1    12 c    0   0.57 210.92687 54.31167  2456.58  1171.39 2.42 2.27 -59.8 -0.419    19.81 21.61 02a58664o0143c  0.250000        0
58664.308728 20.282105      NaN    0     8 c    0   1.93 210.92687 54.31167  2514.26  1245.10 2.35 2.28 -77.7 -0.405    19.80 21.64 02a58664o0155c  0.500000        0
58664.318819 20.009244      NaN  -14    12 c    0   0.78 210.92687 54.31167  2534.83  1127.09 2.35 2.23 -75.0 -0.431    19.82 21.68 02a58664o0177c -0.833333        0
58668.360430 20.071303      NaN   -3    11 c    0   1.32 210.92687 54.31167  6956.13  4779.40 2.58 2.30  40.7 -0.393    19.70 21.53 02a58668o0259c  0.090909        0
58668.363476 19.367717      NaN   19    14 c    0   1.23 210.92687 54.31167  6936.52  4739.18 2.61 2.25  40.6 -0.575    19.74 21.50 02a58668o0265c  1.642857        0
58668.370013 19.816329      NaN    0    13 c    0   0.71 210.92687 54.31167  6991.91  4815.45 2.68 2.25  39.4 -0.390    19.70 21.46 02a58668o0279c  0.307692        0
58668.381748 19.922338      NaN   -5    13 c    0   0.86 210.92687 54.31167  7011.15  4697.23 2.56 2.27  38.1 -0.388    19.72 21.46 02a58668o0304c -0.076923        0
58692.299708 20.103715      NaN  -10    11 c    0   0.95 210.92687 54.31167  8861.63  5223.32 2.65 2.49  41.5 -0.392    19.68 21.66 02a58692o0140c -0.545455        0
58692.302589 20.103715      NaN   -6    11 c    0   1.12 210.92687 54.31167  8841.42  5183.26 2.64 2.45  38.1 -0.389    19.70 21.66 02a58692o0146c -0.181818        0
58692.308687 19.766969      NaN    5    12 c    0   0.90 210.92687 54.31167  8897.03  5262.79 2.53 2.46  53.2 -0.394    19.67 21.63 02a58692o0157c  0.750000        0
58692.318540 19.894850      NaN    0    12 c    0   0.79 210.92687 54.31167  8915.57  5146.36 2.56 2.44  41.4 -0.392    19.70 21.60 02a58692o0178c  0.333333        0
58696.259275 20.009244      NaN   -1    11 c    0   0.98 210.92687 54.31167  8868.07  5226.47 2.77 2.47 -64.4 -0.398    19.61 21.39 02a58696o0060c  0.272727        0
58696.263160 19.894850      NaN    0    12 c    0   0.86 210.92687 54.31167  8847.21  5186.06 2.88 2.48 -64.6 -0.397    19.64 21.51 02a58696o0068c  0.333333        0
58696.268990 19.841877      NaN    2    12 c    0   0.77 210.92687 54.31167  8904.04  5266.08 2.87 2.52 -64.1 -0.401    19.66 21.57 02a58696o0080c  0.500000        0
58696.279054 19.454622      NaN   11    15 c    0   0.59 210.92687 54.31167  8919.98  5156.45 2.99 2.55 -63.8 -0.397    19.61 21.57 02a58696o0101c  1.000000        0
58700.300639 19.367717      NaN   19    14 c    0   0.87 210.92687 54.31167  3325.50  7099.33 2.45 2.42   5.1 -0.386    19.55 21.20 02a58700o0151c  1.642857        0
58700.303953 19.922338      NaN   -6    13 c    0   0.89 210.92687 54.31167  3306.79  7059.31 2.38 2.34  -2.4 -0.391    19.59 21.19 02a58700o0158c -0.153846        0
58700.310446 19.384550      NaN   18    14 c    0   0.86 210.92687 54.31167  3362.85  7137.30 2.47 2.37  26.1 -0.380    19.54 21.19 02a58700o0172c  1.571429        0
58700.320640 19.609992      NaN    9    13 c    0   1.25 210.92687 54.31167  3382.57  7018.36 2.44 2.40  -1.5 -0.390    19.55 21.17 02a58700o0194c  1.000000        0
58708.299948 18.558199      NaN   31    34 c    0   1.09 210.92687 54.31167  4748.45  3208.89 2.87 2.31  41.6 -0.386    18.22 19.07 02a58708o0161c  1.029412   524288
58708.302750 18.550302      NaN -100    46 c    0   1.07 210.92687 54.31167  4727.40  3170.26 2.82 2.29  42.4 -0.399    18.06 18.90 02a58708o0167c -2.086957        0
58708.309789 18.191747      NaN   74    38 c    0   1.29 210.92687 54.31167  4787.27  3249.25 2.95 2.35  42.2 -0.375    17.75 18.71 02a58708o0182c  2.052632        0
58708.319771 18.816441      NaN  -58    36 c    0   1.35 210.92687 54.31167  4808.65  3130.68 2.71 2.33  39.5 -0.400    18.16 18.98 02a58708o0203c -1.500000        0
58724.254212 19.719755      NaN    7    12 c    0   1.17 210.92687 54.31167  5020.04  4851.42 2.75 2.32  34.2 -0.404    19.58 21.32 02a58724o0081c  0.916667        0
58724.257423 20.009244      NaN   -8    12 c    0   1.12 210.92687 54.31167  5001.55  4813.17 2.64 2.29  38.4 -0.401    19.54 21.31 02a58724o0088c -0.333333        0
58724.263511 19.766969      NaN  -19    15 c    0   0.62 210.92687 54.31167  5056.69  4889.01 2.76 2.32  36.7 -0.393    19.50 21.30 02a58724o0101c -1.000000        0
58724.275107 20.009244      NaN   -7    12 c    0   1.34 210.92687 54.31167  5077.51  4775.33 2.72 2.32  36.3 -0.394    19.49 21.25 02a58724o0126c -0.250000        0
58872.552407 19.791368      NaN    7    11 c    0   1.07 210.92687 54.31167  3613.30  5794.69 2.53 2.32  43.9 -0.392    19.85 22.00 02a58872o0760c  1.000000        0
58872.555279 19.766969      NaN    8    11 c    0   1.19 210.92687 54.31167  3635.37  5832.51 2.36 2.33 -56.4 -0.411    19.81 21.99 02a58872o0766c  1.090909        0
58872.561131 19.631075      NaN    8    13 c    0   0.64 210.92687 54.31167  3577.86  5753.35 2.35 2.31 -49.1 -0.410    19.84 21.99 02a58872o0778c  0.923077  4194560
58872.571799 19.922338      NaN    5    10 c    0   1.57 210.92687 54.31167  3547.29  5873.86 2.52 2.31  40.8 -0.393    19.84 22.02 02a58872o0799c  0.900000        0
58876.651589 19.719755      NaN   10    11 c    0   1.41 210.92687 54.31167  1974.02  9641.57 2.41 2.33 -37.9 -0.426    19.70 21.82 02a58876o0927c  1.272727   524288
58876.655266 19.212347      NaN   23    16 c    0   1.01 210.92687 54.31167  1993.19  9680.42 2.50 2.37 -43.2 -0.418    19.31 21.31 02a58876o0935c  1.687500        0
58876.662978 19.609992      NaN    0    16 c    0   1.03 210.92687 54.31167  1935.54  9601.40 2.45 2.31 -39.4 -0.420    19.30 21.14 02a58876o0951c  0.250000   524288
58876.669196 18.474346      NaN   42    34 c    0   0.94 210.92687 54.31167  1914.49  9717.89 2.46 2.31 -35.1 -0.427    18.50 19.82 02a58876o0963c  1.352941   524288
58884.593779 20.321591      NaN   -6     9 c    0   1.21 210.92687 54.31167  5101.81  1946.15 2.49 2.27  50.4 -0.395    19.82 21.99 02a58884o0827c -0.222222        0
58884.596741 19.894850      NaN    3    11 c    0   0.60 210.92687 54.31167  5126.55  1981.60 2.44 2.20 -61.5 -0.403    19.85 21.98 02a58884o0833c  0.636364   524288
58884.605408 20.009244      NaN   -1    11 c    0   0.87 210.92687 54.31167  5071.37  1905.23 2.47 2.26 -62.8 -0.402    19.81 21.98 02a58884o0851c  0.272727        0
58884.615927 19.549093      NaN   21    10 c    0   0.97 210.92687 54.31167  5049.75  2024.02 2.43 2.26  52.5 -0.400    19.81 21.99 02a58884o0873c  2.500000        0
58900.591861 19.549093      NaN   12    13 c    0   0.65 210.92687 54.31167  7263.28  3484.34 2.54 2.48  71.3 -0.387    19.55 21.59 02a58900o0772c  1.230769        0
58900.593725 19.696897      NaN   -8    16 c    0   0.71 210.92687 54.31167  7285.28  3516.13 2.57 2.43 -67.8 -0.391    19.32 21.32 02a58900o0776c -0.250000        0
58900.597390 19.569016      NaN  -27    18 c    0   0.60 210.92687 54.31167  7227.29  3444.54 2.87 2.78 -67.5 -0.394    19.29 21.41 02a58900o0783c -1.277778        0
58900.608099 19.816329      NaN    3    12 c    0   1.00 210.92687 54.31167  3377.51  7019.97 2.76 2.65 -56.3 -0.386    19.52 21.66 02a58900o0803c  0.583333        0
58932.513609 19.696897      NaN    8    12 c    0   1.00 210.92687 54.31167  3606.75  8754.15 2.67 2.33 -51.9 -0.412    19.73 21.71 02a58932o0633c  1.000000   524288
58932.516828 19.491430      NaN   15    13 c    0   0.82 210.92687 54.31167  3587.92  8714.76 2.70 2.37 -52.4 -0.412    19.70 21.70 02a58932o0640c  1.461538        0
58932.522331 19.384550      NaN   24    12 c    0   1.19 210.92687 54.31167  3642.70  8790.47 2.66 2.29 -51.7 -0.416    19.71 21.69 02a58932o0652c  2.333333        0
58932.532128 19.791368      NaN    7    11 c    0   1.08 210.92687 54.31167  3661.27  8673.27 2.64 2.33 -52.4 -0.413    19.72 21.67 02a58932o0673c  1.000000        0
58956.480280 20.071303      NaN    0    10 c    0   1.52 210.92687 54.31167   376.67  1406.29 2.72 2.33 -57.6 -0.410    19.70 21.69 02a58956o0530c  0.400000        0
58956.483493 19.922338      NaN    5    10 c    0   1.00 210.92687 54.31167   356.11  1367.43 2.74 2.36 -59.2 -0.412    19.68 21.70 02a58956o0537c  0.900000        0
58956.489223 20.009244      NaN   -4    12 c    0   1.06 210.92687 54.31167   415.93  1437.04 2.74 2.35 -57.8 -0.413    19.70 21.68 02a58956o0549c  0.000000        0
58956.499532 20.321591      NaN  -11     9 c    0   1.35 210.92687 54.31167   435.88  1315.81 2.77 2.39 -59.4 -0.415    19.66 21.63 02a58956o0570c -0.777778        0
58960.425104 20.009244      NaN  -24    12 c    0   1.09 210.92687 54.31167 10211.13  9171.25 2.96 2.81  45.4 -0.373    19.66 21.55 02a58960o0416c -1.666667        0
58960.428590 20.103715      NaN   -4    11 c    0   0.96 210.92687 54.31167   348.05  1371.12 2.56 2.33 -59.0 -0.412    19.70 21.56 02a58960o0423c  0.000000        0
58960.434799 20.009244      NaN   -5    12 c    0   0.70 210.92687 54.31167   408.72  1441.69 2.49 2.33 -57.5 -0.416    19.72 21.56 02a58960o0436c -0.083333        0
58960.471580 19.841877      NaN    8    10 c    0   0.97 210.92687 54.31167   434.21  1318.22 2.37 2.29  76.7 -0.421    19.72 21.63 02a58960o0459c  1.200000        0
58964.430982 19.063754      NaN    4    26 c    0   1.19 210.92687 54.31167  7111.88  6912.13 2.52 2.46 -82.1 -0.404    18.74 20.40 02a58964o0427c  0.307692        0
58964.434180 18.757738      NaN  -11    38 c    0   0.97 210.92687 54.31167  7093.19  6872.56 2.54 2.51  85.1 -0.397    18.18 19.79 02a58964o0434c -0.184211        0
58964.440185 19.491430      NaN    0    18 c    0   1.52 210.92687 54.31167  7149.39  6952.01 2.64 2.58 -70.2 -0.393    19.01 20.86 02a58964o0447c  0.222222   524288
58964.475522 19.766969      NaN    8    11 c    0   1.13 210.92687 54.31167  7165.04  6836.65 2.63 2.56  42.1 -0.395    19.59 21.44 02a58964o0523c  1.090909        0
58984.385056 20.207197      NaN  -20    10 c    0   1.21 210.92687 54.31167  1444.20  6790.12 2.37 2.24  10.7 -0.405    19.75 21.72 02a58984o0250c -1.600000        0
58984.388259 19.868040      NaN    1    12 c    0   0.79 210.92687 54.31167  1425.86  6749.38 2.38 2.20 -51.1 -0.415    19.79 21.70 02a58984o0257c  0.416667        0
58984.393747 20.207197      NaN   -4    10 c    0   1.19 210.92687 54.31167  1483.64  6826.20 2.38 2.20 -48.3 -0.421    19.78 21.71 02a58984o0269c  0.000000        0
58984.404468 20.103715      NaN   -5    11 c    0   0.92 210.92687 54.31167  1508.98  6708.52 2.37 2.20 -46.0 -0.417    19.79 21.73 02a58984o0290c -0.090909        0
58988.407142 19.549093      NaN   15    12 c    0   0.87 210.92687 54.31167  6710.91  3124.10 2.59 2.29  35.4 -0.390    19.71 21.63 02a58988o0375c  1.583333        0
58988.410344 20.009244      NaN    2    10 c    0   1.22 210.92687 54.31167  6693.64  3085.47 2.44 2.34  34.9 -0.395    19.73 21.61 02a58988o0382c  0.600000        0
58988.415874 20.103715      NaN   -4    11 c    0   0.77 210.92687 54.31167  6751.32  3162.08 2.44 2.31  38.4 -0.393    19.70 21.59 02a58988o0394c  0.000000        0
58988.427368 19.472870      NaN   16    13 c    0   0.66 210.92687 54.31167  6775.87  3049.10 2.36 2.34  79.6 -0.396    19.72 21.59 02a58988o0419c  1.538462        0
58992.358373 20.207197      NaN  -11    10 c    0   1.06 210.92687 54.31167  6717.29  3131.46 2.63 2.41  33.3 -0.389    19.73 21.75 02a58992o0269c -0.700000        0
58992.361575 19.950541      NaN   -2    12 c    0   0.81 210.92687 54.31167  6697.37  3091.60 2.55 2.36  32.6 -0.393    19.72 21.74 02a58992o0276c  0.166667        0
58992.367526 20.103715      NaN  -13    11 c    0   0.92 210.92687 54.31167  6755.82  3169.20 2.59 2.39  31.5 -0.387    19.74 21.75 02a58992o0289c -0.818182        0
58992.401785 19.922338      NaN  -15    13 c    0   0.74 210.92687 54.31167  6772.54  3050.12 2.64 2.38  29.0 -0.385    19.70 21.75 02a58992o0362c -0.846154        0
59011.354173 19.979496      NaN    0    11 c    0   1.11 210.92687 54.31167  9018.84  6886.48 3.00 2.95  56.5 -0.382    19.64 21.96 02a59011o0241c  0.363636        0
59011.357398 20.009244      NaN  -10    12 c    0   0.97 210.92687 54.31167  8997.33  6840.87 2.93 2.86  55.4 -0.383    19.67 21.95 02a59011o0248c -0.500000   524288
59011.363858 20.103715      NaN  -15    11 c    0   1.17 210.92687 54.31167  9053.96  6921.97 2.94 2.90  48.4 -0.384    19.68 21.95 02a59011o0262c -1.000000        0
59011.384568 19.766969      NaN   -5    15 c    0   0.94 210.92687 54.31167  9065.80  6803.37 3.90 3.56  31.2 -0.330    19.44 21.95 02a59011o0306c -0.066667   524288
59015.333919 20.009244      NaN  -15    12 c    0   0.87 210.92687 54.31167  9017.99  6881.00 2.65 2.57  57.6 -0.399    19.78 21.91 02a59015o0200c -0.916667        0
59015.337583 19.743105      NaN    3    13 c    0   0.63 210.92687 54.31167  8999.20  6840.12 2.63 2.55  63.5 -0.398    19.79 21.90 02a59015o0208c  0.538462        0
59015.343104 19.950541      NaN    1    11 c    0   0.88 210.92687 54.31167  9052.95  6921.00 2.76 2.45  36.0 -0.390    19.78 21.90 02a59015o0220c  0.454545        0
59015.354141 19.922338      NaN   -1    12 c    0   0.82 210.92687 54.31167  9072.04  6806.40 2.69 2.59  67.5 -0.396    19.76 21.87 02a59015o0244c  0.250000        0
59020.330908 19.922338      NaN   -7    13 c    0   0.81 210.92687 54.31167  6546.88   982.08 2.45 2.32 -69.5 -0.404    19.50 21.38 02a59020o0132c -0.230769        0
59020.334109 19.922338      NaN    5    10 c    0   0.92 210.92687 54.31167  6526.31   941.86 2.44 2.30 -64.1 -0.401    19.75 21.74 02a59020o0139c  0.900000        0
59020.341236 19.894850      NaN    0    12 c    0   0.89 210.92687 54.31167  6586.04  1022.72 2.54 2.42  87.4 -0.392    19.60 21.65 02a59020o0154c  0.333333        0
59020.352367 19.569016      NaN    5    15 c    0   1.09 210.92687 54.31167  6605.04   899.46 2.36 2.31 -84.5 -0.405    19.43 21.35 02a59020o0178c  0.600000        0
59040.285251 19.589310      NaN   10    13 c    0   1.18 210.92687 54.31167  8719.68  3094.77 2.87 2.73 -62.0 -0.377    19.58 21.62 02a59040o0091c  1.076923        0
59040.288469 19.791368      NaN    1    13 c    0   0.82 210.92687 54.31167  8699.95  3054.67 2.82 2.71 -57.8 -0.372    19.58 21.62 02a59040o0098c  0.384615        0
59040.295427 20.103715      NaN   -1    10 c    0   1.40 210.92687 54.31167  8759.38  3132.27 2.73 2.65 -60.0 -0.378    19.70 21.65 02a59040o0113c  0.300000        0
59040.306084 20.103715      NaN   -6    11 c    0   1.15 210.92687 54.31167  8780.74  3014.51 2.80 2.70  41.0 -0.380    19.65 21.66 02a59040o0136c -0.181818        0
59044.317072 20.071303      NaN    0    10 c    0   1.40 210.92687 54.31167   771.13  3027.53 2.48 2.27 -55.5 -0.399    19.71 21.76 02a59044o0158c  0.400000        0
59044.320832 20.321591      NaN   -7     9 c    0   1.03 210.92687 54.31167   749.46  2987.48 2.53 2.34 -61.2 -0.401    19.68 21.77 02a59044o0166c -0.333333  4194560
59044.327714 20.009244      NaN   -4    12 c    0   0.84 210.92687 54.31167   812.05  3065.60 2.61 2.46 -60.4 -0.404    19.62 21.76 02a59044o0181c  0.000000        0
59044.337475 19.631075      NaN   14    11 c    0   1.01 210.92687 54.31167   835.18  2945.20 2.75 2.44 -57.4 -0.396    19.60 21.71 02a59044o0202c  1.636364        0
59048.285981 19.436675      NaN   24    11 c    0   0.88 210.92687 54.31167   777.36  3031.90 2.55 2.35  33.7 -0.395    19.64 21.53 02a59048o0095c  2.545455        0
59048.290126 19.589310      NaN   13    12 c    0   1.26 210.92687 54.31167   756.58  2993.22 2.65 2.36  36.4 -0.388    19.44 21.30 02a59048o0104c  1.416667        0
59048.296595 19.529530      NaN   13    13 c    0   0.75 210.92687 54.31167   815.58  3066.63 2.56 2.32  35.5 -0.392    19.57 21.51 02a59048o0118c  1.307692        0
59048.308077 20.207197      NaN   -4    10 c    0   1.08 210.92687 54.31167   839.41  2947.08 2.36 2.33  13.9 -0.405    19.68 21.65 02a59048o0143c  0.000000        0
59108.240914 19.696897      NaN  -15    16 c    0   0.68 210.92687 54.31167  4737.39  3200.49 2.37 2.34  61.4 -0.401    19.32 20.86 02a59108o0046c -0.687500        0
59108.246004 19.169763      NaN   17    19 c    0   0.99 210.92687 54.31167  4717.09  3173.59 2.56 2.39  37.6 -0.392    19.27 20.84 02a59108o0057c  1.105263        0
59108.250126 19.766969      NaN  -17    15 c    0   0.81 210.92687 54.31167  4776.67  3244.84 2.42 2.39  51.9 -0.395    19.30 20.84 02a59108o0066c -0.866667        0
59108.260706 19.287255      NaN   12    18 c    0   0.83 210.92687 54.31167  4796.14  3134.72 2.62 2.44 -52.2 -0.395    19.22 20.80 02a59108o0089c  0.888889        0
59206.608827 19.696897      NaN    8    12 c    0   0.89 210.92687 54.31167  4748.73  3188.09 2.53 2.47 -30.6 -0.370    19.71 21.84 01a59206o0880c  1.000000        0
59206.612058 19.529530      NaN   16    12 c    0   0.66 210.92687 54.31167  4726.78  3153.21 2.57 2.51 -32.2 -0.368    19.69 21.85 01a59206o0887c  1.666667        0
59206.617585 19.436675      NaN   24    11 c    0   1.08 210.92687 54.31167  4787.94  3229.62 2.73 2.64  -7.8 -0.359    19.62 21.85 01a59206o0899c  2.545455        0
59206.631405 19.766969      NaN    2    13 c    0   0.59 210.92687 54.31167  4806.32  3117.78 2.76 2.58  21.5 -0.358    19.63 21.85 01a59206o0929c  0.461538        0
59208.639885 20.009244      NaN   -8    12 c    0   0.86 210.92687 54.31167  8816.25  1655.98 2.61 2.33 -54.2 -0.407    19.68 21.64 02a59208o0962c -0.333333        0
59208.650450 20.171596      NaN    0     9 c    0   1.75 210.92687 54.31167  8836.62  1694.95 2.62 2.33 -53.8 -0.404    19.70 21.65 02a59208o0985c  0.444444        0
59208.655955 19.472870      NaN   22    11 c    0   0.96 210.92687 54.31167  8782.05  1621.67 2.58 2.31 -55.2 -0.401    19.67 21.61 02a59208o0997c  2.363636        0
59208.664725 19.743105      NaN    3    13 c    0   1.25 210.92687 54.31167  8763.76  1742.39 2.57 2.34 -56.4 -0.404    19.41 20.84 02a59208o1016c  0.538462        0
59228.630646 19.791368      NaN    7    11 c    0   0.89 210.92687 54.31167  7514.31  5594.57 2.68 2.51  50.3 -0.390    19.74 21.88 02a59228o0867c  1.000000        0
59228.633851 19.979496      NaN   -3    12 c    0   0.78 210.92687 54.31167  7534.52  5632.88 2.71 2.51  48.7 -0.388    19.72 21.88 02a59228o0874c  0.083333        0
59228.650265 20.103715      NaN   -6    11 c    0   1.11 210.92687 54.31167  7482.39  5559.16 2.70 2.49  48.1 -0.390    19.76 21.90 02a59228o0909c -0.181818        0
59228.658974 19.950541      NaN   -2    12 c    0   0.63 210.92687 54.31167  7463.17  5676.35 2.69 2.45  45.8 -0.392    19.80 21.83 02a59228o0928c  0.166667        0
59230.596813 19.472870      NaN   25    10 c    0   1.15 210.92687 54.31167  3628.14  8726.21 2.94 2.61 -76.6 -0.397    19.72 22.31 01a59230o0856c  2.900000  4194560
59230.600047 20.321591      NaN  -16     9 c    0   1.79 210.92687 54.31167  3608.80  8688.58 2.90 2.59 -77.2 -0.395    19.77 22.33 01a59230o0863c -1.333333        0
59230.605590 19.791368      NaN    7    11 c    0   1.07 210.92687 54.31167  3667.05  8761.94 2.80 2.62 -83.5 -0.389    19.76 22.34 01a59230o0875c  1.000000        0
59230.615358 19.894850      NaN    3    11 c    0   0.85 210.92687 54.31167  3685.50  8646.12 2.75 2.58 -80.8 -0.393    19.78 22.39 01a59230o0896c  0.636364        0
59238.585766 19.922338      NaN    5    10 c    0   0.70 210.92687 54.31167  1115.97  5144.77 2.29 2.19 -63.9 -0.397    19.95 22.17 01a59238o0765c  0.900000   524288
59238.588065 20.103715      NaN  -10    11 c    0   0.57 210.92687 54.31167  1095.88  5107.63 2.37 2.29 -67.2 -0.388    19.94 22.16 01a59238o0770c -0.545455        0
59238.590826 20.321591      NaN   -4     9 c    0   0.95 210.92687 54.31167  1154.78  5184.62 2.39 2.33 -75.5 -0.385    19.95 22.18 01a59238o0776c  0.000000        0
59238.595897 19.419021      NaN   19    13 c    0   0.56 210.92687 54.31167  1173.83  5066.60 2.46 2.42 -79.0 -0.383    19.88 22.19 01a59238o0787c  1.769231        0
59254.582395 19.816329      NaN    3    12 c    0   1.15 210.92687 54.31167   360.52  1411.35 2.77 2.47  45.1 -0.394    19.64 22.07 01a59254o0809c  0.583333  4194560
59254.584237 19.841877      NaN   -7    14 c    0   0.90 210.92687 54.31167   332.65  1376.85 2.60 2.34  67.1 -0.430    19.62 22.01 01a59254o0813c -0.214286  4194560
59254.587068 18.900000      NaN   12    28 c    0   0.40 210.92687 54.31167   399.61  1449.43 2.53 2.31  65.9 -0.427    19.24 21.52 01a59254o0819c  0.571429     8192
59254.593104 20.207197      NaN  -23    10 c    0   0.83 210.92687 54.31167   416.78  1331.72 2.51 2.28  67.6 -0.426    19.76 22.16 01a59254o0832c -1.900000     8192
59256.529166 20.009244      NaN    8     8 c    0   1.21 210.92687 54.31167  5352.13  3589.23 2.50 2.34  47.3 -0.402    19.79 21.98 02a59256o0695c  1.500000        0
59256.532384 20.039830 0.279189   31     9 c    0   0.91 210.92687 54.31167  5371.42  3628.68 2.63 2.39  45.7 -0.397    19.76 21.98 02a59256o0702c  3.888889  4194560
59256.537897 20.103715      NaN   -4    11 c    0   0.79 210.92687 54.31167  5314.99  3551.70 2.56 2.33  43.1 -0.401    19.81 21.97 02a59256o0714c  0.000000        0
59256.543014 19.922338      NaN    8     9 c    0   1.35 210.92687 54.31167  5296.65  3667.31 2.62 2.40  46.2 -0.397    19.76 21.98 02a59256o0725c  1.333333        0
59258.571978 19.868040      NaN   10     9 c    0   1.12 210.92687 54.31167  7125.96  6881.61 2.54 2.52  66.8 -0.368    19.75 22.04 01a59258o0790c  1.555556        0
59258.573832 20.321591      NaN  -22     9 c    0   1.40 210.92687 54.31167  7110.61  6839.40 2.73 2.59  43.8 -0.356    19.73 22.03 01a59258o0794c -2.000000        0
59258.576596 20.103715      NaN   -7    11 c    0   0.83 210.92687 54.31167  7166.16  6919.35 2.69 2.64  62.9 -0.366    19.74 22.04 01a59258o0800c -0.272727        0
59258.582589 19.791368      NaN   10    10 c    0   1.13 210.92687 54.31167  7183.40  6804.87 2.52 2.48  79.4 -0.375    19.80 22.04 01a59258o0813c  1.400000        0
59262.501830 20.071303      NaN    6     8 c    0   1.40 210.92687 54.31167  7123.50  6881.83 2.40 2.25 -88.3 -0.394    19.77 21.77 01a59262o0623c  1.250000        0
59262.504607 19.816329      NaN   15     8 c    0   1.41 210.92687 54.31167  7104.74  6842.13 2.40 2.28 -87.4 -0.390    19.78 21.82 01a59262o0629c  2.375000        0
59262.508306 20.207197      NaN  -15    10 c    0   1.14 210.92687 54.31167  7163.11  6919.37 2.46 2.36  83.5 -0.379    19.75 21.86 01a59262o0637c -1.100000        0
59262.514297 20.103715      NaN   -4    11 c    0   1.17 210.92687 54.31167  7181.39  6803.25 2.49 2.41  86.1 -0.374    19.77 21.85 01a59262o0650c  0.000000        0
59288.544037 19.841877      NaN    2    12 c    0   1.02 210.92687 54.31167  5463.87  8629.90 2.42 2.34  52.5 -0.408    19.81 21.80 02a59288o0704c  0.500000        0
59288.579411 19.549093      NaN   12    13 c    0   0.61 210.92687 54.31167  5441.35  8589.26 2.56 2.31  34.1 -0.395    19.77 21.76 02a59288o0780c  1.230769        0
59288.607793 19.089302      NaN   11    23 c    0   0.93 210.92687 54.31167  5492.43  8663.05 2.61 2.36  33.3 -0.390    18.70 20.56 02a59288o0841c  0.652174   524288
59288.632589 19.816329      NaN    3    12 c    0   0.86 210.92687 54.31167  5507.39  8543.15 2.78 2.35  41.1 -0.386    19.67 21.69 02a59288o0894c  0.583333        0
59292.459472 20.103715      NaN   -8    11 c    0   0.66 210.92687 54.31167  1728.83  5349.19 2.49 2.30  55.8 -0.413    19.75 21.80 02a59292o0510c -0.363636        0
59292.462673 19.589310      NaN   16    11 c    0   0.79 210.92687 54.31167  1752.00  5388.81 2.46 2.31  60.5 -0.408    19.74 21.78 02a59292o0517c  1.818182        0
59292.466844 20.282105      NaN   -3     9 c    0   1.33 210.92687 54.31167  1691.41  5309.50 2.59 2.36  48.1 -0.401    19.72 21.79 02a59292o0526c  0.111111   524288
59292.473270 19.743105      NaN    9    11 c    0   1.12 210.92687 54.31167  1673.11  5424.73 2.52 2.31  48.3 -0.404    19.74 21.81 02a59292o0540c  1.181818        0
59292.649611 19.351140      NaN   14    16 c    0   1.11 210.92687 54.31167  8867.11  5195.73 2.51 2.32  36.6 -0.396    19.18 20.41 02a59292o0918c  1.125000        0
59310.449546 19.979496      NaN    6     9 c    0   0.95 210.92687 54.31167  9026.45  6851.11 2.61 2.41  87.6 -0.400    20.01 21.98 01a59310o0425c  1.111111        0
59310.451851 20.321591      NaN  -15     9 c    0   1.12 210.92687 54.31167  9007.01  6811.60 2.58 2.43 -84.9 -0.393    20.03 21.99 01a59310o0430c -1.222222        0
59310.455624 20.594452      NaN  -16     7 c    0   1.41 210.92687 54.31167  9068.95  6888.54 2.54 2.41  87.5 -0.394    20.01 21.99 01a59310o0438c -1.714286  4194560
59310.464868 20.321591      NaN   -7     9 c    0   0.86 210.92687 54.31167  9085.20  6772.66 2.61 2.55 -83.1 -0.385    19.96 22.08 01a59310o0457c -0.333333        0
59314.443833 20.137125      NaN    1     9 c    0   0.95 210.92687 54.31167  6519.25   967.25 2.46 2.29   5.9 -0.391    19.96 21.85 01a59314o0481c  0.555556        0
59314.445680 20.207197      NaN   -8    10 c    0   0.90 210.92687 54.31167  6500.02   928.05 2.67 2.39  -6.2 -0.369    19.94 21.88 01a59314o0485c -0.400000        0
59314.448467 19.719755      NaN    7    12 c    0   0.74 210.92687 54.31167  6561.73  1006.98 2.62 2.37  -2.3 -0.372    19.95 21.87 01a59314o0491c  0.916667        0
59314.453560 20.071303      NaN    3     9 c    0   1.04 210.92687 54.31167  6576.69   893.84 2.40 2.20 -18.7 -0.396    19.97 21.86 01a59314o0502c  0.777778        0
59318.482085 20.321591      NaN   -1     8 c    0   1.26 210.92687 54.31167  4060.29  9617.51 2.42 2.28 -41.1 -0.387    19.76 21.52 01a59318o0559c  0.375000        0
59318.517343 20.449472      NaN  -15     8 c    0   1.69 210.92687 54.31167  4087.47  9651.26 2.29 2.10 -51.4 -0.388    19.89 21.56 01a59318o0635c -1.375000        0
59318.520566 20.321591      NaN   -7     9 c    0   0.92 210.92687 54.31167  4027.97  9573.51 2.28 2.08 -45.0 -0.388    19.89 21.57 01a59318o0642c -0.333333        0
59318.543605 20.071303      NaN   -3    11 c    0   0.78 210.92687 54.31167  4013.81  9687.32 2.28 2.10 -53.4 -0.387    19.86 21.46 01a59318o0691c  0.090909   524288
59322.408613 20.594452      NaN   -6     7 c    0   1.12 210.92687 54.31167  3053.90  4983.56 2.30 2.21 -82.1 -0.395    19.96 21.79 01a59322o0383c -0.285714   524288
59322.410910 20.244005      NaN    1     8 c    0   1.05 210.92687 54.31167  3034.06  4945.32 2.29 2.17 -84.1 -0.398    19.97 21.80 01a59322o0388c  0.625000        0
59322.414135 20.071303      NaN    0    10 c    0   0.74 210.92687 54.31167  3091.69  5020.88 2.24 2.12 -74.8 -0.401    19.99 21.81 01a59322o0395c  0.400000        0
59322.419674 20.207197      NaN   -1     9 c    0   1.07 210.92687 54.31167  3110.13  4905.71 2.33 2.19 -67.2 -0.399    19.92 21.79 01a59322o0407c  0.333333        0
59344.419514 19.979496 0.293442   33    10 c    0   1.18 210.92687 54.31167  1104.97  5160.13 2.37 2.24 -41.3 -0.421    19.73 21.69 02a59344o0385c  3.700000   528384
59344.423635 20.321591      NaN   -4     9 c    0   1.35 210.92687 54.31167  1085.41  5121.42 2.39 2.26 -41.5 -0.418    19.71 21.70 02a59344o0394c  0.000000        0
59344.429702 20.071303      NaN    0    10 c    0   1.47 210.92687 54.31167  1145.89  5194.94 2.40 2.26 -46.5 -0.423    19.71 21.72 02a59344o0407c  0.400000        0
59344.462022 20.207197      NaN   -7    10 c    0   1.21 210.92687 54.31167  1164.06  5072.19 2.33 2.28 -19.3 -0.419    19.69 21.62 02a59344o0474c -0.300000        0
59370.364702 20.321591      NaN   -6     9 c    0   0.83 210.92687 54.31167  2006.58  9682.06 2.28 2.04 -62.9 -0.402    19.99 22.07 01a59370o0279c -0.222222        0
59370.367930 20.449472      NaN   -5     8 c    0   1.12 210.92687 54.31167  2028.00  9721.22 2.32 2.08 -64.5 -0.403    20.00 22.06 01a59370o0286c -0.125000        0
59370.374378 19.743105      NaN   18     8 c    0   1.26 210.92687 54.31167  1965.84  9641.14 2.25 1.99 -65.0 -0.405    20.01 22.04 01a59370o0300c  2.750000        0
59370.408119 20.362567      NaN   -2     8 c    0   1.23 210.92687 54.31167  1950.40  9754.53 2.37 2.12 -61.7 -0.407    19.96 22.00 01a59370o0367c  0.250000        0
59374.345057 19.719755      NaN   13    10 c    0   0.82 210.92687 54.31167  2007.81  9684.95 2.45 2.21 -61.3 -0.392    19.98 22.03 01a59374o0234c  1.700000        0
59374.348286 20.321591      NaN   -4     9 c    0   0.97 210.92687 54.31167  2029.17  9723.15 2.30 2.10 -65.2 -0.401    19.98 22.02 01a59374o0241c  0.000000        0
59374.353832 20.207197      NaN   -6    10 c    0   1.09 210.92687 54.31167  1970.65  9644.89 2.30 2.10 -53.8 -0.390    19.99 22.02 01a59374o0253c -0.200000        0
59374.364434 20.103715      NaN  -11    11 c    0   0.70 210.92687 54.31167  1950.18  9759.99 2.38 2.11 -62.1 -0.402    19.97 22.04 01a59374o0276c -0.636364        0
59378.326788 20.171596      NaN    0     9 c    0   1.18 210.92687 54.31167  5032.39  1947.64 2.15 2.08  53.5 -0.401    19.98 21.72 01a59378o0193c  0.444444        0
59378.330008 20.449472      NaN   -4     8 c    0   1.36 210.92687 54.31167  5053.28  1988.11 2.17 2.12  32.0 -0.400    19.93 21.73 01a59378o0200c  0.000000        0
59378.335546 19.979496      NaN    9     8 c    0   1.40 210.92687 54.31167  4997.30  1909.84 2.21 2.11  19.9 -0.398    19.97 21.75 01a59378o0212c  1.625000        0
59378.348438 20.321591      NaN   -7     9 c    0   0.68 210.92687 54.31167  4982.68  2025.06 2.24 2.16  11.1 -0.391    19.97 21.87 01a59378o0240c -0.333333        0
59404.284177 19.454622      NaN   20    12 c    0   0.76 210.92687 54.31167  1734.42  8908.45 2.63 1.98 -48.8 -0.449    19.74 21.54 02a59404o0088c  2.000000  4194560
59404.287411 20.321591      NaN   -1     8 c    0   2.01 210.92687 54.31167  1714.52  8869.65 2.67 2.01 -50.2 -0.440    19.73 21.54 02a59404o0095c  0.375000        0
59404.292910 19.549093      NaN   15    12 c    0   0.82 210.92687 54.31167  1768.93  8942.32 2.61 2.07 -51.0 -0.432    19.70 21.51 02a59404o0107c  1.583333        0
59404.302990 20.103715      NaN  -14    11 c    0   1.44 210.92687 54.31167  1789.04  8823.22 2.68 2.07 -50.0 -0.437    19.66 21.51 02a59404o0129c -0.909091        0
59408.274563 19.589310      NaN    7    14 c    0   0.91 210.92687 54.31167  1736.96  8907.62 2.59 2.03 -48.8 -0.440    19.66 21.40 02a59408o0068c  0.785714        0
59408.277767 19.589310      NaN   10    13 c    0   1.05 210.92687 54.31167  1715.63  8868.46 2.61 2.15 -52.0 -0.423    19.64 21.42 02a59408o0075c  1.076923        0
59408.283262 20.103715      NaN   -5    11 c    0   1.03 210.92687 54.31167  1770.62  8943.41 2.58 2.16 -51.2 -0.431    19.62 21.42 02a59408o0087c -0.090909        0
59408.295675 19.674510      NaN   15    10 c    0   1.41 210.92687 54.31167  1792.36  8822.63 2.52 2.08 -47.9 -0.435    19.67 21.47 02a59408o0114c  1.900000        0
59426.249901 19.652575      NaN   10    12 c    0   0.96 210.92687 54.31167  6896.66  1791.13 2.36 2.16 -72.8 -0.407    19.54 20.73 01a59426o0032c  1.166667        0
59426.253177 20.103715      NaN  -26    11 c    0   1.19 210.92687 54.31167  6915.69  1831.11 2.40 2.20 -74.5 -0.404    19.71 21.20 01a59426o0039c -2.000000        0
59426.258716 20.207197      NaN   -4    10 c    0   0.82 210.92687 54.31167  6861.41  1756.04 2.29 2.16 -72.7 -0.405    19.86 21.60 01a59426o0051c  0.000000        0
59426.272762 20.321591      NaN  -11     9 c    0   1.25 210.92687 54.31167  6845.28  1873.63 2.31 2.17 -74.9 -0.407    19.88 21.67 01a59426o0081c -0.777778   524288
59430.242183 19.128787      NaN  -29    27 c    0   0.83 210.92687 54.31167  6896.82  1795.78 2.31 2.17 -36.4 -0.389    18.64 19.07 01a59430o0020c -0.925926        0
59430.244954 19.155932      NaN   18    19 c    0   1.02 210.92687 54.31167  6916.99  1832.29 2.30 2.14 -75.4 -0.400    19.10 19.81 01a59430o0026c  1.157895        0
59430.250541 20.103715      NaN   -1    10 c    0   1.45 210.92687 54.31167  6865.59  1758.32 2.31 2.15 -75.1 -0.398    19.66 20.96 01a59430o0038c  0.300000        0
59430.260749 20.207197      NaN  -12    10 c    0   1.08 210.92687 54.31167  6847.28  1873.33 2.36 2.19 -80.1 -0.402    19.86 21.60 01a59430o0060c -0.800000        0
59434.246925 19.696897      NaN  -24    16 c    0   0.74 210.92687 54.31167  9442.90  5350.17 2.85 2.42 -84.2 -0.365    19.33 20.53 01a59434o0034c -1.250000   524288
59434.250609 19.791368      NaN    1    13 c    0   0.80 210.92687 54.31167  9463.21  5385.30 2.84 2.40 -87.2 -0.376    19.54 21.12 01a59434o0042c  0.384615        0
59434.256155 19.589310      NaN   16    11 c    0   0.83 210.92687 54.31167  9404.66  5315.19 2.78 2.39 -81.9 -0.380    19.71 21.52 01a59434o0054c  1.818182        0
59434.267220 19.491430      NaN   18    12 c    0   0.79 210.92687 54.31167  9388.11  5434.30 2.50 2.22 -79.5 -0.399    19.85 21.64 01a59434o0078c  1.833333        0
59588.641428 20.103715      NaN   -7    11 c    0   1.38 210.92687 54.31167  3853.00  7451.19 2.64 2.40  46.7 -0.398    19.65 21.81 02a59588o0978c -0.272727        0
59588.646929 20.103715      NaN  -10    11 c    0   1.34 210.92687 54.31167  3873.86  7489.60 2.57 2.39  44.6 -0.407    19.61 21.81 02a59588o0990c -0.545455        0
59588.658083 20.103715      NaN  -13    11 c    0   1.31 210.92687 54.31167  3814.01  7410.37 2.56 2.35  45.7 -0.405    19.61 21.75 02a59588o1014c -0.818182        0
59588.665789 19.719755      NaN    4    13 c    0   1.02 210.92687 54.31167  3790.60  7529.91 2.65 2.37  46.6 -0.397    19.46 21.22 02a59588o1030c  0.615385        0
59615.558656 20.207197      NaN  -12    10 c    0   1.39 210.92687 54.31167  1541.29  3707.84 2.42 2.36  61.8 -0.422    19.60 21.48 02a59615o0775c -0.800000        0
59615.561412 20.009244      NaN  -11    12 c    0   0.92 210.92687 54.31167  1560.97  3746.88 2.41 2.34  54.5 -0.424    19.61 21.49 02a59615o0781c -0.583333  4194560
59615.564167 20.207197      NaN  -15    10 c    0   1.59 210.92687 54.31167  1502.51  3667.11 2.54 2.37  44.3 -0.417    19.59 21.49 02a59615o0787c -1.100000        0
59615.571520 19.950541      NaN   -2    12 c    0   0.93 210.92687 54.31167  1485.10  3782.11 2.45 2.37  58.6 -0.420    19.60 21.51 02a59615o0803c  0.166667   524288
59619.586609 20.103715      NaN  -12    11 c    0   1.64 210.92687 54.31167  4039.81  9602.74 2.54 2.48  49.3 -0.406    19.67 21.67 02a59619o0807c -0.727273        0
59619.588435 19.841877      NaN   -7    14 c    0   0.86 210.92687 54.31167  4059.76  9642.27 2.57 2.47  50.1 -0.405    19.66 21.67 02a59619o0811c -0.214286        0
59619.592559 19.766969      NaN  -19    15 c    0   1.03 210.92687 54.31167  3997.42  9563.23 2.64 2.44  46.5 -0.396    19.63 21.67 02a59619o0820c -1.000000        0
59619.610269 19.609992      NaN    0    16 c    0   0.73 210.92687 54.31167  3976.17  9680.71 2.66 2.46  42.7 -0.396    19.65 21.62 02a59619o0858c  0.250000        0
59639.510262 19.841877      NaN    2    12 c    0   1.00 210.92687 54.31167  1852.67  7506.20 2.33 2.28  62.6 -0.428    19.73 21.72 02a59639o0653c  0.500000        0
59639.513468 19.950541      NaN    4    10 c    0   1.73 210.92687 54.31167  1872.68  7546.39 2.44 2.32  41.7 -0.416    19.69 21.70 02a59639o0660c  0.800000        0
59639.516215 19.816329      NaN    3    12 c    0   0.95 210.92687 54.31167  1813.20  7465.33 2.32 2.27  61.0 -0.432    19.71 21.71 02a59639o0666c  0.583333        0
59639.522156 19.841877      NaN    2    12 c    0   0.71 210.92687 54.31167  1793.16  7581.25 2.36 2.31  70.6 -0.429    19.72 21.72 02a59639o0679c  0.500000        0
59643.579606 19.719755      NaN    4    13 c    0   1.30 210.92687 54.31167   781.79  3016.96 2.23 2.10   6.2 -0.449    19.23 21.76 02a59643o0746c  0.615385        0
59643.582534 19.589310      NaN    7    14 c    0   1.15 210.92687 54.31167   760.15  2976.43 2.25 2.12   1.8 -0.448    19.21 21.75 02a59643o0752c  0.785714        0
59643.617736 19.569016      NaN   11    13 c    0   1.15 210.92687 54.31167   818.57  3049.90 2.33 2.09  29.7 -0.439    19.25 21.72 02a59643o0823c  1.153846        0
59643.623182 19.766969      NaN  -13    15 c    0   1.40 210.92687 54.31167   839.66  2928.05 2.25 2.12   8.2 -0.448    19.22 21.71 02a59643o0834c -0.600000        0
59647.511394 19.401649      NaN   -8    21 c    0   1.24 210.92687 54.31167  9805.93  7554.29 2.70 2.33  86.8 -0.448    18.96 21.75 02a59647o0432c -0.190476   524288
59647.514333 19.256669      NaN  -19    24 c    0   0.65 210.92687 54.31167  9827.08  7591.60 2.73 2.33  80.1 -0.441    18.94 21.77 02a59647o0438c -0.625000   524288
59647.519354 18.280067      NaN  -85    59 c    0   1.14 210.92687 54.31167  9768.02  7518.95 2.65 2.37  80.1 -0.451    17.72 20.47 02a59647o0448c -1.372881        0
59647.539712 19.302877      NaN  -15    23 c    0   0.82 210.92687 54.31167  9752.80  7639.07 2.89 2.56  68.0 -0.421    18.89 21.75 02a59647o0488c -0.478261        0
59671.401837 19.631075      NaN    2    15 c    0   0.92 210.92687 54.31167  3628.39  5823.67 2.72 2.52  41.0 -0.395    19.49 21.62 02a59671o0314c  0.400000        0
59671.428617 19.841877      NaN  -14    14 c    0   0.91 210.92687 54.31167  3662.35  5860.99 2.79 2.53  42.6 -0.393    19.53 21.63 02a59671o0371c -0.714286   524288
59671.431827 19.302877      NaN   23    14 c    0   1.12 210.92687 54.31167  3604.42  5786.67 2.92 2.59  44.1 -0.384    19.45 21.63 02a59671o0378c  1.928571        0
59671.437311 19.589310      NaN    7    14 c    0   1.14 210.92687 54.31167  3584.73  5903.46 2.95 2.56  40.6 -0.386    19.42 21.63 02a59671o0390c  0.785714   524288
59675.445368 16.570085      NaN    5   282 c    0   0.64 210.92687 54.31167  1949.22  9628.31 2.53 2.40  40.7 -0.389    16.29 18.27 02a59675o0501c  0.031915  4196354
59675.451766 18.304885      NaN   46    41 c    0   0.90 210.92687 54.31167  1928.90  9744.33 2.41 2.35  28.8 -0.457    18.45 20.52 02a59675o0515c  1.219512   532480
59679.432660 19.212347      NaN  -38    25 c    0   0.87 210.92687 54.31167  1985.54  9668.07 2.54 2.39  41.5 -0.435    18.97 20.69 02a59679o0440c -1.360000        0
59679.438161 18.944322      NaN   29    21 c    0   1.17 210.92687 54.31167  2006.01  9706.23 2.48 2.38  33.5 -0.440    18.97 20.71 02a59679o0452c  1.571429        0
59679.439989 18.955691      NaN   19    24 c    0   0.77 210.92687 54.31167  1945.01  9626.14 2.48 2.36  33.4 -0.449    18.99 20.72 02a59679o0456c  0.958333        0
59679.445014 19.384550      NaN    0    20 c    0   1.07 210.92687 54.31167  1923.03  9743.83 2.48 2.41  31.2 -0.442    19.00 20.75 02a59679o0467c  0.200000        0
59695.447397 19.589310      NaN   13    12 c    0   1.35 210.92687 54.31167  8850.29  5220.32 2.73 2.49  32.2 -0.400    19.49 21.38 02a59695o0478c  1.416667        0
59695.450623 19.922338      NaN  -14    13 c    0   1.07 210.92687 54.31167  8830.83  5180.00 2.66 2.39  33.1 -0.403    19.51 21.38 02a59695o0485c -0.769231        0
59695.485942 20.009244      NaN  -30    12 c    0   1.18 210.92687 54.31167  8880.84  5259.35 2.75 2.44  30.1 -0.390    19.47 21.34 02a59695o0561c -2.166667   524288
59695.514381 19.197966      NaN    9    21 c    0   0.97 210.92687 54.31167  8897.88  5143.81 2.76 2.40  28.5 -0.395    19.02 20.86 02a59695o0622c  0.619048   524288
59699.416003 15.617442      NaN  582   490 c    0   1.06 210.92687 54.31167  3324.61  7100.66 2.64 2.33  24.5 -0.397    15.53 16.82 02a59699o0410c  1.195918  4196354
59699.419220 18.816441      NaN  -32    36 c    0   1.03 210.92687 54.31167  3307.44  7065.30 2.59 2.33  26.2 -0.397    18.25 19.68 02a59699o0417c -0.777778     8192
59699.424739 17.883650      NaN -182    85 c    0   1.15 210.92687 54.31167  3363.38  7139.23 2.63 2.33  24.2 -0.400    17.23 18.61 02a59699o0429c -2.094118     8192
59699.459844 18.967180      NaN   24    22 c    0   1.07 210.92687 54.31167  3369.05  7020.18 2.58 2.25  27.2 -0.396    18.82 20.34 02a59699o0505c  1.272727  4194560
59723.379391 19.384550      NaN   12    16 c    0   0.75 210.92687 54.31167  5004.39  4859.17 2.69 2.33  28.8 -0.399    19.57 21.29 02a59723o0312c  1.000000        0
59723.382603 19.841877      NaN   -1    13 c    0   1.02 210.92687 54.31167  4981.62  4817.99 2.96 2.46  29.7 -0.388    19.52 21.28 02a59723o0319c  0.230769        0
59723.388089 19.922338      NaN   -6    13 c    0   1.03 210.92687 54.31167  5042.57  4896.25 2.69 2.30  28.5 -0.402    19.58 21.25 02a59723o0331c -0.153846        0
59723.400898 19.631075      NaN   11    12 c    0   1.21 210.92687 54.31167  5061.21  4782.12 2.76 2.37  26.9 -0.397    19.55 21.26 02a59723o0359c  1.250000        0
59727.350487 18.089294      NaN   33    58 c    0   1.64 210.92687 54.31167  5008.93  4865.31 2.68 2.28  31.0 -0.399    17.52 18.91 02a59727o0248c  0.637931        0
59727.353687 19.256669      NaN  -61    24 c    0   1.09 210.92687 54.31167  4989.31  4825.94 2.65 2.25  29.9 -0.401    18.58 20.08 02a59727o0255c -2.375000        0
59727.360089 18.226218      NaN  -31    62 c    0   0.87 210.92687 54.31167  5047.22  4901.51 2.64 2.25  30.7 -0.403    17.59 18.92 02a59727o0269c -0.435484  4194560
59727.371522 18.816441      NaN  -20    36 c    0   2.14 210.92687 54.31167  5067.98  4784.15 2.81 2.30  31.3 -0.389    18.00 19.43 02a59727o0294c -0.444444   524288
59731.393020 19.816329      NaN   -3    14 c    0   0.89 210.92687 54.31167  3595.61  8747.59 2.74 2.67  34.6 -0.390    19.54 21.53 02a59731o0172c  0.071429        0
59731.398541 19.696897      NaN    2    14 c    0   0.87 210.92687 54.31167  3575.56  8708.43 2.84 2.66  42.2 -0.385    19.56 21.51 02a59731o0184c  0.428571        0
59731.401810 19.922338      NaN   -7    13 c    0   1.01 210.92687 54.31167  3632.17  8785.36 2.61 2.58  47.4 -0.392    19.59 21.52 02a59731o0191c -0.230769        0
59731.414645 19.510313      NaN   14    13 c    0   1.09 210.92687 54.31167  3649.71  8664.62 2.70 2.54  25.0 -0.395    19.57 21.46 02a59731o0219c  1.384615        0
59751.314809 19.719755      NaN    7    12 c    0   0.95 210.92687 54.31167  4504.10  1078.67 2.41 2.29  79.1 -0.428    19.65 21.48 02a59751o0156c  0.916667        0
59751.318028 19.922338      NaN  -13    13 c    0   0.65 210.92687 54.31167  4483.87  1042.27 2.38 2.26  74.6 -0.430    19.63 21.48 02a59751o0163c -0.692308        0
59751.323522 19.922338      NaN   -8    13 c    0   0.74 210.92687 54.31167  4545.16  1117.45 2.33 2.24  80.5 -0.430    19.66 21.47 02a59751o0175c -0.307692        0
59751.334507 19.743105      NaN   12    10 c    0   1.04 210.92687 54.31167  4566.47  1005.21 2.51 2.36  84.5 -0.424    19.64 21.45 02a59751o0199c  1.600000        0
59783.267980 19.922338      NaN   -1    12 c    0   1.04 210.92687 54.31167  1452.02  6781.92 2.41 2.26 -40.3 -0.429    19.57 21.12 02a59783o0058c  0.250000        0
59783.271622 19.696897      NaN    2    14 c    0   1.42 210.92687 54.31167  1432.81  6742.86 2.58 2.37 -49.0 -0.424    19.53 21.16 02a59783o0066c  0.428571        0
59783.278464 19.719755      NaN    7    12 c    0   1.01 210.92687 54.31167  1489.11  6818.53 2.47 2.25 -47.3 -0.431    19.60 21.20 02a59783o0081c  0.916667        0
59783.292955 19.631075      NaN    8    13 c    0   1.12 210.92687 54.31167  1508.10  6698.21 2.37 2.17 -49.2 -0.441    19.57 21.12 02a59783o0113c  0.923077        0
59787.293213 19.841877      NaN   -4    14 c    0   0.93 210.92687 54.31167  6721.16  3125.01 2.82 2.75  54.8 -0.404    19.41 21.28 02a59787o0117c  0.000000        0
59787.297291 19.155932      NaN   27    16 c    0   0.88 210.92687 54.31167  6700.92  3082.45 2.90 2.84  55.2 -0.387    19.39 21.27 02a59787o0126c  1.937500   524288
59787.303716 19.631075      NaN    2    15 c    0   0.87 210.92687 54.31167  6758.58  3157.85 2.85 2.76  41.5 -0.391    19.42 21.26 02a59787o0140c  0.400000        0
59787.318300 19.766969      NaN   -1    14 c    0   1.06 210.92687 54.31167  6779.84  3039.63 2.85 2.72  38.4 -0.390    19.44 21.27 02a59787o0172c  0.214286   524288
59811.240646 18.910912      NaN  -21    33 c    0   1.01 210.92687 54.31167  9022.01  6878.12 2.67 2.41  28.7 -0.410    18.72 19.75 02a59811o0025c -0.515152        0
59811.243827 19.169763      NaN    2    24 c    0   0.81 210.92687 54.31167  9001.46  6836.26 2.59 2.43  26.8 -0.415    19.14 20.36 02a59811o0032c  0.250000        0
59811.251095 19.841877      NaN   -1    13 c    0   0.92 210.92687 54.31167  9060.17  6914.31 2.65 2.49  25.0 -0.411    19.43 21.04 02a59811o0048c  0.230769        0
59811.262036 19.318728      NaN   16    16 c    0   0.85 210.92687 54.31167  9078.45  6796.11 2.60 2.49  24.2 -0.418    19.49 21.14 02a59811o0072c  1.250000        0
59819.241262 19.674510      NaN    0    15 c    0   0.84 210.92687 54.31167  6561.49   977.21 2.35 2.22  59.2 -0.407    19.14 20.53 02a59819o0037c  0.266667        0
59819.246702 20.009244      NaN   -7    12 c    0   1.87 210.92687 54.31167  6540.22   937.37 2.35 2.24  85.7 -0.415    19.34 20.93 02a59819o0049c -0.250000        0
59819.249867 19.226921      NaN   28    14 c    0   1.15 210.92687 54.31167  6601.14  1017.50 2.52 2.40  84.1 -0.399    19.35 21.00 02a59819o0056c  2.285714        0
59819.259883 19.510313      NaN   11    14 c    0   1.03 210.92687 54.31167  6623.91   900.09 2.40 2.23 -75.1 -0.426    19.37 21.05 02a59819o0078c  1.071429        0
59841.218401 18.438271      NaN  -28    51 c    0   1.14 210.92687 54.31167  6993.21  9571.05 3.07 2.87  65.9 -0.352    17.82 19.42 01a59841o0022c -0.470588        0
59841.222104 19.051202      NaN    2    27 c    0   1.10 210.92687 54.31167  7014.00  9611.81 3.06 2.87  69.7 -0.351    18.50 20.18 01a59841o0030c  0.222222        0
59841.232292 19.454622      NaN  -18    20 c    0   0.91 210.92687 54.31167  6951.95  9540.11 3.10 2.92  73.1 -0.347    18.98 20.90 01a59841o0052c -0.700000        0
59841.238300 19.241693      NaN    6    21 c    0   0.85 210.92687 54.31167  6931.80  9656.98 3.11 2.95  72.1 -0.345    19.00 20.95 01a59841o0065c  0.476190        0
59999.634833 19.014394      NaN   -1    29 c    0   1.10 210.92687 54.31167  9205.48  9017.50 2.78 2.66  58.9 -0.391    18.65 20.44 02a59999o0111c  0.103448   524288
59999.637641 18.857417      NaN   22    26 c    0   0.95 210.92687 54.31167  9186.22  8975.28 2.79 2.68  51.5 -0.386    18.85 20.68 02a59999o0117c  1.000000   524288
59999.650179 19.212347      NaN  -15    25 c    0   1.27 210.92687 54.31167  9240.39  9055.70 2.80 2.58  41.7 -0.389    18.66 20.40 02a59999o0142c -0.440000   524288
59999.656837 18.910912      NaN   23    24 c    0   1.06 210.92687 54.31167  9257.54  8936.93 2.74 2.67  54.7 -0.388    18.85 20.61 02a59999o0155c  1.125000  4194560
60048.393577 19.841877      NaN  -22    14 c    0   1.12 210.92687 54.31167  5691.15  7365.62 2.59 2.31  44.1 -0.410    19.52 21.42 02a60048o0341c -1.285714        0
60048.395386 19.922338      NaN  -10    13 c    0   0.70 210.92687 54.31167  5711.18  7404.31 2.60 2.33  43.3 -0.410    19.55 21.42 02a60048o0345c -0.461538        0
60048.401280 19.841877      NaN    2    12 c    0   1.15 210.92687 54.31167  5652.45  7327.89 2.65 2.34  41.5 -0.408    19.55 21.43 02a60048o0357c  0.500000        0
60048.436787 19.696897      NaN    8    12 c    0   1.13 210.92687 54.31167  5634.13  7447.28 2.60 2.30  36.8 -0.410    19.59 21.48 02a60048o0428c  1.000000        0
60050.476350 19.652575      NaN    4    14 c    0   1.41 210.92687 54.31167  7484.80  9049.91 2.56 2.41  40.9 -0.420    19.44 21.13 02a60050o0512c  0.571429        0
60050.479980 19.472870      NaN    7    16 c    0   1.91 210.92687 54.31167  7465.26  9008.52 2.54 2.42  44.0 -0.415    19.18 20.81 02a60050o0520c  0.687500   524288
60050.515339 19.743105      NaN   -3    15 c    0   0.75 210.92687 54.31167  7519.99  9083.22 2.58 2.37  37.7 -0.410    19.51 21.22 02a60050o0595c  0.066667        0
60050.521155 19.491430      NaN    9    15 c    0   0.91 210.92687 54.31167  7538.07  8963.26 2.62 2.41  36.4 -0.410    19.50 21.21 02a60050o0607c  0.866667   524288
60052.473293 19.743105      NaN   -3    15 c    0   1.13 210.92687 54.31167  5198.20  4850.02 2.42 2.19  34.7 -0.405    19.31 20.97 02a60052o0517c  0.066667   524288
60052.476484 19.631075      NaN   -9    17 c    0   1.14 210.92687 54.31167  5178.58  4810.44 2.52 2.21  29.4 -0.396    19.08 20.78 02a60052o0524c -0.294118        0
60052.509238 19.922338      NaN  -10    13 c    0   1.14 210.92687 54.31167  5238.71  4879.75 2.54 2.21  32.3 -0.400    19.45 21.04 02a60052o0592c -0.461538        0
60052.515613 19.766969      NaN   -1    14 c    0   0.81 210.92687 54.31167  5259.73  4761.40 2.56 2.21  33.7 -0.395    19.42 20.99 02a60052o0605c  0.214286        0
60056.426687 19.719755      NaN    4    13 c    0   1.15 210.92687 54.31167  1308.52  5146.27 2.48 2.28  20.2 -0.423    19.44 21.06 02a60056o0426c  0.615385        0
60056.430308 19.766969      NaN  -22    15 c    0   0.75 210.92687 54.31167  1290.17  5105.94 2.60 2.46  11.6 -0.417    19.37 21.05 02a60056o0434c -1.200000        0
60056.465450 19.569016      NaN   11    13 c    0   1.10 210.92687 54.31167  1342.48  5173.66 2.42 2.22  19.9 -0.426    19.49 21.06 02a60056o0509c  1.153846        0
60056.470537 19.841877      NaN   -5    14 c    0   1.11 210.92687 54.31167  1364.38  5054.94 2.42 2.23  16.7 -0.423    19.47 21.04 02a60056o0520c -0.071429        0
60058.400358 19.841877      NaN  -24    14 c    0   1.06 210.92687 54.31167  5931.67  9504.42 2.76 2.42  41.3 -0.397    19.41 21.02 02a60058o0368c -1.428571        0
60058.403081 19.609992      NaN    3    15 c    0   0.96 210.92687 54.31167  5952.81  9541.45 2.74 2.41  37.3 -0.401    19.44 21.03 02a60058o0374c  0.466667   524288
60058.406260 19.351140      NaN   14    16 c    0   0.77 210.92687 54.31167  5890.75  9466.04 2.79 2.42  42.0 -0.393    19.44 21.03 02a60058o0381c  1.125000        0
60058.412604 19.696897      NaN  -28    16 c    0   0.78 210.92687 54.31167  5869.97  9585.59 2.73 2.41  39.1 -0.397    19.44 21.03 02a60058o0395c -1.500000  4194560
60076.451715 19.791368      NaN   -2    14 c    0   0.82 210.92687 54.31167  6729.24   963.62 2.33 2.17 -71.8 -0.423    19.51 21.04 02a60076o0241c  0.142857        0
60076.455118 19.922338      NaN  -14    13 c    0   0.76 210.92687 54.31167  6710.09   925.79 2.31 2.11 -75.3 -0.429    19.50 21.03 02a60076o0248c -0.769231        0
60076.458122 19.351140      NaN   26    12 c    0   1.01 210.92687 54.31167  6771.64  1005.44 2.32 2.11 -72.6 -0.428    19.54 21.05 02a60076o0254c  2.500000        0
60076.463264 19.841877      NaN   -1    13 c    0   1.27 210.92687 54.31167  6791.28   883.50 2.30 2.12 -80.3 -0.429    19.48 21.02 02a60076o0264c  0.230769        0
60078.380061 20.039830      NaN   -2    11 c    0   1.27 210.92687 54.31167  3238.11  4965.36 2.32 2.16  25.3 -0.414    19.63 21.30 02a60078o0314c  0.181818        0
60078.383226 20.207197      NaN  -11    10 c    0   1.35 210.92687 54.31167  3218.81  4929.96 2.29 2.16  18.8 -0.424    19.62 21.30 02a60078o0321c -0.700000        0
60078.390093 19.719755      NaN    7    12 c    0   0.77 210.92687 54.31167  3277.57  5005.24 2.29 2.15  24.6 -0.417    19.59 21.30 02a60078o0336c  0.916667        0
60078.401655 19.922338      NaN   -7    13 c    0   0.88 210.92687 54.31167  3298.03  4886.84 2.34 2.16  23.4 -0.418    19.61 21.34 02a60078o0361c -0.230769        0