         MJD         m       dm     uJy  duJy F  err  chi/N        RA      Dec        x        y  maj  min   phi  apfit  mag5sig   Sky            Obs    __tmp_SN     Mask
57396.587948 19.696897      NaN   -77.0    16 c    0   2.17 210.92213 54.31835  7762.99  2243.24 4.00 3.60   7.9 -0.427    19.59 21.57 02a57396o0607c   -9.375000  8912896
57396.598947 19.510313      NaN  -105.0    19 c    0   1.71 210.92213 54.31835  7476.69  1670.29 4.10 3.60   5.2 -0.444    19.60 21.58 02a57396o0625c   -9.368421  8912896
57396.614233 18.878500      NaN  -130.0    34 c    0   1.41 210.92213 54.31835  8290.15  2814.20 3.80 3.60  20.2 -0.419    19.60 21.56 02a57396o0650c   -5.970588  8912896
57396.627717 18.649074      NaN  -243.0    42 c    0   1.23 210.92213 54.31835  8552.65  1052.70 4.33 3.66  11.2 -0.431    19.59 21.57 02a57396o0672c   -7.523810  8912896
57424.598946 19.510313      NaN   -19.0    19 c    0   1.49 210.92213 54.31835  8261.51  1568.97 4.32 3.76  10.3 -0.440    19.70 21.79 02a57424o0633c   -4.842105        0
57424.604067 19.696897      NaN    16.0    16 c    0   2.32 210.92213 54.31835  8525.42  2139.03 4.25 3.83  15.2 -0.423    19.68 21.79 02a57424o0641c   -3.562500        0
57424.621336 19.569016      NaN   -59.0    18 c    0   1.80 210.92213 54.31835  7370.24  2756.88 4.02 3.71   9.9 -0.416    19.70 21.79 02a57424o0667c   -7.333333   528384
57424.633626 19.766969      NaN    27.0    15 c    0   1.69 210.92213 54.31835  7293.19  2850.75 3.97 3.67  11.4 -0.418    19.70 21.79 02a57424o0685c   -3.066667        0
57448.521048 19.302877      NaN     9.0    23 c    0   1.34 210.92213 54.31835  7928.16  1759.95 4.00 3.65  15.0 -0.450    19.26 20.81 02a57448o0458c   -2.782609        0
57448.543577 18.978793      NaN   100.0    22 c    0   1.83 210.92213 54.31835  8220.06  2340.24 3.94 3.73  23.0 -0.440    19.21 20.77 02a57448o0497c    1.227273   528384
57448.565924 19.401649      NaN    -7.0    21 c    0   1.62 210.92213 54.31835  7079.44  2962.67 4.38 3.91  -1.1 -0.389    19.09 20.75 02a57448o0536c   -3.809524        0
57448.596475 19.302877      NaN     0.0    23 c    0   1.68 210.92213 54.31835  3348.75  7835.48 3.87 3.61 -70.3 -0.422    19.20 20.80 02a57448o0592c   -3.173913        0
57449.515332 19.401649      NaN   -16.0    21 c    0   1.71 210.92213 54.31835  8164.86  1710.53 4.05 3.63  15.5 -0.462    19.45 21.19 02a57449o0610c   -4.238095        0
57449.538360 19.631075      NaN     1.0    17 c    0   1.82 210.92213 54.31835  8463.18  2288.36 3.82 3.59  30.4 -0.457    19.42 21.11 02a57449o0650c   -4.235294        0
57449.558557 19.569016      NaN   -45.0    18 c    0   1.78 210.92213 54.31835  7322.80  2916.21 3.78 3.62  15.0 -0.428    19.39 21.07 02a57449o0688c   -6.555556        0
57449.570520 19.510313      NaN    39.0    19 c    0   1.88 210.92213 54.31835  7304.67  2855.55 3.76 3.57  18.1 -0.439    19.39 21.06 02a57449o0709c   -1.789474        0
57458.509881 19.454622      NaN   -79.0    20 c    0   1.12 210.92213 54.31835  8247.39  1563.05 4.32 3.77  15.4 -0.446    19.65 21.70 02a57458o0606c   -7.600000   524288
57458.513259 19.510313      NaN   -53.0    19 c    0   1.60 210.92213 54.31835  8533.18  2131.78 4.21 3.91  23.7 -0.426    19.61 21.68 02a57458o0613c   -6.631579        0
57458.536888 19.696897      NaN  -109.0    16 c    0   1.31 210.92213 54.31835  7406.29  2757.64 4.12 3.83   2.2 -0.403    19.60 21.68 02a57458o0653c  -11.375000  4195328
57458.567769 19.419021      NaN    84.0    17 c    0   1.98 210.92213 54.31835  3345.05  7833.39 3.85 3.61 -72.9 -0.421    19.64 21.68 02a57458o0708c    0.647059   528384
57488.426551 19.510313      NaN    -5.0    19 c    0   1.62 210.92213 54.31835  8379.72  1635.32 4.32 3.81  20.1 -0.478    19.60 21.59 02a57488o0373c   -4.105263   524288
57488.444090 19.454622      NaN    -3.0    20 c    0   1.63 210.92213 54.31835  8667.04  2191.74 4.18 3.80  29.5 -0.461    19.60 21.61 02a57488o0405c   -3.800000        0
57488.465855 19.510313      NaN   -77.0    19 c    0   1.67 210.92213 54.31835  7545.20  2838.89 4.06 3.72  15.7 -0.447    19.57 21.56 02a57488o0444c   -7.894737   528384
57488.475297 19.569016      NaN   -15.0    18 c    0   1.99 210.92213 54.31835  3331.09  7825.06 3.99 3.61 -64.9 -0.439    19.55 21.54 02a57488o0460c   -4.888889        0
57512.362600 19.454622      NaN    11.0    20 c    0   1.51 210.92213 54.31835  9567.20  2701.91 4.67 4.15  38.3 -0.436    19.51 21.58 02a57512o0305c   -3.100000  8392704
57512.371077 19.226921      NaN    87.0    20 c    0   1.46 210.92213 54.31835  9590.10  2738.21 4.58 4.08  39.6 -0.441    19.53 21.60 02a57512o0322c    0.700000  8912896
57512.373986 18.836735 0.204856   179.0    20 c    0   1.93 210.92213 54.31835   383.86  2627.02 5.06 3.82 -34.1 -0.413    19.58 21.60 02a57512o0328c    5.300000  8916992
57512.383392 19.510313      NaN    29.0    19 c    0   1.71 210.92213 54.31835   403.70  2664.18 5.10 3.92 -33.9 -0.414    19.54 21.60 02a57512o0347c   -2.315789  8392704
57512.386899 19.051202      NaN   106.0    18 c    0   1.66 210.92213 54.31835   973.47  7906.52 4.46 3.82 -58.3 -0.428    19.55 21.63 02a57512o0354c    1.833333  8912896
57512.388945 18.452558 0.143806   224.0    20 c    0   1.80 210.92213 54.31835   337.85  2587.73 5.16 3.88 -31.4 -0.404    19.57 21.61 02a57512o0358c    7.550000  8916992
57512.397027 19.183773 0.253808   150.0    18 c    0   2.57 210.92213 54.31835  1003.96  7787.28 4.39 3.76 -57.8 -0.428    19.55 21.60 02a57512o0374c    4.277778  8912896
57512.407432 19.510313      NaN    37.0    19 c    0   1.61 210.92213 54.31835 10194.24  7851.43 4.60 3.71  81.1 -0.426    19.54 21.62 02a57512o0395c   -1.894737  8392704
57512.416849 19.696897      NaN   -82.0    16 c    0   3.19 210.92213 54.31835  3605.29  8659.67 4.15 3.80 -61.8 -0.410    19.52 21.58 02a57512o0414c   -9.687500  8388609
57515.371866 19.454622      NaN   -46.0    20 c    0   1.86 210.92213 54.31835  1947.74   512.18 5.36 3.74 -16.2 -0.484    19.58 21.68 02a57515o0321c   -5.950000  8388608
57515.372987 19.256669      NaN  -242.0    24 c    0   1.67 210.92213 54.31835  7397.29   254.93 5.30 3.91  10.3 -0.491    19.61 21.70 02a57515o0323c  -13.125000  8916992
57515.374441 19.631075      NaN   -67.0    17 c    0   2.15 210.92213 54.31835  8567.20 10088.17 4.30 3.85  75.5 -0.415    19.60 21.66 02a57515o0326c   -8.235294  8912896
57515.383262 19.454622      NaN   -20.0    20 c    0   1.38 210.92213 54.31835  3093.67 10272.89 4.24 3.95 -48.3 -0.399    19.61 21.73 02a57515o0344c   -4.650000  8388608
57515.385734 19.569016      NaN   -40.0    18 c    0   2.24 210.92213 54.31835  8495.63 10008.66 4.17 3.76  74.6 -0.422    19.61 21.65 02a57515o0348c   -6.277778  8388608
57515.386824 19.569016      NaN   -39.0    18 c    0   2.44 210.92213 54.31835  3145.74 10357.36 4.28 3.97 -54.0 -0.401    19.61 21.70 02a57515o0350c   -6.222222  8388608
57515.400161 19.454622      NaN  -104.0    20 c    0   1.75 210.92213 54.31835  3180.23 10237.12 4.17 3.92 -48.2 -0.390    19.61 21.69 02a57515o0376c   -8.850000  8916992
57515.402098 19.454622      NaN  -106.0    20 c    0   1.77 210.92213 54.31835  2029.43   437.96 5.17 3.65 -16.1 -0.485    19.58 21.64 02a57515o0380c   -8.950000  8916992
57515.409082 19.351140      NaN     0.0    22 c    0   1.66 210.92213 54.31835  1980.69   500.62 5.24 3.65 -15.1 -0.478    19.58 21.61 02a57515o0393c   -3.318182  8388608
57515.410533 19.510313      NaN    34.0    19 c    0   1.85 210.92213 54.31835  3139.30 10300.82 4.12 3.91 -42.3 -0.392    19.61 21.65 02a57515o0396c   -2.052632  8392704
57545.329395 19.569016      NaN    -7.0    18 c    0   2.14 210.92213 54.31835  1108.49  8165.03 4.40 3.95 -56.1 -0.415    19.59 21.73 02a57545o0190c   -4.444444  8388608
57545.338129 19.454622      NaN    66.0    20 c    0   1.91 210.92213 54.31835  1095.60  8127.69 4.40 3.93 -61.1 -0.432    19.58 21.75 02a57545o0208c   -0.350000  8916992
57545.345896 19.696897      NaN   -12.0    16 c    0   2.21 210.92213 54.31835 10306.59  8245.41 4.55 3.64  80.3 -0.430    19.64 21.77 02a57545o0224c   -5.312500  8388608
57545.355107 18.955691      NaN   114.0    18 c    0   2.18 210.92213 54.31835  1154.04  8203.48 4.16 3.77 -57.0 -0.430    19.62 21.73 02a57545o0243c    2.277778 12583168
57545.356559 19.454622      NaN    21.0    20 c    0   1.47 210.92213 54.31835 10294.71  8207.73 4.65 3.62  82.6 -0.426    19.64 21.79 02a57545o0246c   -2.600000  8388608
57545.358980 19.569016      NaN   -17.0    18 c    0   1.72 210.92213 54.31835 10351.76  8289.74 4.63 3.65  81.3 -0.434    19.64 21.79 02a57545o0251c   -5.000000  8912896
57545.361400 19.510313      NaN   -46.0    19 c    0   2.29 210.92213 54.31835  1166.96  8086.18 4.40 3.92 -58.1 -0.425    19.56 21.74 02a57545o0256c   -6.263158  8388608
57545.371093 19.169763      NaN    94.0    19 c    0   2.17 210.92213 54.31835  1134.31  8146.87 4.36 3.89 -56.8 -0.427    19.46 21.59 02a57545o0276c    1.105263  8916992
57545.380784 19.401649      NaN   -11.0    21 c    0   1.68 210.92213 54.31835 10364.41  8177.07 4.68 3.68  80.3 -0.420    19.41 21.51 02a57545o0296c   -4.000000  8388608
57545.390661 19.454622      NaN    -6.0    20 c    0   1.52 210.92213 54.31835 10326.87  8236.90 4.89 3.82  79.3 -0.420    19.52 21.66 02a57545o0315c   -3.950000  8388608
57549.332077 19.454622      NaN    37.0    20 c    0   2.11 210.92213 54.31835  2396.40  9690.27 4.08 3.84 -54.9 -0.424    19.44 21.31 02a57549o0078c   -1.800000        0
57549.342782 19.454622      NaN    42.0    20 c    0   2.41 210.92213 54.31835  2386.24  9650.48 4.17 3.87 -53.6 -0.416    19.44 21.33 02a57549o0100c   -1.550000        0
57549.359807 18.757738      NaN   127.0    20 c    0   1.83 210.92213 54.31835  2442.58  9725.88 4.12 3.83 -48.2 -0.419    19.46 21.36 02a57549o0135c    2.700000   528384
57549.367069 19.351140      NaN  -637.0    22 c    0   6.75 210.92213 54.31835  2455.24  9609.06 4.13 3.84 -53.5 -0.423    19.47 21.39 02a57549o0150c  -32.272727  4194561
57549.375839 19.569016      NaN    33.0    18 c    0   2.04 210.92213 54.31835  2423.78  9672.79 4.25 3.90 -49.1 -0.415    19.49 21.47 02a57549o0168c   -2.222222        0
57581.293250 18.878500      NaN   100.0    25 c    0   1.63 210.92213 54.31835  3726.64  6926.78 4.17 3.83 -76.9 -0.443    19.01 20.64 02a57581o0088c    1.080000   524288
57581.304631 19.128787      NaN    15.0    27 c    0   1.55 210.92213 54.31835  3714.05  6885.42 4.12 3.85 -62.0 -0.443    19.01 20.65 02a57581o0111c   -2.148148        0
57581.321240 19.302877      NaN    39.0    23 c    0   1.95 210.92213 54.31835  3769.46  6959.90 3.97 3.69 -62.7 -0.451    19.00 20.58 02a57581o0145c   -1.478261        0
57581.328019 19.128787      NaN    14.0    27 c    0   1.40 210.92213 54.31835  3781.83  6842.51 3.92 3.63 -72.0 -0.454    19.00 20.57 02a57581o0159c   -2.185185        0
57581.338880 19.051202      NaN    31.0    29 c    0   1.34 210.92213 54.31835  3749.08  6901.50 3.99 3.68 -65.8 -0.453    18.93 20.48 02a57581o0181c   -1.448276        0
57605.257770 18.944322      NaN  -184.0    32 c    0   1.60 210.92213 54.31835  3989.93  7001.46 4.26 3.91  41.5 -0.371    18.85 21.71 02a57605o0052c   -8.031250 12583168
57605.266058 18.944322      NaN  -449.0    32 c    0   1.65 210.92213 54.31835  3967.00  6960.89 4.44 4.23  41.8 -0.398    18.84 21.70 02a57605o0066c  -16.312500  8912896
57605.277177 18.757738      NaN  -230.0    38 c    0   1.15 210.92213 54.31835  4023.20  7034.35 5.25 5.14  64.7 -0.323    18.70 21.72 02a57605o0085c   -7.973684 12583168
57605.290850 19.351140      NaN   -83.0    22 c    0   2.00 210.92213 54.31835  4046.88  6918.26 4.92 4.71 -64.4 -0.356    19.19 21.41 02a57605o0109c   -7.090909 12583168
57605.303123 19.510313      NaN  -178.0    19 c    0   1.82 210.92213 54.31835  4001.56  6974.10 4.12 3.93 -59.9 -0.388    19.35 21.41 02a57605o0133c  -13.210526  8912896
57609.251150 19.212347      NaN    40.0    25 c    0   1.88 210.92213 54.31835  1284.29 10135.76 4.18 3.79 -54.7 -0.424    19.04 20.57 02a57609o0045c   -1.320000        0
57609.257024 18.649074      NaN   -57.0    42 c    0   1.86 210.92213 54.31835 10507.73 10256.85 4.94 3.91  81.8 -0.424    19.23 20.92 02a57609o0055c   -3.095238  4196352
57609.260345 19.256669      NaN    -8.0    24 c    0   1.76 210.92213 54.31835  1260.49 10094.23 4.25 3.89 -54.1 -0.429    19.15 20.84 02a57609o0061c   -3.375000        0
57609.274446 19.351140      NaN   -10.0    22 c    0   1.72 210.92213 54.31835  1315.63 10170.02 4.24 4.00 -55.2 -0.429    19.15 20.86 02a57609o0086c   -3.772727        0
57609.275582 18.878500      NaN   -87.0    34 c    0   2.43 210.92213 54.31835 10493.64 10214.30 5.07 4.04  81.4 -0.385    19.23 20.97 02a57609o0088c   -4.705882  4194560
57609.283416 19.169763      NaN   -21.0    26 c    0   1.42 210.92213 54.31835  1327.53 10047.14 4.35 3.86 -54.9 -0.412    19.11 20.83 02a57609o0102c   -3.615385        0
57609.293767 19.256669      NaN    31.0    24 c    0   1.62 210.92213 54.31835  1291.29 10111.42 4.49 3.94 -54.1 -0.403    19.06 20.79 02a57609o0120c   -1.750000        0
57746.613969 19.454622      NaN   -43.0    20 c    0   1.34 210.92213 54.31835  9628.12  2364.84 4.06 3.82  81.8 -0.423    19.61 21.65 02a57746o0819c   -5.800000  8392704
57746.625461 19.631075      NaN   -20.0    17 c    0   2.23 210.92213 54.31835  9638.49  2404.47 4.08 3.83  80.8 -0.421    19.61 21.63 02a57746o0841c   -5.470588  8392704
57746.627011 19.002397      NaN   107.0    19 c    0   1.49 210.92213 54.31835   432.29  2297.14 4.23 4.16 -88.0 -0.369    19.54 21.57 02a57746o0844c    1.789474  8912896
57746.636855 19.026525      NaN   105.0    19 c    0   1.75 210.92213 54.31835  9582.97  2331.59 4.24 4.02  80.9 -0.404    19.60 21.66 02a57746o0863c    1.684211  8912896
57746.638445 19.026525      NaN   105.0    19 c    0   1.23 210.92213 54.31835   444.91  2337.33 4.28 4.21  86.4 -0.365    19.56 21.60 02a57746o0866c    1.684211  8912896
57746.648259 19.569016      NaN    41.0    18 c    0   1.98 210.92213 54.31835  9568.96  2449.76 4.17 3.92  78.8 -0.408    19.60 21.66 02a57746o0885c   -1.777778  8912896
57746.650355 19.351140      NaN    88.0    17 c    0   1.51 210.92213 54.31835   386.16  2254.98 4.15 4.02  86.0 -0.381    19.60 21.59 02a57746o0889c    0.882353  8912896
57746.659628 19.401649      NaN   -19.0    21 c    0   1.27 210.92213 54.31835  9605.11  2391.48 4.06 3.80  79.6 -0.417    19.52 21.38 02a57746o0907c   -4.380952  8392704
57746.661195 18.738855      NaN   129.0    20 c    0   1.50 210.92213 54.31835   375.16  2391.50 4.09 3.96  84.5 -0.381    19.40 21.16 02a57746o0910c    2.800000  8912896
57746.669931 18.574166      NaN    88.0    40 c    0   1.26 210.92213 54.31835   408.45  2315.90 4.32 4.15  80.2 -0.359    18.45 19.40 02a57746o0927c    0.375000  8388608
57778.570698 19.569016      NaN   -36.0    18 c    0   1.65 210.92213 54.31835  9119.05 10189.05 4.12 3.71 -88.2 -0.431    19.77 21.82 02a57778o0568c   -6.055556  8912896
57778.576629 19.454622      NaN  -100.0    20 c    0   1.64 210.92213 54.31835  7894.62   387.96 4.00 3.78  15.3 -0.454    19.75 21.80 02a57778o0578c   -8.650000  8912896
57778.584061 19.510313      NaN    -5.0    19 c    0   1.61 210.92213 54.31835  9132.41 10230.52 4.09 3.68 -88.2 -0.432    19.77 21.81 02a57778o0592c   -4.105263  8388608
57778.589437 19.569016      NaN  -130.0    18 c    0   1.71 210.92213 54.31835  7906.89   428.87 3.94 3.77  18.3 -0.452    19.77 21.82 02a57778o0602c  -11.277778  8916992
57778.596885 19.510313      NaN   -29.0    19 c    0   1.46 210.92213 54.31835  9075.06 10156.50 4.09 3.73  89.4 -0.433    19.78 21.83 02a57778o0616c   -5.368421  8388608
57778.602290 19.510313      NaN   -75.0    19 c    0   1.81 210.92213 54.31835  7864.38   353.51 3.95 3.73  15.2 -0.453    19.79 21.85 02a57778o0626c   -7.789474  8912896
57778.609876 19.454622      NaN   -63.0    20 c    0   1.31 210.92213 54.31835  9052.94 10277.68 4.05 3.68 -88.5 -0.431    19.80 21.86 02a57778o0640c   -6.800000  8912896
57778.615190 19.569016      NaN   -31.0    18 c    0   1.70 210.92213 54.31835  7843.80   477.21 3.84 3.67  17.8 -0.453    19.81 21.88 02a57778o0650c   -5.777778  8388608
57778.622705 19.510313      NaN   -41.0    19 c    0   1.63 210.92213 54.31835  9098.42 10218.17 3.99 3.63 -89.0 -0.436    19.82 21.89 02a57778o0664c   -6.000000  8388608
57778.628048 19.631075      NaN  -277.0    17 c    0   1.80 210.92213 54.31835  7877.91   418.11 3.99 3.81  15.4 -0.447    19.77 21.86 02a57778o0674c  -20.588235  8916992
57782.565439 19.631075      NaN   -39.0    17 c    0   1.54 210.92213 54.31835  8330.42  1387.81 3.86 3.76  84.1 -0.417    19.82 21.96 02a57782o0717c   -6.588235        0
57782.579866 19.766969      NaN     1.0    15 c    0   2.41 210.92213 54.31835  8352.37  1427.73 3.89 3.75 -88.6 -0.409    19.84 21.99 02a57782o0743c   -4.800000        0
57782.593858 19.696897      NaN   -12.0    16 c    0   1.66 210.92213 54.31835  8296.06  1354.69 3.81 3.67  86.6 -0.414    19.88 22.03 02a57782o0769c   -5.312500        0
57782.607900 19.631075      NaN   -56.0    17 c    0   1.72 210.92213 54.31835  8273.10  1478.29 3.93 3.77  83.5 -0.405    19.81 21.96 02a57782o0795c   -7.588235  4194560
57782.621826 19.841877      NaN   -34.0    14 c    0   2.42 210.92213 54.31835  8321.62  1420.15 3.86 3.71  85.6 -0.415    19.84 21.99 02a57782o0821c   -7.642857        0
57786.563706 19.436675      NaN    86.0    16 c    0   2.06 210.92213 54.31835  9346.18  9908.70 3.91 3.50 -86.1 -0.426    19.80 21.89 02a57786o0507c    0.812500  8912896
57786.566299 19.510313      NaN    33.0    19 c    0   1.93 210.92213 54.31835  8103.53   108.83 3.90 3.68  12.8 -0.447    19.82 21.92 02a57786o0512c   -2.105263  8388608
57786.576403 19.183773 0.225608   150.0    16 c    0   2.61 210.92213 54.31835  9357.36  9949.00 3.98 3.59 -88.6 -0.418    19.82 21.94 02a57786o0531c    4.812500  8916992
57786.579012 19.401649      NaN     1.0    21 c    0   2.48 210.92213 54.31835  8115.80   149.39 3.88 3.68  17.3 -0.448    19.85 21.96 02a57786o0536c   -3.428571  8392704
57786.589214 19.841877      NaN    72.0    14 c    0   2.29 210.92213 54.31835  9299.19  9873.57 3.94 3.57 -90.0 -0.428    19.83 21.94 02a57786o0555c   -0.071429  8912896
57786.591848 19.569016      NaN  -157.0    18 c    0   2.89 210.92213 54.31835  8060.08    73.69 3.91 3.71  15.5 -0.449    19.68 21.79 02a57786o0560c  -12.777778  8916992
57786.602149 19.142275      NaN    81.0    24 c    0   1.65 210.92213 54.31835  9276.46  9995.27 3.98 3.64  85.5 -0.433    19.48 21.55 02a57786o0579c    0.333333  8388608
57786.604786 19.401649      NaN   -81.0    21 c    0   2.32 210.92213 54.31835  8048.74   194.87 3.88 3.76  18.8 -0.442    19.84 21.98 02a57786o0584c   -7.333333  8916992
57786.615038 19.051202      NaN   106.0    18 c    0   1.75 210.92213 54.31835  9321.41  9936.55 3.95 3.59  86.2 -0.426    19.78 21.88 02a57786o0603c    1.833333  8912896
57786.617646 19.454622      NaN   -44.0    20 c    0   1.42 210.92213 54.31835  8083.12   138.29 3.90 3.74  24.6 -0.449    19.84 21.99 02a57786o0608c   -5.850000  8392704
57806.543426 19.569016      NaN   -17.0    18 c    0   1.77 210.92213 54.31835  9206.08  1291.06 3.85 3.71  59.8 -0.446    19.76 21.82 02a57806o0606c   -5.000000  8388608
57806.546470 19.510313      NaN   -75.0    19 c    0   1.46 210.92213 54.31835  9232.35  1328.21 3.98 3.84  55.1 -0.429    19.74 21.83 02a57806o0612c   -7.789474  8912896
57806.563479 19.569016      NaN   -30.0    18 c    0   1.44 210.92213 54.31835  9174.90  1255.49 4.05 3.88  52.2 -0.427    19.76 21.89 02a57806o0643c   -5.722222  8388608
57806.577726 19.631075      NaN  -129.0    17 c    0   2.12 210.92213 54.31835  9154.52  1374.66 3.91 3.72  65.0 -0.441    19.76 21.84 02a57806o0669c  -11.882353  8916992
57806.591596 19.569016      NaN    22.0    18 c    0   2.11 210.92213 54.31835  9204.60  1313.94 3.91 3.71  60.7 -0.439    19.72 21.75 02a57806o0695c   -2.833333  8388608
57834.492888 19.631075      NaN   -21.0    17 c    0   2.49 210.92213 54.31835  8106.63  3359.74 3.99 3.71  87.7 -0.382    19.07 21.15 02a57834o0443c   -5.529412        0
57834.503330 19.510313      NaN    55.0    19 c    0   2.59 210.92213 54.31835  2375.92  7051.55 3.82 3.69  44.5 -0.427    19.11 21.19 02a57834o0463c   -0.947368        0
57834.527024 19.454622      NaN    29.0    20 c    0   2.50 210.92213 54.31835  2423.23  7127.53 3.82 3.67  46.0 -0.424    19.04 21.02 02a57834o0506c   -2.200000   524288
57834.542612 19.351140      NaN   -75.0    22 c    0   2.10 210.92213 54.31835  2442.42  7012.38 4.01 3.88  51.6 -0.408    18.92 20.83 02a57834o0535c   -6.727273     4096
57834.554663 19.351140      NaN    52.0    22 c    0   1.50 210.92213 54.31835  2397.33  7073.78 4.05 3.88  49.4 -0.393    18.86 20.73 02a57834o0557c   -0.954545        0
57838.492206 19.401649      NaN   -80.0    21 c    0   1.51 210.92213 54.31835   116.68   601.92 4.44 4.38 -73.8 -0.377    19.01 21.19 02a57838o0454c   -7.285714  8912896
57838.492735 19.401649      NaN    20.0    21 c    0   2.03 210.92213 54.31835  1478.64 10410.87 4.33 4.18  26.0 -0.383    19.04 21.20 02a57838o0455c   -2.523810  8916992
57838.494486 19.351140      NaN  -261.0    22 c    0   2.20 210.92213 54.31835  9032.55    77.98 4.03 3.88  39.3 -0.447    19.06 21.21 02a57838o0458c  -15.181818  8916992
57838.495005 19.401649      NaN  -159.0    21 c    0   2.26 210.92213 54.31835 10396.37  9890.25 4.46 4.08  80.9 -0.413    19.01 21.18 02a57838o0459c  -11.047619 12583168
57838.505700 19.351140      NaN   -86.0    22 c    0   1.96 210.92213 54.31835 10324.89  9815.07 4.42 4.10  82.0 -0.403    19.02 21.17 02a57838o0479c   -7.227273  8912896
57838.524714 19.510313      NaN  -174.0    19 c    0   1.46 210.92213 54.31835   175.23   518.72 4.25 4.18 -14.6 -0.373    19.03 21.14 02a57838o0515c  -13.000000  8916992
57838.528687 19.351140      NaN   -71.0    22 c    0   2.21 210.92213 54.31835  1527.57 10325.84 4.13 3.95  18.5 -0.401    19.04 21.15 02a57838o0522c   -6.545455 12583168
57838.541835 19.510313      NaN    37.0    19 c    0   2.55 210.92213 54.31835  1499.77 10388.38 4.23 3.75   9.2 -0.384    19.03 21.12 02a57838o0547c   -1.894737  8916992
57838.542881 19.401649      NaN   -45.0    21 c    0   1.66 210.92213 54.31835   141.78   574.27 4.09 3.98 -88.1 -0.398    19.06 21.09 02a57838o0549c   -5.619048  8388608
57842.515338 19.351140      NaN   -81.0    22 c    0   1.82 210.92213 54.31835  3822.94  6738.45 4.04 3.91  55.0 -0.397    18.98 21.04 02a57842o0427c   -7.000000  8912896
57842.526432 19.401649      NaN    11.0    21 c    0   2.05 210.92213 54.31835  3866.10  6814.12 4.26 4.09  67.0 -0.387    18.93 21.04 02a57842o0448c   -2.952381  8388608
57842.544005 19.401649      NaN   -50.0    21 c    0   1.81 210.92213 54.31835  3887.18  6693.88 4.12 3.96  75.5 -0.378    18.94 20.97 02a57842o0481c   -5.857143  8388608
57862.478560 19.454622      NaN   -61.0    20 c    0   1.41 210.92213 54.31835  3515.29  6970.27 3.82 3.70  86.0 -0.396    18.84 20.47 02a57862o0525c   -6.700000        0
57862.500554 19.401649      NaN   -45.0    21 c    0   1.35 210.92213 54.31835  3492.38  6930.31 3.78 3.66  86.6 -0.403    18.76 20.25 02a57862o0570c   -5.619048        0
57862.510937 19.454622      NaN  -141.0    20 c    0   1.36 210.92213 54.31835  3549.24  7005.99 3.72 3.61  84.7 -0.412    18.74 20.17 02a57862o0591c  -10.700000   528384
57862.522570 19.256669      NaN   -31.0    24 c    0   1.44 210.92213 54.31835  3573.20  6887.53 3.74 3.65  71.8 -0.402    18.68 20.07 02a57862o0615c   -4.333333        0
57862.530436 19.454622      NaN   -59.0    20 c    0   2.28 210.92213 54.31835  3540.10  6946.45 3.69 3.59  76.0 -0.414    18.67 20.02 02a57862o0631c   -6.600000   524288
57870.492158 19.868040 0.344258   114.0    13 c    0   5.37 210.92213 54.31835  1887.58  8614.59 2.43 2.28   7.4 -0.466    19.53 20.68 02a57870o0440c    3.153846  8388609
57870.509600 20.103715      NaN    -9.0    11 c    0   8.18 210.92213 54.31835  1864.41  8576.65 2.45 2.28   5.5 -0.462    19.48 20.63 02a57870o0473c   -7.454545  8388609
57870.517991 20.103715      NaN    50.0    11 c    0   5.47 210.92213 54.31835  1919.67  8648.62 2.46 2.31   6.9 -0.469    19.46 20.60 02a57870o0489c   -2.090909  8388609
57870.530201 20.103715      NaN   -67.0    11 c    0   6.55 210.92213 54.31835  1945.35  8531.09 2.48 2.35   1.1 -0.461    19.42 20.58 02a57870o0512c  -12.727273  8388609
57870.541671 20.321591      NaN   -44.0     9 c    0  10.26 210.92213 54.31835  1912.59  8588.79 2.47 2.35   0.4 -0.467    19.42 20.55 02a57870o0534c  -13.000000  8388609
57894.386745 19.841877      NaN    82.0    11 c    0   3.83 210.92213 54.31835  1310.57  9789.33 2.54 2.33 -11.7 -0.462    19.65 21.54 02a57894o0292c    0.818182        1
57894.416893 19.436675      NaN   101.0    11 c    0   2.86 210.92213 54.31835  1287.50  9748.58 2.60 2.36 -14.1 -0.467    19.81 21.74 02a57894o0349c    2.545455   532480
57894.419529 20.171596      NaN    74.0    10 c    0   5.10 210.92213 54.31835  1344.96  9820.84 2.58 2.37  -6.5 -0.466    19.78 21.70 02a57894o0354c    0.100000        1
57894.441778 20.207197      NaN    64.0    10 c    0   3.55 210.92213 54.31835  1359.45  9700.96 2.54 2.29  -7.7 -0.473    19.68 21.53 02a57894o0396c   -0.900000  4194561
57894.453543 19.894850 0.352864   113.0    13 c    0   3.84 210.92213 54.31835  1324.38  9760.13 2.53 2.30  -4.5 -0.473    19.49 21.27 02a57894o0418c    3.076923   524289
57898.389114 20.103715      NaN    21.0    11 c    0   3.98 210.92213 54.31835  1845.77  8739.45 2.66 2.37  -5.4 -0.481    19.73 21.69 02a57898o0138c   -4.727273  8388609
57898.398663 19.743105      NaN    83.0    12 c    0   7.36 210.92213 54.31835  1822.13  8699.45 2.48 2.29  -1.1 -0.503    19.78 21.72 02a57898o0156c    0.833333  8388609
57898.417223 20.207197      NaN   -43.0    10 c    0   5.94 210.92213 54.31835  1877.63  8773.28 2.59 2.34 -12.1 -0.486    19.75 21.68 02a57898o0191c  -11.600000  8388609
57898.437402 20.207197      NaN    20.0    10 c    0   9.44 210.92213 54.31835  1903.56  8652.54 2.46 2.25   1.8 -0.503    19.75 21.62 02a57898o0229c   -5.300000  8388609
57898.446924 20.103715      NaN   -71.0    11 c    0   5.56 210.92213 54.31835  1869.54  8710.02 2.67 2.48   1.4 -0.486    19.69 21.60 02a57898o0247c  -13.090909  8388609
57902.386132 20.207197      NaN    44.0    10 c    0   4.57 210.92213 54.31835  4368.92  7549.48 2.52 2.42  -3.5 -0.452    19.81 21.63 02a57902o0297c   -2.900000        1
57902.397408 20.009244      NaN    29.0    12 c    0   2.24 210.92213 54.31835  4358.40  7509.58 2.57 2.47  -9.0 -0.461    19.77 21.60 02a57902o0319c   -3.666667        0
57902.399963 20.103715      NaN    66.0    11 c    0   2.73 210.92213 54.31835  4405.29  7587.55 2.59 2.45  -2.5 -0.450    19.78 21.58 02a57902o0324c   -0.636364   524288
57902.422768 20.207197      NaN    13.0    10 c    0   2.54 210.92213 54.31835  4429.55  7468.48 2.56 2.44  -0.0 -0.464    19.79 21.63 02a57902o0368c   -6.000000     4096
57902.433611 19.922338      NaN    68.0    13 c    0   2.19 210.92213 54.31835  4394.41  7525.28 2.61 2.52  -1.7 -0.455    19.67 21.49 02a57902o0389c   -0.384615   524288
58020.235926 19.155932      NaN   104.0    16 c    0   3.68 210.92213 54.31835  3534.62  3786.29 2.41 2.31 -78.3 -0.409    19.28 20.64 02a58020o0006c    1.937500 12583169
58194.569176 19.922338      NaN    39.0    13 c    0   3.45 210.92213 54.31835  2255.14  8903.33 2.55 2.35  22.3 -0.453    19.73 21.58 02a58194o0731c   -2.615385  8388609
58194.580281 20.207197      NaN   -99.0    10 c    0   5.59 210.92213 54.31835  2230.89  8864.98 2.56 2.31  25.0 -0.453    19.75 21.58 02a58194o0749c  -17.200000  8388609
58194.590959 20.103715      NaN   -23.0    11 c    0   4.03 210.92213 54.31835  2280.74  8937.18 2.64 2.46  14.8 -0.445    19.72 21.58 02a58194o0768c   -8.727273  8388609
58194.602403 19.384550      NaN   101.0    12 c    0   5.27 210.92213 54.31835  2290.59  8818.22 2.42 2.21  17.3 -0.466    19.75 21.57 02a58194o0786c    2.333333  8388609
58196.529228 17.797727 0.192758   349.0    49 c    0   1.42 210.92213 54.31835  4951.16  3719.60 2.58 2.44  19.5 -0.397    17.79 19.73 02a58196o0652c    5.632653   532480
58196.535461 19.256669 0.165876   145.0    11 c    0   3.93 210.92213 54.31835  4919.84  3683.61 2.45 2.31  46.0 -0.411    19.80 21.89 02a58196o0663c    6.545455        1
58196.543979 17.751519      NaN  -773.0    96 c    0   3.39 210.92213 54.31835  4975.73  3758.81 2.44 2.34  37.7 -0.438    16.95 18.82 02a58196o0680c   -8.812500        1
58251.578978 20.009244      NaN    68.0    12 c    0   4.46 210.92213 54.31835  4119.63  3798.30 2.73 2.54 -52.9 -0.387    19.50 21.34 02a58251o0733c   -0.416667        1
58251.587115 20.009244      NaN    36.0    12 c    0   3.49 210.92213 54.31835  4118.90  3802.29 2.83 2.62 -51.2 -0.378    19.45 21.26 02a58251o0749c   -3.083333   524289
58251.594640 19.287255      NaN   107.0    12 c    0   2.26 210.92213 54.31835  4107.35  3805.89 2.68 2.55 -50.4 -0.388    19.43 21.20 02a58251o0764c    2.833333   532480
58251.602316 19.696897      NaN    59.0    16 c    0   1.83 210.92213 54.31835  4117.35  3808.62 3.00 2.79 -53.4 -0.380    19.28 21.09 02a58251o0779c   -0.875000   532480
58252.572007 19.287255      NaN   107.0    12 c    0   3.90 210.92213 54.31835  4119.10  3794.42 2.58 2.45 -49.8 -0.394    19.44 21.13 02a58252o0684c    2.833333        1
58252.582264 19.436675      NaN    98.0    12 c    0   2.97 210.92213 54.31835  4118.12  3799.66 2.51 2.40 -48.6 -0.402    19.46 21.08 02a58252o0703c    2.083333   532480
58252.589663 19.922338      NaN    32.0    13 c    0   3.57 210.92213 54.31835  4106.37  3802.97 2.54 2.45 -46.7 -0.398    19.40 21.05 02a58252o0718c   -3.153846        1
58252.598499 19.841877      NaN   -37.0    14 c    0   4.08 210.92213 54.31835  4117.50  3806.01 2.49 2.39 -53.0 -0.397    19.37 20.99 02a58252o0735c   -7.857143        1
58256.417856 17.000830 0.117071   648.0    62 c    0  17.40 210.92213 54.31835  3188.95  5391.65 2.37 2.34 -15.0 -0.425    19.82 21.77 02a58256o0256c    9.274194  8388609
58256.432475 20.207197      NaN    -8.0    10 c    0   5.22 210.92213 54.31835  3166.94  5351.18 2.41 2.41  18.4 -0.425    19.76 21.79 02a58256o0287c   -8.100000 12583169
58256.449876 19.719755      NaN    87.0    11 c    0   6.39 210.92213 54.31835  3223.01  5427.28 2.34 2.31  10.9 -0.431    19.80 21.75 02a58256o0324c    1.272727  8388609
58256.458792 20.207197      NaN    41.0    10 c    0   6.40 210.92213 54.31835  3246.91  5308.14 2.38 2.29  39.4 -0.425    19.79 21.74 02a58256o0343c   -3.200000  8912897
58280.393689 19.226921 0.161393   147.0    11 c    0   3.26 210.92213 54.31835  5352.53  4911.73 2.45 2.41 -68.7 -0.419    19.75 21.71 02a58280o0323c    6.727273  8388609
58280.407270 19.841877 0.310210   115.0    12 c    0   4.31 210.92213 54.31835  5342.23  4875.62 2.52 2.51  53.3 -0.412    19.67 21.62 02a58280o0352c    3.500000  8388609
58280.414598 19.841877      NaN   -24.0    14 c    0   3.68 210.92213 54.31835  5397.57  4949.40 2.44 2.41  53.5 -0.422    19.45 21.31 02a58280o0368c   -6.928571  8388609
58280.424534 20.009244      NaN   -10.0    12 c    0   3.80 210.92213 54.31835  5408.72  4837.06 2.42 2.38  53.1 -0.418    19.72 21.59 02a58280o0389c   -6.916667  8388609
58284.387122 19.841877      NaN   -32.0    14 c    0   3.53 210.92213 54.31835  2826.05  5663.02 2.36 2.29   0.6 -0.420    19.59 21.41 02a58284o0307c   -7.500000  8388609
58284.391741 20.103715      NaN    47.0    11 c    0   4.01 210.92213 54.31835  2800.50  5624.48 2.35 2.28   3.9 -0.422    19.62 21.46 02a58284o0317c   -2.363636  8388609
58284.403480 20.321591      NaN   -71.0     9 c    0   6.27 210.92213 54.31835  2859.01  5701.98 2.40 2.34  20.3 -0.428    19.67 21.53 02a58284o0342c  -16.000000  8388609
58284.411716 20.103715      NaN    26.0    11 c    0   3.35 210.92213 54.31835  2880.32  5581.39 2.44 2.38  21.6 -0.431    19.70 21.54 02a58284o0360c   -4.272727  8388609
58308.365311 19.841877      NaN    88.0     9 c    0   3.18 210.92213 54.31835  5564.16  3931.90 2.75 2.47 -51.1 -0.410    19.67 21.59 02a58308o0015c    1.666667 12583169
58308.374538 20.009244      NaN     5.0    12 c    0   3.37 210.92213 54.31835  5585.58  3813.41 2.67 2.48 -51.9 -0.409    19.64 21.54 02a58308o0035c   -5.666667  8388609
58312.333401 20.103715      NaN    38.0    11 c    0   3.81 210.92213 54.31835  5115.18  3970.76 2.52 2.35 -53.6 -0.416    19.75 21.63 02a58312o0193c   -3.181818  8388609
58312.339561 19.696897      NaN    88.0    11 c    0   3.40 210.92213 54.31835  5089.98  3930.42 2.69 2.42 -54.6 -0.407    19.71 21.63 02a58312o0206c    1.363636  8388609
58312.349040 20.449472      NaN  -161.0     8 c    0  15.96 210.92213 54.31835  5147.34  4007.08 2.58 2.48 -50.7 -0.410    19.67 21.61 02a58312o0226c  -29.250000  8388609
58312.361108 20.103715      NaN    61.0    11 c    0   3.29 210.92213 54.31835  5169.55  3889.65 2.53 2.47 -49.8 -0.408    19.68 21.58 02a58312o0252c   -1.090909  8388609
58316.328042 19.841877      NaN    41.0    14 c    0   1.95 210.92213 54.31835  3254.67  3451.27 3.09 2.96 -61.8 -0.381    19.36 21.19 02a58316o0183c   -2.285714   532480
58316.337992 19.529530      NaN    87.0    14 c    0   1.79 210.92213 54.31835  3243.66  3410.22 3.04 3.00  68.5 -0.365    19.34 21.27 02a58316o0204c    1.000000   532480
58316.346903 20.103715      NaN   -37.0    11 c    0   6.48 210.92213 54.31835  3299.22  3485.63 2.82 2.80  34.4 -0.379    19.44 21.34 02a58316o0223c  -10.000000        1
58316.359453 20.103715      NaN  -201.0    11 c    0   3.33 210.92213 54.31835  3321.24  3368.21 3.39 3.33 -52.5 -0.358    19.31 21.41 02a58316o0250c  -24.909091   524289
58344.281357 19.436675 0.213587   134.0    12 c    0   3.79 210.92213 54.31835  3974.05  2695.54 2.61 2.40 -55.0 -0.387    19.46 21.13 02a58344o0108c    5.083333        1
58344.290487 19.609992 0.313193   125.0    15 c    0   2.94 210.92213 54.31835  3962.94  2656.26 2.74 2.55 -63.0 -0.394    19.41 21.10 02a58344o0127c    3.466667   532480
58344.299671 19.766969      NaN   -99.0    15 c    0   6.32 210.92213 54.31835  4019.26  2732.20 2.67 2.48 -55.5 -0.385    19.08 20.79 02a58344o0146c  -11.466667        1
58344.308612 19.318728 0.207567   141.0    13 c    0   5.05 210.92213 54.31835  4040.93  2609.99 2.62 2.50 -51.9 -0.392    19.43 21.14 02a58344o0165c    5.230769        1
58376.224249 18.511660      NaN   141.0    25 c    0   1.96 210.92213 54.31835  5657.04  2184.68 2.62 2.39 -58.5 -0.397    18.75 19.69 02a58376o0028c    2.720000   532480
58376.230043 19.038793      NaN   101.0    20 c    0   3.30 210.92213 54.31835  5645.37  2144.83 2.56 2.41 -63.9 -0.391    18.99 20.12 02a58376o0040c    1.400000        1
58376.238331 18.857417 0.208795   177.0    20 c    0   2.49 210.92213 54.31835  5700.27  2247.23 2.68 2.50 -61.0 -0.388    19.11 20.35 02a58376o0057c    5.200000  4195840
58376.247461 19.696897      NaN   -33.0    16 c    0   3.31 210.92213 54.31835  5723.59  2120.74 2.89 2.78 -67.7 -0.379    19.00 20.36 02a58376o0076c   -6.625000        1
58520.663770 20.207197      NaN     0.0    10 c    0   4.65 210.92213 54.31835  4391.21  7851.59 2.59 2.36  19.1 -0.464    19.68 21.60 02a58520o0274c   -6.200000        1
58520.673685 18.816441      NaN    -7.0    36 c    0   1.61 210.92213 54.31835  4365.62  7811.78 2.64 2.45  19.7 -0.473    18.45 19.41 02a58520o0295c   -1.916667     8192
58576.556729 19.922338      NaN   -20.0    13 c    0  13.15 210.92213 54.31835  7696.89   115.28 2.48 2.10 -60.0 -0.405    19.78 21.80 02a58576o0718c   -6.307692  8912897
58576.558102 20.321591      NaN   -22.0     9 c    0   4.77 210.92213 54.31835  7963.88  9852.31 2.67 2.50 -64.5 -0.402    19.80 21.82 02a58576o0721c   -9.333333  8388609
58576.570795 20.207197      NaN    12.0    10 c    0   3.35 210.92213 54.31835  7939.51  9811.24 2.75 2.52 -54.4 -0.415    19.76 21.80 02a58576o0748c   -5.000000  8388609
58576.571708 20.009244      NaN   -54.0    12 c    0  13.61 210.92213 54.31835  7673.60    73.60 2.54 2.17 -54.5 -0.395    19.74 21.77 02a58576o0750c   -9.666667  8388609
58576.577207 19.384550      NaN    81.0    15 c    0   5.12 210.92213 54.31835  7739.09   153.41 2.56 2.18 -55.4 -0.421    19.76 21.75 02a58576o0762c    1.266667  8388609
58576.578589 20.207197      NaN  -137.0    10 c    0   5.37 210.92213 54.31835  7994.61  9891.97 2.83 2.48 -54.1 -0.409    19.73 21.78 02a58576o0765c  -19.900000  8388609
58576.591620 20.103715      NaN   -94.0    11 c    0   4.76 210.92213 54.31835  8015.18  9774.75 2.90 2.51 -53.5 -0.401    19.67 21.74 02a58576o0792c  -14.181818  8388609
58580.533459 20.321591      NaN   -90.0     9 c    0   9.15 210.92213 54.31835  7576.03  7889.13 2.64 2.49  45.0 -0.407    19.60 21.43 02a58580o0667c  -16.888889  8912897
58580.553444 20.103715      NaN     4.0    11 c    0   6.69 210.92213 54.31835  7608.96  7927.33 2.56 2.54  81.7 -0.405    19.66 21.40 02a58580o0709c   -5.272727  8388609
58580.565220 20.207197      NaN   -89.0    10 c    0   5.75 210.92213 54.31835  7630.06  7809.53 2.60 2.53  67.6 -0.409    19.59 21.37 02a58580o0734c  -15.100000  8388609
58604.470220 19.743105      NaN    78.0    10 c    0   4.49 210.92213 54.31835  7302.26  4008.78 2.38 2.30  44.5 -0.399    19.60 21.61 02a58604o0438c    1.600000  8388609
58604.485174 20.207197      NaN    -4.0    10 c    0   4.33 210.92213 54.31835  7279.15  3969.50 2.37 2.30 -64.8 -0.409    19.59 21.62 02a58604o0470c   -6.600000  8388609
58604.494705 20.103715      NaN    18.0    11 c    0   4.36 210.92213 54.31835  7332.85  4044.51 2.41 2.37  48.6 -0.404    19.60 21.58 02a58604o0490c   -4.000000  8388609
58604.501777 20.103715      NaN   -43.0    11 c    0   4.48 210.92213 54.31835  7355.32  3930.89 2.48 2.38 -61.6 -0.399    19.53 21.55 02a58604o0505c   -9.545455  8388609
58612.399959 20.207197      NaN   -62.0    10 c    0   6.55 210.92213 54.31835  9071.54  6904.35 2.56 2.46  58.4 -0.420    19.76 21.60 02a58612o0365c  -12.400000  8388609
58612.401822 20.103715      NaN   -56.0    11 c    0   3.67 210.92213 54.31835  9051.85  6864.63 2.56 2.46  57.3 -0.404    19.79 21.60 02a58612o0369c  -10.727273  8388609
58612.407474 20.103715      NaN   -29.0    11 c    0   5.26 210.92213 54.31835  9108.02  6944.33 2.57 2.49  79.2 -0.418    19.76 21.61 02a58612o0381c   -8.272727  8388609
58612.432540 20.103715      NaN   -96.0    11 c    0   7.26 210.92213 54.31835  9117.64  6826.82 2.59 2.47  47.8 -0.461    19.78 21.63 02a58612o0433c  -14.363636  8388609
58636.335628 20.103715      NaN    -4.0    11 c    0   4.43 210.92213 54.31835  1837.76  7468.17 2.48 2.37 -15.4 -0.428    19.71 21.76 02a58636o0227c   -6.000000  8388609
58636.341238 20.207197      NaN    55.0    10 c    0   8.65 210.92213 54.31835  8741.51  3063.80 2.37 2.27 -64.1 -0.421    19.80 21.76 02a58636o0239c   -0.700000  8388609
58636.347261 20.103715      NaN   -10.0    11 c    0   4.64 210.92213 54.31835  8805.64  3153.21 2.44 2.25 -62.3 -0.410    19.80 21.77 02a58636o0252c   -6.545455  8388609
58636.365477 20.103715      NaN    38.0    11 c    0   6.37 210.92213 54.31835  8820.03  3033.70 2.46 2.25 -63.6 -0.413    19.75 21.70 02a58636o0291c   -2.181818  8388609
58664.300439 19.002397 0.131243   153.0    11 c    0   8.69 210.92213 54.31835  2483.50  1223.19 2.38 2.29 -65.3 -0.432    19.78 21.60 02a58664o0137c    8.272727  8912897
58664.303183 19.472870 0.239230   121.0    13 c    0   5.27 210.92213 54.31835  2462.48  1184.29 2.42 2.27 -59.7 -0.420    19.81 21.61 02a58664o0143c    4.538462  8388609
58664.308728 20.207197      NaN    13.0    10 c    0  13.15 210.92213 54.31835  2520.14  1258.00 2.35 2.28 -78.0 -0.405    19.80 21.64 02a58664o0155c   -4.900000  8388609
58664.318819 20.449472      NaN   -92.0     8 c    0  11.86 210.92213 54.31835  2540.71  1140.01 2.35 2.24 -75.2 -0.431    19.82 21.68 02a58664o0177c  -19.250000  8388609
58668.360430 19.549093      NaN    81.0    12 c    0   4.43 210.92213 54.31835  6961.18  4792.43 2.58 2.30  40.6 -0.393    19.70 21.53 02a58668o0259c    1.583333  8388609
58668.363476 19.922338      NaN    20.0    13 c    0  10.75 210.92213 54.31835  6941.57  4752.21 2.61 2.25  40.6 -0.578    19.74 21.50 02a58668o0265c   -3.230769  8388609
58668.370013 19.719755 0.323411   109.0    14 c    0   4.95 210.92213 54.31835  6996.95  4828.49 2.68 2.25  39.4 -0.390    19.70 21.46 02a58668o0279c    3.357143  8388609
58668.381748 20.009244      NaN     5.0    12 c    0   7.20 210.92213 54.31835  7016.19  4710.28 2.56 2.27  38.0 -0.388    19.72 21.46 02a58668o0304c   -4.750000  8388609
58692.299708 20.207197      NaN   -35.0    10 c    0   5.02 210.92213 54.31835  8866.40  5236.50 2.65 2.49  41.5 -0.392    19.68 21.66 02a58692o0140c   -9.700000  8388609
58692.302589 20.207197      NaN    42.0    10 c    0   6.76 210.92213 54.31835  8846.19  5196.45 2.65 2.45  38.1 -0.389    19.70 21.66 02a58692o0146c   -2.000000  8388609
58692.308687 20.207197      NaN  -186.0    10 c    0   8.71 210.92213 54.31835  8901.80  5275.98 2.53 2.46  53.2 -0.394    19.67 21.63 02a58692o0157c  -24.800000  8388609
58692.318540 20.009244      NaN    24.0    12 c    0   4.10 210.92213 54.31835  8920.33  5159.55 2.56 2.44  41.4 -0.392    19.70 21.60 02a58692o0178c   -3.166667  8388609
58696.259275 20.207197      NaN   -81.0    10 c    0   4.42 210.92213 54.31835  8872.85  5239.66 2.77 2.47 -64.3 -0.398    19.61 21.39 02a58696o0060c  -14.300000  8388609
58696.263160 20.321591      NaN  -194.0     9 c    0  13.28 210.92213 54.31835  8851.99  5199.24 2.89 2.48 -64.6 -0.397    19.64 21.51 02a58696o0068c  -28.444444  8388609
58696.268990 20.207197      NaN   -51.0    10 c    0   3.75 210.92213 54.31835  8908.81  5279.27 2.87 2.52 -64.1 -0.401    19.66 21.57 02a58696o0080c  -11.300000  8388609
58696.279054 19.922338      NaN   -33.0    13 c    0   4.43 210.92213 54.31835  8924.74  5169.64 2.99 2.55 -63.8 -0.397    19.61 21.57 02a58696o0101c   -7.307692  8388609
58700.300639 19.922338      NaN  -141.0    13 c    0   4.70 210.92213 54.31835  3331.12  7112.15 2.45 2.42   4.8 -0.386    19.55 21.20 02a58700o0151c  -15.615385  8388609
58700.303953 19.922338      NaN   -54.0    13 c    0   3.10 210.92213 54.31835  3312.42  7072.13 2.38 2.34  -2.6 -0.391    19.59 21.19 02a58700o0158c   -8.923077  8388609
58700.310446 19.841877      NaN     3.0    14 c    0   4.82 210.92213 54.31835  3368.46  7150.12 2.47 2.37  26.1 -0.380    19.54 21.19 02a58700o0172c   -4.214286  8388609
58700.320640 20.009244      NaN   -52.0    12 c    0   5.01 210.92213 54.31835  3388.19  7031.18 2.44 2.40  -1.7 -0.390    19.55 21.17 02a58700o0194c   -9.500000  8388609
58708.299948 18.786693      NaN  -118.0    37 c    0   1.58 210.92213 54.31835  4753.86  3221.82 2.88 2.31  41.6 -0.386    18.22 19.07 02a58708o0161c   -4.864865  8916992
58708.302750 18.255804      NaN   105.0    46 c    0   1.36 210.92213 54.31835  4732.81  3183.18 2.82 2.29  42.4 -0.399    18.06 18.90 02a58708o0167c    0.934783  8388608
58708.309789 18.757738      NaN   -53.0    38 c    0   1.33 210.92213 54.31835  4792.67  3262.17 2.95 2.35  42.2 -0.375    17.75 18.71 02a58708o0182c   -3.026316  8388608
58708.319771 18.323878      NaN   100.0    44 c    0   0.90 210.92213 54.31835  4814.05  3143.61 2.72 2.33  39.4 -0.400    18.16 18.98 02a58708o0203c    0.863636  8388608
58724.254212 19.841877      NaN    68.0    12 c    0   4.28 210.92213 54.31835  5025.40  4864.32 2.75 2.32  34.2 -0.404    19.58 21.32 02a58724o0081c    0.500000        1
58724.257423 20.103715      NaN   -25.0    11 c    0   5.13 210.92213 54.31835  5006.91  4826.08 2.64 2.29  38.4 -0.401    19.54 21.31 02a58724o0088c   -7.909091        1
58724.263511 19.922338      NaN    -3.0    13 c    0   2.92 210.92213 54.31835  5062.03  4901.92 2.76 2.32  36.7 -0.393    19.50 21.30 02a58724o0101c   -5.000000     8192
58724.275107 19.510313      NaN    74.0    15 c    0   7.08 210.92213 54.31835  5082.86  4788.25 2.72 2.32  36.3 -0.394    19.49 21.25 02a58724o0126c    0.800000        1
58872.552407 20.103715      NaN    22.0    11 c    0   4.27 210.92213 54.31835  3608.21  5781.67 2.53 2.32  43.9 -0.392    19.85 22.00 02a58872o0760c   -3.636364  8388609
58872.555279 20.207197      NaN     9.0    10 c    0   5.38 210.92213 54.31835  3630.27  5819.49 2.36 2.33 -56.7 -0.411    19.81 21.99 02a58872o0766c   -5.300000  8388609
58872.561131 19.766969      NaN    71.0    12 c    0   3.73 210.92213 54.31835  3572.77  5740.33 2.35 2.31 -49.3 -0.410    19.84 21.99 02a58872o0778c    0.750000 12583169
58872.571799 20.321591      NaN   -63.0     9 c    0   9.43 210.92213 54.31835  3542.21  5860.83 2.52 2.31  40.8 -0.394    19.84 22.02 02a58872o0799c  -13.888889  8388609
58876.651589 20.103715      NaN    34.0    11 c    0   4.79 210.92213 54.31835  1969.25  9628.28 2.41 2.33 -37.8 -0.427    19.70 21.82 02a58876o0927c   -2.545455   524289
58876.655266 19.766969      NaN    53.0    15 c    0   3.29 210.92213 54.31835  1988.42  9667.12 2.50 2.37 -43.2 -0.418    19.31 21.31 02a58876o0935c   -0.600000        1
58876.662978 19.631075      NaN    62.0    17 c    0   2.30 210.92213 54.31835  1930.77  9588.11 2.45 2.31 -39.4 -0.420    19.30 21.14 02a58876o0951c    0.000000   532480
58876.669196 18.910912      NaN    68.0    31 c    0   2.42 210.92213 54.31835  1909.73  9704.59 2.46 2.31 -35.1 -0.427    18.50 19.82 02a58876o0963c    0.193548   532480
58884.593779 20.207197      NaN   -44.5    10 c    0   6.83 210.92213 54.31835  5096.48  1933.14 2.49 2.27  50.5 -0.395    19.82 21.99 02a58884o0827c   -6.300000  8388609
58884.596741 20.321591      NaN  -103.5     9 c    0   5.44 210.92213 54.31835  5121.22  1968.59 2.44 2.20 -61.4 -0.403    19.85 21.98 02a58884o0833c  -13.555556  8912897
58884.605408 20.449472      NaN  -134.5     8 c    0   8.91 210.92213 54.31835  5066.05  1892.21 2.47 2.26 -62.8 -0.402    19.81 21.98 02a58884o0851c  -19.125000  8388609
58884.615927 20.594452      NaN  -161.5     7 c    0   9.43 210.92213 54.31835  5044.43  2011.01 2.42 2.26  52.7 -0.400    19.81 21.99 02a58884o0873c  -25.714286  8388609
58900.591861 20.207197      NaN   -62.5    10 c    0   8.88 210.92213 54.31835  7257.63  3471.53 2.54 2.48  71.7 -0.387    19.55 21.59 02a58900o0772c   -8.100000        1
58900.593725 19.922338      NaN   -17.5    13 c    0   5.75 210.92213 54.31835  7279.63  3503.32 2.57 2.43 -67.7 -0.390    19.32 21.32 02a58900o0776c   -2.769231        1
58900.597390 19.696897      NaN   -25.5    16 c    0   2.59 210.92213 54.31835  7221.64  3431.73 2.88 2.78 -67.4 -0.394    19.29 21.41 02a58900o0783c   -2.750000     8192
58900.608099 20.103715      NaN   -46.5    11 c    0   4.38 210.92213 54.31835  3383.15  7032.78 2.76 2.65 -56.3 -0.386    19.52 21.66 02a58900o0803c   -5.909091        1
58932.513609 20.009244      NaN   -53.5    12 c    0   7.48 210.92213 54.31835  3612.35  8767.05 2.67 2.33 -51.9 -0.412    19.73 21.71 02a58932o0633c   -6.000000  8912897
58932.516828 20.009244      NaN   -41.5    12 c    0   6.29 210.92213 54.31835  3593.52  8727.65 2.70 2.37 -52.4 -0.412    19.70 21.70 02a58932o0640c   -5.000000  8388609
58932.522331 20.103715      NaN   -67.5    11 c    0   4.82 210.92213 54.31835  3648.29  8803.37 2.66 2.29 -51.7 -0.416    19.71 21.69 02a58932o0652c   -7.818182  8388609
58932.532128 20.103715      NaN   -40.5    11 c    0   5.80 210.92213 54.31835  3666.86  8686.17 2.65 2.33 -52.4 -0.413    19.72 21.67 02a58932o0673c   -5.363636  8388609
58956.480280 19.841877 0.284359    60.5    11 c    0   6.48 210.92213 54.31835   383.02  1419.09 2.72 2.33 -57.6 -0.410    19.70 21.69 02a58956o0530c    3.818182  8388609
58956.483493 19.766969 0.217147    63.5     9 c    0  10.39 210.92213 54.31835   362.46  1380.23 2.74 2.36 -59.2 -0.412    19.68 21.70 02a58956o0537c    5.000000  8388609
58956.489223 19.743105      NaN    31.5    11 c    0   3.46 210.92213 54.31835   422.26  1449.84 2.73 2.35 -57.8 -0.413    19.70 21.68 02a58956o0549c    1.181818  8388609
58956.499532 20.039830 0.310210    53.5    10 c    0   6.34 210.92213 54.31835   442.22  1328.62 2.77 2.39 -59.4 -0.415    19.66 21.63 02a58956o0570c    3.500000  8388609
58960.425104 19.743105      NaN    25.5    13 c    0   5.85 210.92213 54.31835 10204.77  9158.44 2.96 2.81  45.3 -0.373    19.66 21.55 02a58960o0416c    0.538462  8388609
58960.428590 19.367717 0.217147    83.5    13 c    0   6.04 210.92213 54.31835   354.41  1383.92 2.56 2.33 -59.0 -0.412    19.70 21.56 02a58960o0423c    5.000000  8388609
58960.434799 18.878500 0.138378   120.5    13 c    0   5.76 210.92213 54.31835   415.06  1454.49 2.48 2.33 -57.4 -0.416    19.72 21.56 02a58960o0436c    7.846154  8388609
58960.471580 19.950541      NaN    20.5    12 c    0   8.46 210.92213 54.31835   440.54  1331.03 2.37 2.29  76.0 -0.421    19.72 21.63 02a58960o0459c    0.166667  8388609
58964.430982 19.212347      NaN    -1.5    25 c    0   2.37 210.92213 54.31835  7116.96  6925.20 2.52 2.46 -81.9 -0.404    18.74 20.40 02a58964o0427c   -0.800000  8388608
58964.434180 18.120615      NaN   103.5    40 c    0   1.56 210.92213 54.31835  7098.27  6885.63 2.54 2.51  85.5 -0.397    18.18 19.79 02a58964o0434c    2.125000  8388608
58964.440185 19.631075      NaN  -119.5    17 c    0   2.13 210.92213 54.31835  7154.46  6965.09 2.64 2.59 -70.2 -0.392    19.01 20.86 02a58964o0447c   -8.117647  8916992
58964.475522 20.207197      NaN   -52.5    10 c    0   3.93 210.92213 54.31835  7170.10  6849.72 2.63 2.56  42.2 -0.395    19.59 21.44 02a58964o0523c   -7.100000  8388609
58984.385056 20.207197      NaN   -58.5    10 c    0  17.91 210.92213 54.31835  1450.18  6802.81 2.37 2.24  10.7 -0.405    19.75 21.72 02a58984o0250c   -7.700000  8388609
58984.388259 20.103715      NaN     0.5    11 c    0  11.38 210.92213 54.31835  1431.83  6762.07 2.38 2.20 -51.1 -0.415    19.79 21.70 02a58984o0257c   -1.636364  8388609
58984.393747 20.207197      NaN   -23.5    10 c    0  12.91 210.92213 54.31835  1489.60  6838.90 2.38 2.20 -48.3 -0.421    19.78 21.71 02a58984o0269c   -4.200000  8388609
58984.404468 19.436675 0.213587    79.5    12 c    0   7.19 210.92213 54.31835  1514.94  6721.21 2.37 2.20 -46.0 -0.416    19.79 21.73 02a58984o0290c    5.083333  8388609
58988.407142 19.979496      NaN    25.5    10 c    0   6.60 210.92213 54.31835  6716.00  3137.15 2.59 2.29  35.4 -0.390    19.71 21.63 02a58988o0375c    0.700000  8388609
58988.410344 18.836735 0.122914   124.5    12 c    0   4.24 210.92213 54.31835  6698.74  3098.52 2.44 2.34  34.8 -0.395    19.73 21.61 02a58988o0382c    8.833333  8388609
58988.415874 19.436675      NaN    46.5    11 c    0   5.82 210.92213 54.31835  6756.40  3175.13 2.45 2.31  38.3 -0.394    19.70 21.59 02a58988o0394c    2.545455  8388609
58988.427368 20.207197      NaN   -12.5    10 c    0   5.83 210.92213 54.31835  6780.95  3062.15 2.36 2.34  78.2 -0.396    19.72 21.59 02a58988o0419c   -3.100000  8388609
58992.358373 19.169763 0.153117    96.5    11 c    0   3.71 210.92213 54.31835  6722.39  3144.51 2.63 2.41  33.3 -0.390    19.73 21.75 02a58992o0269c    7.090909  8388609
58992.361575 19.271854 0.168213    89.5    11 c    0   5.01 210.92213 54.31835  6702.47  3104.64 2.55 2.36  32.6 -0.393    19.72 21.74 02a58992o0276c    6.454545  8388609
58992.367526 19.894850 0.325721    58.5    12 c    0   3.90 210.92213 54.31835  6760.91  3182.24 2.59 2.39  31.5 -0.387    19.74 21.75 02a58992o0289c    3.333333  8388609
58992.401785 20.009244      NaN     9.5    12 c    0   6.33 210.92213 54.31835  6777.63  3063.18 2.64 2.38  29.0 -0.385    19.70 21.75 02a58992o0362c   -0.750000  8388609
59011.354173 20.207197      NaN     6.5    10 c    0   2.83 210.92213 54.31835  9023.64  6899.71 3.00 2.95  56.7 -0.382    19.64 21.96 02a59011o0241c   -1.200000  8392704
59011.357398 19.922338      NaN   -94.5    13 c    0   2.22 210.92213 54.31835  9002.13  6854.09 2.93 2.86  55.6 -0.383    19.67 21.95 02a59011o0248c   -8.692308  8912896
59011.363858 20.321591      NaN   -62.5     9 c    0   4.34 210.92213 54.31835  9058.76  6935.21 2.94 2.90  48.7 -0.384    19.68 21.95 02a59011o0262c   -9.000000  8388609
59011.384568 20.009244      NaN   -56.5    12 c    0   2.85 210.92213 54.31835  9070.59  6816.60 3.91 3.56  31.2 -0.330    19.44 21.95 02a59011o0306c   -6.250000  8912896
59015.333919 20.207197      NaN     5.5    10 c    0   3.54 210.92213 54.31835  9022.80  6894.23 2.65 2.57  57.8 -0.399    19.78 21.91 02a59015o0200c   -1.300000  8388609
59015.337583 20.103715      NaN   -10.5    11 c    0   4.61 210.92213 54.31835  9004.01  6853.34 2.63 2.55  63.7 -0.398    19.79 21.90 02a59015o0208c   -2.636364  8388609
59015.343104 20.103715      NaN  -119.5    11 c    0   6.50 210.92213 54.31835  9057.75  6934.23 2.76 2.45  36.0 -0.390    19.78 21.90 02a59015o0220c  -12.545455  8388609
59015.354141 20.103715      NaN   -26.5    11 c    0   3.02 210.92213 54.31835  9076.84  6819.63 2.69 2.59  67.7 -0.396    19.76 21.87 02a59015o0244c   -4.090909  8388609
59020.330908 19.631075      NaN    39.5    10 c    0   8.30 210.92213 54.31835  6552.00   995.23 2.45 2.32 -69.6 -0.404    19.50 21.38 02a59020o0132c    2.100000  8388609
59020.334109 20.321591      NaN    13.5     9 c    0   5.73 210.92213 54.31835  6531.44   955.00 2.44 2.30 -64.1 -0.401    19.75 21.74 02a59020o0139c   -0.555556  8388609
59020.341236 20.207197      NaN  -110.5    10 c    0   3.52 210.92213 54.31835  6591.15  1035.87 2.54 2.42  87.1 -0.392    19.60 21.65 02a59020o0154c  -12.900000  8388609
59020.352367 19.089302      NaN    54.5    16 c    0   3.85 210.92213 54.31835  6610.15   912.62 2.36 2.31 -85.2 -0.405    19.43 21.35 02a59020o0178c    2.250000  8388609
59040.285251 19.472870      NaN    41.5    12 c    0   6.55 210.92213 54.31835  8724.44  3107.97 2.87 2.73 -62.1 -0.377    19.58 21.62 02a59040o0091c    1.916667        1
59040.288469 19.841877      NaN    27.5    11 c    0   4.38 210.92213 54.31835  8704.72  3067.87 2.82 2.71 -57.9 -0.372    19.58 21.62 02a59040o0098c    0.818182        1
59040.295427 19.367717 0.167036    83.5    10 c    0   3.78 210.92213 54.31835  8764.14  3145.47 2.74 2.65 -60.1 -0.378    19.70 21.65 02a59040o0113c    6.500000        1
59040.306084 20.103715      NaN    -0.5    11 c    0   2.68 210.92213 54.31835  8785.49  3027.71 2.80 2.70  40.8 -0.379    19.65 21.66 02a59040o0136c   -1.727273     8192
59044.317072 20.207197      NaN   -42.5    10 c    0  12.55 210.92213 54.31835   777.31  3040.25 2.48 2.27 -55.5 -0.400    19.71 21.76 02a59044o0158c   -6.100000  8388609
59044.320832 20.321591      NaN   -54.5     9 c    0  13.39 210.92213 54.31835   755.65  3000.20 2.53 2.34 -61.2 -0.401    19.68 21.77 02a59044o0166c   -8.111111 12583169
59044.327714 19.419021      NaN    47.5    11 c    0   6.76 210.92213 54.31835   818.22  3078.32 2.61 2.46 -60.4 -0.404    19.62 21.76 02a59044o0181c    2.636364  8388609
59044.337475 18.921935 0.121868   116.5    11 c    0   7.96 210.92213 54.31835   841.35  2957.93 2.75 2.44 -57.4 -0.396    19.60 21.71 02a59044o0202c    8.909091  8388609
59048.285981 20.103715      NaN     5.5    11 c    0   6.54 210.92213 54.31835   783.54  3044.61 2.55 2.35  33.6 -0.395    19.64 21.53 02a59048o0095c   -1.181818  8388609
59048.290126 19.226921      NaN    53.5    13 c    0   4.96 210.92213 54.31835   762.77  3005.94 2.65 2.36  36.3 -0.388    19.44 21.30 02a59048o0104c    2.692308  8388609
59048.296595 19.419021 0.227654    80.5    13 c    0   6.56 210.92213 54.31835   821.75  3079.35 2.56 2.32  35.5 -0.393    19.57 21.51 02a59048o0118c    4.769231  8388609
59048.308077 19.743105      NaN    31.5    11 c    0   7.42 210.92213 54.31835   845.57  2959.81 2.36 2.33  14.6 -0.405    19.68 21.65 02a59048o0143c    1.181818  8388609
59108.240914 19.950541      NaN    23.5    11 c    0   7.33 210.92213 54.31835  4742.80  3213.42 2.37 2.34  60.4 -0.401    19.32 20.86 02a59108o0046c    0.454545  8388609
59108.246004 19.256669 0.241275    90.5    16 c    0   3.89 210.92213 54.31835  4722.50  3186.52 2.56 2.39  37.5 -0.392    19.27 20.84 02a59108o0057c    4.500000  8388609
59108.250126 19.256669      NaN    48.5    14 c    0   3.56 210.92213 54.31835  4782.07  3257.77 2.42 2.39  51.1 -0.395    19.30 20.84 02a59108o0066c    2.142857  8388609
59108.260706 19.696897      NaN     5.5    16 c    0   4.19 210.92213 54.31835  4801.53  3147.65 2.62 2.44 -52.2 -0.395    19.22 20.80 02a59108o0089c   -0.812500  8388609
59206.608827 19.868040      NaN    23.5    12 c    0  10.38 210.92213 54.31835  4754.16  3200.99 2.53 2.47 -30.8 -0.370    19.71 21.84 01a59206o0880c    0.416667  8388609
59206.612058 19.226921 0.161393    92.5    11 c    0  11.61 210.92213 54.31835  4732.23  3166.11 2.57 2.51 -32.4 -0.367    19.69 21.85 01a59206o0887c    6.727273  8388609
59206.617585 19.063754 0.151498   104.5    12 c    0   6.71 210.92213 54.31835  4793.38  3242.52 2.73 2.64  -7.9 -0.359    19.62 21.85 01a59206o0899c    7.166667  8388609
59206.631405 18.967180 0.138605   112.5    12 c    0   5.89 210.92213 54.31835  4811.77  3130.69 2.76 2.58  21.5 -0.358    19.63 21.85 01a59206o0929c    7.833333  8388609
59208.639885 20.009244      NaN  -129.5    12 c    0   7.58 210.92213 54.31835  8810.34  1643.21 2.61 2.32 -54.2 -0.407    19.68 21.64 02a59208o0962c  -12.333333  8388609
59208.650450 20.321591      NaN   -49.5     9 c    0   8.76 210.92213 54.31835  8830.70  1682.19 2.62 2.33 -53.8 -0.404    19.70 21.65 02a59208o0985c   -7.555556  8388609
59208.655955 20.207197      NaN  -222.5    10 c    0  15.83 210.92213 54.31835  8776.15  1608.90 2.58 2.31 -55.2 -0.401    19.67 21.61 02a59208o0997c  -24.100000  8388609
59208.664725 19.841877      NaN   -25.5    14 c    0   4.57 210.92213 54.31835  8757.86  1729.62 2.57 2.33 -56.4 -0.404    19.41 20.84 02a59208o1016c   -3.142857  8388609
59228.630646 20.207197      NaN    13.5    10 c    0   5.45 210.92213 54.31835  7508.58  5581.80 2.68 2.51  50.3 -0.390    19.74 21.88 02a59228o0867c   -0.500000  8388609
59228.633851 20.009244      NaN    -2.5    12 c    0   6.75 210.92213 54.31835  7528.79  5620.11 2.71 2.51  48.7 -0.388    19.72 21.88 02a59228o0874c   -1.750000  8388609
59228.650265 20.207197      NaN   -95.5    10 c    0   9.73 210.92213 54.31835  7476.67  5546.38 2.70 2.49  48.1 -0.390    19.76 21.90 02a59228o0909c  -11.400000  8388609
59228.658974 20.207197      NaN     4.5    10 c    0   8.03 210.92213 54.31835  7457.45  5663.57 2.69 2.45  45.8 -0.392    19.80 21.83 02a59228o0928c   -1.400000  8388609
59230.596813 20.207197      NaN   -26.5    10 c    0   6.75 210.92213 54.31835  3633.77  8739.08 2.94 2.61 -76.6 -0.397    19.72 22.31 01a59230o0856c   -4.500000 12583169
59230.600047 19.472870 0.184023    77.5    10 c    0   5.95 210.92213 54.31835  3614.43  8701.44 2.90 2.59 -77.2 -0.395    19.77 22.33 01a59230o0863c    5.900000  8388609
59230.605590 20.321591      NaN  -135.5     9 c    0  10.57 210.92213 54.31835  3672.68  8774.81 2.80 2.62 -83.5 -0.389    19.76 22.34 01a59230o0875c  -17.111111  8388609
59230.615358 20.207197      NaN   -65.5    10 c    0   8.50 210.92213 54.31835  3691.13  8658.98 2.75 2.58 -80.8 -0.393    19.78 22.39 01a59230o0896c   -8.400000  8388609
59238.585766 19.950541 0.285720    56.5    10 c    0  25.70 210.92213 54.31835  1122.09  5157.40 2.29 2.19 -63.9 -0.397    19.95 22.17 01a59238o0765c    3.800000  8912897
59238.588065 19.155932 0.137435    97.5    10 c    0  17.82 210.92213 54.31835  1102.00  5120.26 2.37 2.29 -67.1 -0.388    19.94 22.16 01a59238o0770c    7.900000  8388609
59238.590826 20.207197      NaN   -41.5    10 c    0  41.32 210.92213 54.31835  1160.89  5197.26 2.39 2.33 -75.3 -0.385    19.95 22.18 01a59238o0776c   -6.000000  8388609
59238.595897 20.207197      NaN   -10.5    10 c    0  17.27 210.92213 54.31835  1179.94  5079.24 2.46 2.42 -78.7 -0.383    19.88 22.19 01a59238o0787c   -2.900000  8388609
59254.582395 18.955691 0.137146   113.5    12 c    0   6.71 210.92213 54.31835   366.94  1424.11 2.77 2.47  45.1 -0.394    19.64 22.07 01a59254o0809c    7.916667 12583169
59254.584237 19.922338      NaN   -40.5    13 c    0   6.28 210.92213 54.31835   339.07  1389.61 2.60 2.34  67.3 -0.430    19.62 22.01 01a59254o0813c   -4.538462 12583169
59254.587068 19.302877      NaN    12.5    23 c    0  37.65 210.92213 54.31835   406.02  1462.19 2.53 2.31  66.1 -0.427    19.24 21.52 01a59254o0819c   -0.260870  8388609
59254.593104 19.401649 0.172339    81.5    10 c    0  13.03 210.92213 54.31835   423.19  1344.49 2.51 2.28  67.7 -0.427    19.76 22.16 01a59254o0832c    6.300000  8388609
59256.529166 20.449472      NaN   -71.5     8 c    0   7.50 210.92213 54.31835  5346.76  3576.30 2.50 2.34  47.3 -0.402    19.79 21.98 02a59256o0695c  -11.250000  8388609
59256.532384 20.321591      NaN   -27.5     9 c    0   7.37 210.92213 54.31835  5366.05  3615.76 2.63 2.39  45.7 -0.397    19.76 21.98 02a59256o0702c   -5.111111 12583169
59256.537897 20.321591      NaN   -50.5     9 c    0   5.57 210.92213 54.31835  5309.63  3538.78 2.56 2.33  43.2 -0.401    19.81 21.97 02a59256o0714c   -7.666667  8388609
59256.543014 20.321591      NaN   -62.5     9 c    0   8.90 210.92213 54.31835  5291.29  3654.38 2.62 2.40  46.2 -0.397    19.76 21.98 02a59256o0725c   -9.000000  8388609
59258.571978 19.609992      NaN    40.5    10 c    0   5.28 210.92213 54.31835  7131.08  6894.65 2.55 2.52  66.7 -0.368    19.75 22.04 01a59258o0790c    2.200000  8388609
59258.573832 19.791368      NaN    29.5    11 c    0   3.21 210.92213 54.31835  7115.74  6852.44 2.73 2.59  43.8 -0.356    19.73 22.03 01a59258o0794c    1.000000  8388609
59258.576596 20.207197      NaN   -23.5    10 c    0   4.61 210.92213 54.31835  7171.28  6932.39 2.69 2.64  62.8 -0.366    19.74 22.04 01a59258o0800c   -4.200000  8388609
59258.582589 20.207197      NaN   -51.5    10 c    0   7.74 210.92213 54.31835  7188.51  6817.90 2.52 2.48  79.3 -0.375    19.80 22.04 01a59258o0813c   -7.000000  8388609
59262.501830 20.321591      NaN   -45.5     9 c    0   7.03 210.92213 54.31835  7128.59  6894.88 2.40 2.25 -88.4 -0.394    19.77 21.77 01a59262o0623c   -7.111111  8388609
59262.504607 20.449472      NaN   -83.5     8 c    0  15.37 210.92213 54.31835  7109.83  6855.17 2.40 2.28 -87.5 -0.390    19.78 21.82 01a59262o0629c  -12.750000  8388609
59262.508306 20.321591      NaN   -44.5     9 c    0   6.45 210.92213 54.31835  7168.21  6932.42 2.46 2.36  83.5 -0.379    19.75 21.86 01a59262o0637c   -7.000000  8388609
59262.514297 20.207197      NaN   -82.5    10 c    0   8.74 210.92213 54.31835  7186.48  6816.29 2.49 2.41  86.0 -0.374    19.77 21.85 01a59262o0650c  -10.100000  8388609
59288.544037 20.103715      NaN  -100.5    11 c    0   5.15 210.92213 54.31835  5469.19  8642.92 2.42 2.34  52.9 -0.408    19.81 21.80 02a59288o0704c  -10.818182        1
59288.579411 20.449472      NaN   -43.5     8 c    0   9.17 210.92213 54.31835  5446.67  8602.28 2.56 2.32  34.2 -0.396    19.77 21.76 02a59288o0780c   -7.750000        1
59288.607793 19.510313      NaN  -160.5    19 c    0   1.69 210.92213 54.31835  5497.75  8676.08 2.61 2.36  33.4 -0.390    18.70 20.56 02a59288o0841c   -9.421053   532480
59288.632589 20.103715      NaN   -74.5    11 c    0   4.37 210.92213 54.31835  5512.70  8556.18 2.77 2.35  41.2 -0.386    19.67 21.69 02a59288o0894c   -8.454545        1
59292.459472 20.207197      NaN   -32.5    10 c    0   4.83 210.92213 54.31835  1724.02  5336.02 2.49 2.30  55.8 -0.413    19.75 21.80 02a59292o0510c   -5.100000        1
59292.462673 19.318728      NaN    47.5    13 c    0   3.06 210.92213 54.31835  1747.19  5375.64 2.46 2.31  60.5 -0.409    19.74 21.78 02a59292o0517c    2.230769        1
59292.466844 19.589310      NaN    41.5    10 c    0   3.62 210.92213 54.31835  1686.61  5296.33 2.59 2.36  48.1 -0.401    19.72 21.79 02a59292o0526c    2.300000   524289
59292.473270 20.103715      NaN     5.5    11 c    0   3.23 210.92213 54.31835  1668.32  5411.55 2.52 2.31  48.3 -0.404    19.74 21.81 02a59292o0540c   -1.181818        1
59292.649611 19.696897      NaN    -0.5    16 c    0   2.81 210.92213 54.31835  8871.89  5208.92 2.51 2.32  36.5 -0.396    19.18 20.41 02a59292o0918c   -1.187500     8192
59310.449546 20.207197      NaN     2.5    10 c    0   2.55 210.92213 54.31835  9031.32  6864.30 2.61 2.41  87.6 -0.400    20.01 21.98 01a59310o0425c   -1.600000     8192
59310.451851 20.207197      NaN   -15.5    10 c    0   4.79 210.92213 54.31835  9011.88  6824.79 2.58 2.43 -85.0 -0.392    20.03 21.99 01a59310o0430c   -3.400000        1
59310.455624 20.594452      NaN   -42.5     7 c    0   4.26 210.92213 54.31835  9073.81  6901.73 2.54 2.41  87.4 -0.394    20.01 21.99 01a59310o0438c   -8.714286  4194561
59310.464868 20.594452      NaN   -96.5     7 c    0   9.60 210.92213 54.31835  9090.06  6785.84 2.61 2.55 -83.4 -0.385    19.96 22.08 01a59310o0457c  -16.428571        1
59314.443833 19.419021 0.157607    80.5     9 c    0  14.82 210.92213 54.31835  6524.44   980.35 2.46 2.29   5.9 -0.392    19.96 21.85 01a59314o0481c    6.888889  8388609
59314.445680 20.137125 0.339293    50.5    10 c    0  11.53 210.92213 54.31835  6505.23   941.16 2.67 2.39  -6.2 -0.369    19.94 21.88 01a59314o0485c    3.200000  8388609
59314.448467 19.436675 0.195788    79.5    11 c    0   4.12 210.92213 54.31835  6566.92  1020.09 2.62 2.37  -2.3 -0.372    19.95 21.87 01a59314o0491c    5.545455  8388609
59314.453560 20.321591      NaN   -14.5     9 c    0  15.43 210.92213 54.31835  6581.88   906.95 2.40 2.20 -18.9 -0.396    19.97 21.86 01a59314o0502c   -3.666667  8388609
59318.482085 18.481707 0.073860   165.5    10 c    0   8.19 210.92213 54.31835  4054.97  9604.46 2.42 2.28 -41.1 -0.387    19.76 21.52 01a59318o0559c   14.700000  8388609
59318.517343 18.776955 0.087247   130.5     9 c    0   6.68 210.92213 54.31835  4082.14  9638.21 2.29 2.10 -51.4 -0.388    19.89 21.56 01a59318o0635c   12.444444  8388609
59318.520566 18.389700 0.081430   178.5    12 c    0   5.73 210.92213 54.31835  4022.66  9560.45 2.28 2.08 -45.0 -0.388    19.89 21.57 01a59318o0642c   13.333333  8388609
59318.543605 18.623526 0.084166   147.5    10 c    0   6.17 210.92213 54.31835  4008.51  9674.26 2.28 2.10 -53.4 -0.387    19.86 21.46 01a59318o0691c   12.900000  8912897
59322.408613 19.696897 0.203576    66.5     9 c    0  17.91 210.92213 54.31835  3059.68  4996.30 2.30 2.21 -82.0 -0.395    19.96 21.79 01a59322o0383c    5.333333  8912897
59322.410910 20.207197      NaN   -29.5    10 c    0  17.44 210.92213 54.31835  3039.84  4958.06 2.29 2.17 -84.0 -0.398    19.97 21.80 01a59322o0388c   -4.800000  8388609
59322.414135 20.321591      NaN    17.5     9 c    0  24.26 210.92213 54.31835  3097.46  5033.62 2.24 2.12 -74.8 -0.401    19.99 21.81 01a59322o0395c   -0.111111  8388609
59322.419674 19.436675 0.177990    79.5    10 c    0  14.48 210.92213 54.31835  3115.91  4918.46 2.33 2.19 -67.2 -0.399    19.92 21.79 01a59322o0407c    6.100000  8388609
59344.419514 20.321591      NaN   -52.5     9 c    0  13.60 210.92213 54.31835  1111.03  5172.80 2.37 2.24 -41.3 -0.422    19.73 21.69 02a59344o0385c   -7.888889  8912897
59344.423635 20.321591      NaN  -158.5     9 c    0  15.65 210.92213 54.31835  1091.48  5134.09 2.39 2.26 -41.4 -0.418    19.71 21.70 02a59344o0394c  -19.666667  8388609
59344.429702 20.449472      NaN   -71.5     8 c    0  12.98 210.92213 54.31835  1151.95  5207.61 2.40 2.26 -46.5 -0.424    19.71 21.72 02a59344o0407c  -11.250000  8388609
59344.462022 20.594452      NaN  -337.5     7 c    0  28.61 210.92213 54.31835  1170.11  5084.86 2.33 2.28 -19.1 -0.419    19.69 21.62 02a59344o0474c  -50.857143  8388609
59370.364702 19.142275 0.135717    98.5    10 c    0   8.27 210.92213 54.31835  2001.61  9668.86 2.28 2.04 -63.0 -0.402    19.99 22.07 01a59370o0279c    8.000000  8388609
59370.367930 19.142275 0.122145    98.5     9 c    0   5.25 210.92213 54.31835  2023.03  9708.02 2.32 2.08 -64.6 -0.402    20.00 22.06 01a59370o0286c    8.888889  8388609
59370.374378 19.169763 0.125277    96.5     9 c    0   6.09 210.92213 54.31835  1960.88  9627.93 2.25 1.99 -65.1 -0.405    20.01 22.04 01a59370o0300c    8.666667  8388609
59370.408119 19.169763 0.139197    96.5    10 c    0   5.51 210.92213 54.31835  1945.45  9741.32 2.37 2.12 -61.7 -0.407    19.96 22.00 01a59370o0367c    7.800000  8388609
59374.345057 18.566153 0.079834   154.5    10 c    0   9.68 210.92213 54.31835  2002.84  9671.74 2.45 2.21 -61.4 -0.392    19.98 22.03 01a59374o0234c   13.600000  8388609
59374.348286 19.549093 0.197407    73.5    10 c    0   3.78 210.92213 54.31835  2024.20  9709.94 2.30 2.10 -65.4 -0.401    19.98 22.02 01a59374o0241c    5.500000  8388609
59374.353832 18.702047 0.081430   138.5     9 c    0  10.71 210.92213 54.31835  1965.69  9631.69 2.30 2.10 -53.8 -0.390    19.99 22.02 01a59374o0253c   13.333333  8388609
59374.364434 19.197966 0.128574    94.5     9 c    0   8.53 210.92213 54.31835  1945.23  9746.77 2.38 2.11 -62.2 -0.402    19.97 22.04 01a59374o0276c    8.444444  8388609
59378.326788 20.321591      NaN    -4.5     9 c    0  10.99 210.92213 54.31835  5026.89  1934.71 2.15 2.08  53.1 -0.401    19.98 21.72 01a59378o0193c   -2.555556  8388609
59378.330008 20.761819      NaN  -185.5     6 c    0  27.73 210.92213 54.31835  5047.77  1975.18 2.17 2.12  31.8 -0.400    19.93 21.73 01a59378o0200c  -34.000000  8388609
59378.335546 20.321591      NaN  -115.5     9 c    0  13.75 210.92213 54.31835  4991.80  1896.90 2.21 2.11  19.8 -0.398    19.97 21.75 01a59378o0212c  -14.888889  8388609
59378.348438 20.594452      NaN  -137.5     7 c    0  12.01 210.92213 54.31835  4977.19  2012.13 2.24 2.16  11.1 -0.391    19.97 21.87 01a59378o0240c  -22.285714  8388609
59404.284177 19.922338      NaN   -24.5    13 c    0   7.72 210.92213 54.31835  1740.31  8921.24 2.63 1.98 -48.8 -0.449    19.74 21.54 02a59404o0088c   -3.307692 12583169
59404.287411 20.009244      NaN   -12.5    12 c    0   5.63 210.92213 54.31835  1720.40  8882.43 2.68 2.01 -50.2 -0.440    19.73 21.54 02a59404o0095c   -2.583333  8388609
59404.292910 20.321591      NaN   -33.5     9 c    0  10.83 210.92213 54.31835  1774.81  8955.11 2.61 2.07 -51.0 -0.432    19.70 21.51 02a59404o0107c   -5.777778  8388609
59404.302990 20.103715      NaN    16.5    11 c    0   5.74 210.92213 54.31835  1794.91  8836.01 2.68 2.07 -50.0 -0.437    19.66 21.51 02a59404o0129c   -0.181818  8388609
59408.274563 20.207197      NaN   -24.5    10 c    0  10.42 210.92213 54.31835  1742.84  8920.41 2.59 2.03 -48.8 -0.440    19.66 21.40 02a59408o0068c   -4.300000  8388609
59408.277767 20.009244      NaN   -96.5    12 c    0  11.93 210.92213 54.31835  1721.51  8881.25 2.61 2.15 -52.0 -0.423    19.64 21.42 02a59408o0075c   -9.583333  8388609
59408.283262 20.103715      NaN     2.5    11 c    0   6.77 210.92213 54.31835  1776.49  8956.20 2.58 2.16 -51.2 -0.431    19.62 21.42 02a59408o0087c   -1.454545  8388609
59408.295675 19.922338      NaN    21.5    12 c    0   5.54 210.92213 54.31835  1798.23  8835.41 2.52 2.08 -47.9 -0.435    19.67 21.47 02a59408o0114c    0.250000  8388609
59426.249901 20.009244      NaN   -25.5    12 c    0   9.71 210.92213 54.31835  6890.90  1778.32 2.36 2.16 -72.7 -0.407    19.54 20.73 01a59426o0032c   -3.666667  8388609
59426.253177 19.609992 0.250555    70.5    12 c    0   5.97 210.92213 54.31835  6909.92  1818.31 2.40 2.20 -74.4 -0.404    19.71 21.20 01a59426o0039c    4.333333  8388609
59426.258716 20.103715      NaN   -62.5    11 c    0   8.44 210.92213 54.31835  6855.66  1743.23 2.29 2.16 -72.6 -0.405    19.86 21.60 01a59426o0051c   -7.363636  8388609
59426.272762 19.271854 0.137629    89.5     9 c    0   5.58 210.92213 54.31835  6839.53  1860.82 2.31 2.17 -74.9 -0.407    19.88 21.67 01a59426o0081c    7.888889  8912897
59430.242183 19.128787      NaN   -26.5    27 c    0   2.28 210.92213 54.31835  6891.05  1782.98 2.31 2.17 -36.3 -0.389    18.64 19.07 01a59430o0020c   -1.666667     8192
59430.244954 19.510313      NaN     0.5    19 c    0   3.72 210.92213 54.31835  6911.22  1819.48 2.30 2.14 -75.3 -0.400    19.10 19.81 01a59430o0026c   -0.947368        1
59430.250541 20.009244      NaN    -0.5    12 c    0  11.60 210.92213 54.31835  6859.84  1745.50 2.31 2.15 -75.1 -0.398    19.66 20.96 01a59430o0038c   -1.583333        1
59430.260749 20.207197      NaN    -1.5    10 c    0  10.06 210.92213 54.31835  6841.53  1860.52 2.35 2.19 -80.1 -0.402    19.86 21.60 01a59430o0060c   -2.000000        1
59434.246925 19.589310 0.327769    71.5    16 c    0   1.87 210.92213 54.31835  9436.67  5337.60 2.85 2.42 -84.2 -0.365    19.33 20.53 01a59434o0034c    3.312500   532480
59434.250609 19.302877      NaN    48.5    13 c    0   3.16 210.92213 54.31835  9456.98  5372.73 2.84 2.40 -87.2 -0.376    19.54 21.12 01a59434o0042c    2.307692        1
59434.256155 19.367717      NaN    47.5    12 c    0   3.49 210.92213 54.31835  9398.44  5302.62 2.78 2.39 -81.9 -0.380    19.71 21.52 01a59434o0054c    2.416667        1
59434.267220 18.806434 0.109570   127.5    11 c    0   9.69 210.92213 54.31835  9381.90  5421.72 2.50 2.22 -79.5 -0.399    19.85 21.64 01a59434o0078c    9.909091        1
59588.641428 20.009244      NaN     6.5    12 c    0   3.84 210.92213 54.31835  3847.88  7438.15 2.64 2.40  46.7 -0.398    19.65 21.81 02a59588o0978c   -1.000000  8388609
59588.646929 19.549093      NaN    37.5    12 c    0   6.29 210.92213 54.31835  3868.74  7476.56 2.57 2.39  44.6 -0.407    19.61 21.81 02a59588o0990c    1.583333  8388609
59588.658083 20.103715      NaN   -21.5    11 c    0   7.18 210.92213 54.31835  3808.91  7397.32 2.56 2.35  45.7 -0.405    19.61 21.75 02a59588o1014c   -3.636364  8388609
59588.665789 20.009244      NaN  -103.5    12 c    0   5.67 210.92213 54.31835  3785.50  7516.87 2.65 2.37  46.6 -0.397    19.46 21.22 02a59588o1030c  -10.166667  8388609
59615.558656 19.609992      NaN    40.5    10 c    0   4.62 210.92213 54.31835  1536.47  3694.63 2.42 2.36  62.2 -0.422    19.60 21.48 02a59615o0775c    2.200000        1
59615.561412 19.569016      NaN    39.5    11 c    0   3.51 210.92213 54.31835  1556.14  3733.67 2.41 2.34  54.7 -0.424    19.61 21.49 02a59615o0781c    1.909091  4194561
59615.564167 20.321591      NaN   -41.5     9 c    0   3.75 210.92213 54.31835  1497.69  3653.90 2.54 2.37  44.4 -0.417    19.59 21.49 02a59615o0787c   -6.666667        1
59615.571520 20.009244      NaN   -50.5    12 c    0   1.85 210.92213 54.31835  1480.29  3768.90 2.45 2.37  58.9 -0.420    19.60 21.51 02a59615o0803c   -5.750000   532480
59619.586609 20.009244      NaN   -22.5    12 c    0   4.29 210.92213 54.31835  4034.67  9589.59 2.54 2.48  49.1 -0.406    19.67 21.67 02a59619o0807c   -3.416667        1
59619.588435 19.743105      NaN    19.5    15 c    0   2.98 210.92213 54.31835  4054.61  9629.12 2.57 2.47  49.9 -0.405    19.66 21.67 02a59619o0811c    0.066667     8192
59619.592559 20.009244      NaN    12.5    12 c    0   4.37 210.92213 54.31835  3992.28  9550.09 2.64 2.44  46.4 -0.396    19.63 21.67 02a59619o0820c   -0.500000        1
59619.610269 19.609992 0.313193    70.5    15 c    0   3.96 210.92213 54.31835  3971.04  9667.56 2.66 2.46  42.7 -0.396    19.65 21.62 02a59619o0858c    3.466667        1
59639.510262 20.009244      NaN   -19.5    12 c    0   3.99 210.92213 54.31835  1847.88  7493.01 2.33 2.28  62.5 -0.428    19.73 21.72 02a59639o0653c   -3.166667  8388609
59639.513468 20.207197      NaN   -71.5    10 c    0   4.97 210.92213 54.31835  1867.89  7533.21 2.44 2.32  41.6 -0.416    19.69 21.70 02a59639o0660c   -9.000000  8388609
59639.516215 20.103715      NaN   -43.5    11 c    0   4.73 210.92213 54.31835  1808.41  7452.14 2.32 2.27  60.9 -0.432    19.71 21.71 02a59639o0666c   -5.636364  8388609
59639.522156 19.743105      NaN    34.5    10 c    0   5.71 210.92213 54.31835  1788.39  7568.05 2.36 2.31  70.4 -0.429    19.72 21.72 02a59639o0679c    1.600000  8388609
59643.579606 19.212347      NaN    42.5    17 c    0   6.10 210.92213 54.31835   787.99  3029.68 2.23 2.10   6.4 -0.449    19.23 21.76 02a59643o0746c    1.411765  8388609
59643.582534 19.922338      NaN   -69.5    13 c    0  10.16 210.92213 54.31835   766.35  2989.15 2.24 2.12   2.0 -0.448    19.21 21.75 02a59643o0752c   -6.769231  8388609
59643.617736 19.183773      NaN    47.5    16 c    0   4.11 210.92213 54.31835   824.75  3062.62 2.33 2.09  29.8 -0.439    19.25 21.72 02a59643o0823c    1.812500  8388609
59643.623182 20.009244      NaN  -147.5    12 c    0   8.54 210.92213 54.31835   845.84  2940.78 2.25 2.12   8.4 -0.448    19.22 21.71 02a59643o0834c  -13.833333  8388609
59647.511394 19.510313      NaN   -71.5    19 c    0   2.98 210.92213 54.31835  9799.72  7541.58 2.70 2.33  86.8 -0.448    18.96 21.75 02a59647o0432c   -4.736842   524288
59647.514333 19.510313      NaN  -123.5    19 c    0   2.65 210.92213 54.31835  9820.86  7578.88 2.73 2.33  80.0 -0.441    18.94 21.77 02a59647o0438c   -7.473684   524288
59647.519354 18.336727      NaN  -102.5    56 c    0   1.51 210.92213 54.31835  9761.81  7506.24 2.65 2.37  80.0 -0.451    17.72 20.47 02a59647o0448c   -2.160714        0
59647.539712 19.401649      NaN   -55.5    21 c    0   2.34 210.92213 54.31835  9746.60  7626.34 2.89 2.56  68.1 -0.421    18.89 21.75 02a59647o0488c   -3.523810        0
59671.401837 19.841877      NaN    -9.5    14 c    0   3.72 210.92213 54.31835  3623.30  5810.64 2.72 2.52  41.0 -0.395    19.49 21.62 02a59671o0314c   -2.000000        1
59671.428617 19.841877      NaN  -120.5    14 c    0   2.56 210.92213 54.31835  3657.26  5847.97 2.79 2.53  42.7 -0.393    19.53 21.63 02a59671o0371c   -9.928571   532480
59671.431827 19.674510      NaN    28.5    13 c    0   3.28 210.92213 54.31835  3599.34  5773.64 2.92 2.59  44.1 -0.384    19.45 21.63 02a59671o0378c    0.769231        1
59671.437311 19.922338      NaN   -72.5    13 c    0   2.90 210.92213 54.31835  3579.65  5890.43 2.95 2.56  40.6 -0.386    19.42 21.63 02a59671o0390c   -7.000000   532480
59675.445368 16.738722      NaN -1321.5   244 c    0   1.94 210.92213 54.31835  1944.45  9615.01 2.53 2.40  40.6 -0.389    16.29 18.27 02a59675o0501c   -5.491803 12584962
59675.451766 16.584144 0.055316   862.5    43 c    0   5.94 210.92213 54.31835  1924.13  9731.03 2.41 2.35  28.8 -0.457    18.45 20.52 02a59675o0515c   19.627907  8912897
59679.432660 18.921935      NaN    38.5    26 c    0   1.80 210.92213 54.31835  1980.77  9654.78 2.54 2.39  41.4 -0.435    18.97 20.69 02a59679o0440c    0.769231     8192
59679.438161 19.302877      NaN  -180.5    23 c    0   3.12 210.92213 54.31835  2001.23  9692.94 2.48 2.38  33.5 -0.440    18.97 20.71 02a59679o0452c   -8.652174        1
59679.439989 19.401649      NaN    16.5    21 c    0   3.49 210.92213 54.31835  1940.24  9612.85 2.48 2.36  33.4 -0.449    18.99 20.72 02a59679o0456c   -0.095238        1
59679.445014 18.836735      NaN    61.5    21 c    0   3.06 210.92213 54.31835  1918.27  9730.53 2.48 2.41  31.2 -0.442    19.00 20.75 02a59679o0467c    2.047619        1
59695.447397 19.302877 0.220294    87.5    14 c    0   3.32 210.92213 54.31835  8855.09  5233.50 2.73 2.49  32.2 -0.400    19.49 21.38 02a59695o0478c    4.928571  8388609
59695.450623 20.009244      NaN    16.5    12 c    0   3.29 210.92213 54.31835  8835.63  5193.18 2.66 2.39  33.1 -0.403    19.51 21.38 02a59695o0485c   -0.166667  8388609
59695.485942 19.169763      NaN    54.5    14 c    0   2.15 210.92213 54.31835  8885.63  5272.53 2.75 2.44  30.1 -0.390    19.47 21.34 02a59695o0561c    2.571429  8912896
59695.514381 19.569016      NaN  -106.5    18 c    0   2.35 210.92213 54.31835  8902.66  5156.99 2.77 2.40  28.5 -0.395    19.02 20.86 02a59695o0622c   -6.944444  8912896
59699.416003 16.013179      NaN  -433.5   476 c    0   1.46 210.92213 54.31835  3330.26  7113.46 2.64 2.33  24.5 -0.397    15.53 16.82 02a59699o0410c   -0.949580  4196354
59699.419220 18.729535      NaN    -9.5    39 c    0   1.31 210.92213 54.31835  3313.10  7078.10 2.59 2.33  26.2 -0.397    18.25 19.68 02a59699o0417c   -0.717949     8192
59699.424739 18.094452      NaN  -147.5    70 c    0   2.56 210.92213 54.31835  3369.03  7152.04 2.63 2.33  24.2 -0.400    17.23 18.61 02a59699o0429c   -2.371429     8192
59699.459844 19.256669      NaN   -59.5    24 c    0   2.28 210.92213 54.31835  3374.68  7033.00 2.58 2.25  27.2 -0.396    18.82 20.34 02a59699o0505c   -3.250000  4194560
59723.379391 19.256669      NaN    48.5    14 c    0   3.73 210.92213 54.31835  5009.77  4872.07 2.69 2.33  28.8 -0.399    19.57 21.29 02a59723o0312c    2.142857  8388609
59723.382603 19.841877      NaN    -7.5    14 c    0   3.11 210.92213 54.31835  4987.01  4830.89 2.96 2.46  29.7 -0.388    19.52 21.28 02a59723o0319c   -1.857143  8388609
59723.388089 19.743105      NaN    22.5    14 c    0   4.24 210.92213 54.31835  5047.95  4909.15 2.69 2.30  28.5 -0.402    19.58 21.25 02a59723o0331c    0.285714  8388609
59723.400898 20.103715      NaN   -41.5    11 c    0   4.12 210.92213 54.31835  5066.58  4795.02 2.76 2.37  26.9 -0.397    19.55 21.26 02a59723o0359c   -5.454545  8388609
59727.350487 17.647352      NaN   116.5    73 c    0   1.14 210.92213 54.31835  5014.31  4878.21 2.68 2.28  31.0 -0.399    17.52 18.91 02a59727o0248c    1.342466        0
59727.353687 19.351140      NaN   -31.5    22 c    0   1.91 210.92213 54.31835  4994.70  4838.84 2.65 2.25  29.9 -0.401    18.58 20.08 02a59727o0255c   -2.272727        0
59727.360089 17.821591      NaN   114.5    58 c    0   1.53 210.92213 54.31835  5052.60  4914.41 2.64 2.25  30.6 -0.403    17.59 18.92 02a59727o0269c    1.655172  4194560
59727.371522 18.757738      NaN   -19.5    38 c    0   2.25 210.92213 54.31835  5073.35  4797.05 2.81 2.30  31.3 -0.389    18.00 19.43 02a59727o0294c   -1.000000   524288
59731.393020 19.922338      NaN   -39.5    13 c    0   3.37 210.92213 54.31835  3601.20  8760.49 2.73 2.68  34.7 -0.391    19.54 21.53 02a59731o0172c   -4.461538  8388609
59731.398541 20.009244      NaN  -175.5    12 c    0   4.22 210.92213 54.31835  3581.15  8721.32 2.84 2.66  42.3 -0.386    19.56 21.51 02a59731o0184c  -16.166667  8388609
59731.401810 20.103715      NaN  -143.5    11 c    0   4.26 210.92213 54.31835  3637.76  8798.27 2.61 2.58  48.1 -0.392    19.59 21.52 02a59731o0191c  -14.727273  8388609
59731.414645 19.922338      NaN   -57.5    13 c    0   4.56 210.92213 54.31835  3655.29  8677.52 2.70 2.54  25.0 -0.395    19.57 21.46 02a59731o0219c   -5.846154  8388609
59751.314809 19.719755 0.277209    65.5    12 c    0   8.95 210.92213 54.31835  4509.60  1091.68 2.41 2.29  78.6 -0.428    19.65 21.48 02a59751o0156c    3.916667  8388609
59751.318028 20.594452      NaN  -760.5     7 c    0 204.80 210.92213 54.31835  4489.38  1055.28 2.38 2.26  74.1 -0.429    19.63 21.48 02a59751o0163c -111.285714  8388609
59751.323522 19.287255 0.170616    88.5    11 c    0  11.23 210.92213 54.31835  4550.65  1130.46 2.33 2.24  79.9 -0.430    19.66 21.47 02a59751o0175c    6.363636  8388609
59751.334507 20.207197      NaN  -121.5    10 c    0   9.42 210.92213 54.31835  4571.96  1018.23 2.51 2.36  84.2 -0.424    19.64 21.45 02a59751o0199c  -14.000000  8388609
59783.267980 19.766969      NaN    16.5    15 c    0   7.78 210.92213 54.31835  1457.98  6794.61 2.41 2.26 -40.4 -0.429    19.57 21.12 02a59783o0058c   -0.133333  8388609
59783.271622 19.271854      NaN    50.5    13 c    0   7.35 210.92213 54.31835  1438.78  6755.55 2.58 2.37 -49.0 -0.424    19.53 21.16 02a59783o0066c    2.461538  8388609
59783.278464 19.922338      NaN    -0.5    13 c    0   7.21 210.92213 54.31835  1495.06  6831.23 2.47 2.25 -47.3 -0.431    19.60 21.20 02a59783o0081c   -1.461538  8388609
59783.292955 19.841877      NaN   -51.5    14 c    0   6.45 210.92213 54.31835  1514.05  6710.91 2.37 2.17 -49.2 -0.441    19.57 21.12 02a59783o0113c   -5.000000  8388609
59787.293213 19.631075      NaN    33.5    12 c    0   4.18 210.92213 54.31835  6726.24  3138.06 2.82 2.75  54.5 -0.404    19.41 21.28 02a59787o0117c    1.250000  8388609
59787.297291 19.038793      NaN    61.5    15 c    0   1.72 210.92213 54.31835  6706.01  3095.51 2.90 2.84  54.9 -0.387    19.39 21.27 02a59787o0126c    2.866667  8912896
59787.303716 19.922338      NaN   -30.5    13 c    0   2.18 210.92213 54.31835  6763.66  3170.90 2.86 2.76  41.3 -0.391    19.42 21.26 02a59787o0140c   -3.769231  8392704
59787.318300 18.867907 0.158117   121.5    15 c    0   2.09 210.92213 54.31835  6784.91  3052.69 2.85 2.72  38.3 -0.391    19.44 21.27 02a59787o0172c    6.866667  8916992
59811.240646 18.878500      NaN   -25.5    34 c    0   1.18 210.92213 54.31835  9026.80  6891.35 2.67 2.41  28.6 -0.410    18.72 19.75 02a59811o0025c   -1.294118     8192
59811.243827 18.857417      NaN    53.5    23 c    0   1.79 210.92213 54.31835  9006.26  6849.48 2.59 2.44  26.8 -0.415    19.14 20.36 02a59811o0032c    1.521739     8192
59811.251095 19.841877      NaN     5.5    14 c    0   3.80 210.92213 54.31835  9064.96  6927.55 2.65 2.49  25.0 -0.411    19.43 21.04 02a59811o0048c   -0.928571        1
59811.262036 20.009244      NaN   -93.5    12 c    0   5.66 210.92213 54.31835  9083.23  6809.35 2.61 2.49  24.2 -0.418    19.49 21.14 02a59811o0072c   -9.333333        1
59819.241262 18.955691      NaN    65.5    16 c    0   3.64 210.92213 54.31835  6566.59   990.36 2.36 2.22  58.6 -0.407    19.14 20.53 02a59819o0037c    2.937500  8388609
59819.246702 19.719755 0.323411    65.5    14 c    0   3.55 210.92213 54.31835  6545.32   950.52 2.35 2.24  85.3 -0.415    19.34 20.93 02a59819o0049c    3.357143  8388609
59819.249867 19.609992 0.313193    70.5    15 c    0   3.10 210.92213 54.31835  6606.23  1030.65 2.52 2.40  83.7 -0.399    19.35 21.00 02a59819o0056c    3.466667  8388609
59819.259883 19.922338      NaN   -81.5    13 c    0  12.86 210.92213 54.31835  6629.00   913.25 2.40 2.23 -75.1 -0.426    19.37 21.05 02a59819o0078c   -7.692308  8388609
59841.218401 18.336727      NaN    36.5    50 c    0   1.47 210.92213 54.31835  6987.43  9558.13 3.07 2.87  65.7 -0.352    17.82 19.42 01a59841o0022c    0.360000        0
59841.222104 18.944322      NaN    27.5    29 c    0   1.57 210.92213 54.31835  7008.22  9598.89 3.06 2.87  69.6 -0.351    18.50 20.18 01a59841o0030c    0.310345        0
59841.232292 19.569016      NaN    15.5    18 c    0   2.31 210.92213 54.31835  6946.20  9527.19 3.10 2.92  73.0 -0.347    18.98 20.90 01a59841o0052c   -0.166667        0
59841.238300 19.510313      NaN    10.5    19 c    0   2.25 210.92213 54.31835  6926.05  9644.05 3.11 2.95  71.9 -0.345    19.00 20.95 01a59841o0065c   -0.421053        0
59999.634833 18.978793      NaN   -92.5    31 c    0   1.41 210.92213 54.31835  9210.33  9030.86 2.78 2.66  59.3 -0.391    18.65 20.44 02a59999o0111c   -3.580645  8912896
59999.637641 19.256669      NaN  -118.5    24 c    0   1.70 210.92213 54.31835  9191.08  8988.63 2.79 2.68  51.8 -0.385    18.85 20.68 02a59999o0117c   -5.708333  8912896
59999.650179 19.089302      NaN  -202.5    28 c    0   1.55 210.92213 54.31835  9245.24  9069.07 2.79 2.58  41.8 -0.389    18.66 20.40 02a59999o0142c   -7.892857  8912896
59999.656837 19.454622      NaN   -90.5    20 c    0   1.80 210.92213 54.31835  9262.38  8950.29 2.74 2.67  55.3 -0.387    18.85 20.61 02a59999o0155c   -5.450000 12583168
60048.393577 18.767304 0.144124   131.5    15 c    0   5.65 210.92213 54.31835  5685.72  7352.70 2.59 2.31  44.1 -0.410    19.52 21.42 02a60048o0341c    7.533333  8388609
60048.395386 19.436675 0.249185    79.5    14 c    0   6.36 210.92213 54.31835  5705.75  7391.39 2.60 2.33  43.3 -0.410    19.55 21.42 02a60048o0345c    4.357143  8388609
60048.401280 20.103715      NaN    -2.5    11 c    0   7.69 210.92213 54.31835  5647.03  7314.97 2.65 2.34  41.5 -0.408    19.55 21.43 02a60048o0357c   -1.909091  8388609
60048.436787 19.271854      NaN    53.5    12 c    0   6.10 210.92213 54.31835  5628.72  7434.35 2.60 2.30  36.8 -0.410    19.59 21.48 02a60048o0428c    2.916667  8388609
60050.476350 19.841877      NaN  -111.5    14 c    0   4.75 210.92213 54.31835  7489.86  9063.12 2.56 2.41  41.0 -0.420    19.44 21.13 02a60050o0512c   -9.285714        1
60050.479980 19.696897      NaN   -49.5    16 c    0   2.14 210.92213 54.31835  7470.32  9021.73 2.54 2.42  44.2 -0.415    19.18 20.81 02a60050o0520c   -4.250000   532480
60050.515339 20.103715      NaN   -75.5    11 c    0   4.44 210.92213 54.31835  7525.05  9096.44 2.58 2.38  37.7 -0.410    19.51 21.22 02a60050o0595c   -8.545455        1
60050.521155 19.922338      NaN   -72.5    13 c    0   1.82 210.92213 54.31835  7543.12  8976.47 2.62 2.41  36.5 -0.410    19.50 21.21 02a60050o0607c   -7.000000   532480
60052.473293 19.696897      NaN   -57.5    16 c    0   2.74 210.92213 54.31835  5203.55  4862.93 2.42 2.19  34.7 -0.405    19.31 20.97 02a60052o0517c   -4.750000   532480
60052.476484 19.367717      NaN    23.5    20 c    0   1.41 210.92213 54.31835  5183.93  4823.35 2.52 2.21  29.4 -0.396    19.08 20.78 02a60052o0524c    0.250000     8192
60052.509238 20.009244      NaN   -43.5    12 c    0   3.06 210.92213 54.31835  5244.05  4892.67 2.54 2.21  32.3 -0.400    19.45 21.04 02a60052o0592c   -5.166667        1
60052.515613 19.841877      NaN    -2.5    14 c    0   5.19 210.92213 54.31835  5265.07  4774.32 2.56 2.21  33.7 -0.395    19.42 20.99 02a60052o0605c   -1.500000        1
60056.426687 20.009244      NaN  -158.5    12 c    0   7.26 210.92213 54.31835  1314.56  5158.95 2.48 2.28  20.1 -0.423    19.44 21.06 02a60056o0426c  -14.750000  8388609
60056.430308 20.009244      NaN  -133.5    12 c    0   9.36 210.92213 54.31835  1296.21  5118.61 2.60 2.46  11.7 -0.417    19.37 21.05 02a60056o0434c  -12.666667  8388609
60056.465450 19.841877      NaN    13.5    14 c    0   7.15 210.92213 54.31835  1348.50  5186.34 2.42 2.22  19.9 -0.426    19.49 21.06 02a60056o0509c   -0.357143  8388609
60056.470537 19.491430      NaN    34.5    14 c    0   5.15 210.92213 54.31835  1370.40  5067.62 2.42 2.23  16.7 -0.423    19.47 21.04 02a60056o0520c    1.142857  8388609
60058.400358 19.287255      NaN    46.5    14 c    0   4.63 210.92213 54.31835  5926.18  9491.39 2.76 2.42  41.3 -0.397    19.41 21.02 02a60058o0368c    2.000000        1
60058.403081 19.142275 0.217147    98.5    16 c    0   2.94 210.92213 54.31835  5947.32  9528.42 2.74 2.41  37.3 -0.401    19.44 21.03 02a60058o0374c    5.000000   532480
60058.406260 19.719755      NaN    23.5    14 c    0   4.88 210.92213 54.31835  5885.27  9453.01 2.79 2.42  42.0 -0.393    19.44 21.03 02a60058o0381c    0.357143        1
60058.412604 19.226921      NaN    47.5    15 c    0   3.21 210.92213 54.31835  5864.49  9572.56 2.73 2.40  39.1 -0.397    19.44 21.03 02a60058o0395c    1.933333  4194561
60076.451715 19.472870      NaN    41.5    12 c    0   5.41 210.92213 54.31835  6734.33   976.78 2.33 2.17 -71.8 -0.422    19.51 21.04 02a60076o0241c    1.916667  8388609
60076.455118 20.103715      NaN   -27.5    11 c    0   9.03 210.92213 54.31835  6715.18   938.94 2.30 2.11 -75.4 -0.429    19.50 21.03 02a60076o0248c   -4.181818  8388609
60076.458122 19.589310 0.286798    71.5    14 c    0   4.11 210.92213 54.31835  6776.72  1018.60 2.32 2.11 -72.6 -0.428    19.54 21.05 02a60076o0254c    3.785714  8388609
60076.463264 19.334813 0.243075    85.5    15 c    0   3.40 210.92213 54.31835  6796.36   896.67 2.30 2.12 -80.4 -0.428    19.48 21.02 02a60076o0264c    4.466667  8388609
60078.380061 20.103715      NaN   -55.5    11 c    0   8.14 210.92213 54.31835  3243.80  4978.14 2.32 2.16  25.3 -0.414    19.63 21.30 02a60078o0314c   -6.727273  8388609
60078.383226 20.321591      NaN   -51.5     9 c    0   7.36 210.92213 54.31835  3224.51  4942.74 2.29 2.16  18.8 -0.424    19.62 21.30 02a60078o0321c   -7.777778  8388609
60078.390093 20.207197      NaN   -43.5    10 c    0  11.99 210.92213 54.31835  3283.25  5018.03 2.29 2.15  24.6 -0.417    19.59 21.30 02a60078o0336c   -6.200000  8388609
60078.401655 20.103715      NaN   -20.5    11 c    0  10.42 210.92213 54.31835  3303.71  4899.63 2.34 2.16  23.4 -0.418    19.61 21.34 02a60078o0361c   -3.545455  8388609