         MJD         m       dm  uJy  duJy F  err  chi/N        RA      Dec        x        y  maj  min   phi  apfit  mag5sig   Sky            Obs  __tmp_SN    Mask
57396.587948 19.454622      NaN  -19    20 c    0   0.75 210.92564 54.30806  7767.49  2263.13 3.99 3.60   8.0 -0.427    19.59 21.57 02a57396o0607c -0.950000 8388609
57396.598947 19.419021      NaN    8    18 c    0   1.22 210.92564 54.30806  7481.11  1690.23 4.10 3.60   5.2 -0.444    19.60 21.58 02a57396o0625c  0.444444 8388609
57396.614233 18.816441      NaN    0    36 c    0   1.22 210.92564 54.30806  8294.79  2834.03 3.80 3.60  20.6 -0.418    19.60 21.56 02a57396o0650c  0.000000 8388609
57396.627717 18.068904      NaN   86    43 c    0   1.14 210.92564 54.30806  8557.30  1072.66 4.33 3.66  11.2 -0.431    19.59 21.57 02a57396o0672c  2.000000 8388609
57424.598946 19.454622      NaN    6    18 c    0   1.06 210.92564 54.30806  8266.10  1588.90 4.32 3.76  10.4 -0.440    19.70 21.79 02a57424o0633c  0.333333    True
57424.604067 19.569016      NaN  -10    18 c    0   1.03 210.92564 54.30806  8530.09  2158.90 4.25 3.83  15.4 -0.423    19.68 21.79 02a57424o0641c -0.555556    8192
57424.621336 19.766969      NaN   -8    15 c    0   1.25 210.92564 54.30806  7374.64  2776.76 4.01 3.71  10.0 -0.415    19.70 21.79 02a57424o0667c -0.533333    True
57424.633626 19.569016      NaN    3    17 c    0   0.91 210.92564 54.30806  7297.57  2870.62 3.96 3.67  11.6 -0.418    19.70 21.79 02a57424o0685c  0.176471    8192
57448.521048 18.967180      NaN   28    22 c    0   1.04 210.92564 54.30806  7932.69  1779.87 4.00 3.65  15.2 -0.449    19.26 20.81 02a57448o0458c  1.272727   False
57448.543577 19.401649      NaN  -15    21 c    0   0.96 210.92564 54.30806  8224.67  2360.10 3.94 3.73  23.5 -0.440    19.21 20.77 02a57448o0497c -0.714286    True
57448.565924 19.351140      NaN   -1    22 c    0   1.13 210.92564 54.30806  7083.77  2982.54 4.37 3.91  -1.1 -0.388    19.09 20.75 02a57448o0536c -0.045455   False
57448.596475 19.051202      NaN   27    20 c    0   1.18 210.92564 54.30806  3344.35  7815.60 3.87 3.61 -70.2 -0.421    19.20 20.80 02a57448o0592c  1.350000   False
57449.515332 19.212347      NaN  -10    25 c    0   0.65 210.92564 54.30806  8169.45  1730.45 4.04 3.63  15.7 -0.462    19.45 21.19 02a57449o0610c -0.400000   False
57449.538360 19.569016      NaN  -29    18 c    0   1.10 210.92564 54.30806  8467.84  2308.22 3.82 3.59  31.0 -0.456    19.42 21.11 02a57449o0650c -1.611111   False
57449.558557 18.806434      NaN   52    19 c    0   0.93 210.92564 54.30806  7327.19  2936.07 3.78 3.62  15.4 -0.427    19.39 21.07 02a57449o0688c  2.736842   False
57449.570520 19.318728      NaN    8    20 c    0   0.95 210.92564 54.30806  7309.06  2875.42 3.75 3.57  18.6 -0.439    19.39 21.06 02a57449o0709c  0.400000   False
57458.509881 19.102305      NaN   20    21 c    0   0.72 210.92564 54.30806  8251.98  1582.97 4.31 3.77  15.5 -0.446    19.65 21.70 02a57458o0606c  0.952381    True
57458.513259 19.089302      NaN   24    20 c    0   0.87 210.92564 54.30806  8537.85  2151.65 4.20 3.90  24.0 -0.426    19.61 21.68 02a57458o0613c  1.200000    8192
57458.536888 19.569016      NaN  -10    18 c    0   0.66 210.92564 54.30806  7410.71  2777.51 4.12 3.83   2.2 -0.402    19.60 21.68 02a57458o0653c -0.555556    True
57458.567769 19.631075      NaN  -18    17 c    0   1.05 210.92564 54.30806  3340.66  7813.50 3.85 3.61 -72.8 -0.421    19.64 21.68 02a57458o0708c -1.058824    True
57488.426551 19.454622      NaN  -11    20 c    0   0.87 210.92564 54.30806  8384.34  1655.24 4.32 3.81  20.3 -0.477    19.60 21.59 02a57488o0373c -0.550000   False
57488.444090 19.401649      NaN  -16    21 c    0   0.77 210.92564 54.30806  8671.74  2211.60 4.18 3.80  29.9 -0.461    19.60 21.61 02a57488o0405c -0.761905   False
57488.465855 19.696897      NaN  -13    16 c    0   1.40 210.92564 54.30806  7549.65  2858.75 4.05 3.72  15.9 -0.447    19.57 21.56 02a57488o0444c -0.812500    True
57488.475297 19.454622      NaN   -3    20 c    0   0.76 210.92564 54.30806  3326.69  7805.17 3.99 3.61 -64.9 -0.438    19.55 21.54 02a57488o0460c -0.150000   False
57512.362600 19.454622      NaN   -1    20 c    0   0.79 210.92564 54.30806  9572.15  2721.71 4.66 4.15  38.6 -0.436    19.51 21.58 02a57512o0305c -0.050000   False
57512.371077 19.401649      NaN  -27    21 c    0   1.05 210.92564 54.30806  9595.05  2758.00 4.57 4.08  40.0 -0.440    19.53 21.60 02a57512o0322c -1.285714    True
57512.373986 19.454622      NaN  -21    20 c    0   1.01 210.92564 54.30806   386.73  2647.32 5.06 3.82 -34.2 -0.413    19.58 21.60 02a57512o0328c -1.050000    True
57512.383392 19.351140      NaN    0    22 c    0   0.87 210.92564 54.30806   406.57  2684.48 5.10 3.92 -34.0 -0.414    19.54 21.60 02a57512o0347c  0.000000   False
57512.386899 19.318728      NaN   14    18 c    0   1.05 210.92564 54.30806   968.50  7886.72 4.46 3.81 -58.3 -0.428    19.55 21.63 02a57512o0354c  0.777778    True
57512.388945 19.510313      NaN   -5    19 c    0   1.02 210.92564 54.30806   340.71  2608.05 5.15 3.88 -31.5 -0.404    19.57 21.61 02a57512o0358c -0.263158    True
57512.397027 19.271854      NaN   14    19 c    0   1.08 210.92564 54.30806   998.99  7767.48 4.39 3.76 -57.7 -0.428    19.55 21.60 02a57512o0374c  0.736842    True
57512.407432 19.569016      NaN  -20    18 c    0   0.91 210.92564 54.30806 10191.35  7831.12 4.60 3.71  81.1 -0.426    19.54 21.62 02a57512o0395c -1.111111   False
57512.416849 19.318728      NaN    8    20 c    0   0.90 210.92564 54.30806  3600.96  8639.71 4.14 3.80 -61.8 -0.410    19.52 21.58 02a57512o0414c  0.400000   False
57515.371866 19.256669      NaN  -10    24 c    0   0.85 210.92564 54.30806  1942.76   492.11 5.36 3.74 -16.2 -0.483    19.58 21.68 02a57515o0321c -0.416667   False
57515.372987 19.212347      NaN  -30    25 c    0   1.14 210.92564 54.30806  7401.67   275.03 5.29 3.91  10.4 -0.491    19.61 21.70 02a57515o0323c -1.200000    True
57515.374441 19.510313      NaN    3    18 c    0   0.98 210.92564 54.30806  8572.15 10108.29 4.30 3.86  75.3 -0.414    19.60 21.66 02a57515o0326c  0.166667    True
57515.383262 19.472870      NaN    5    18 c    0   1.06 210.92564 54.30806  3089.25 10252.78 4.24 3.95 -48.5 -0.400    19.61 21.73 02a57515o0344c  0.277778   False
57515.385734 19.569016      NaN  -12    18 c    0   1.15 210.92564 54.30806  8500.54 10028.77 4.17 3.76  74.4 -0.422    19.61 21.65 02a57515o0348c -0.666667   False
57515.386824 19.351140      NaN   12    18 c    0   1.19 210.92564 54.30806  3141.33 10337.24 4.28 3.96 -54.3 -0.402    19.61 21.70 02a57515o0350c  0.666667   False
57515.400161 19.197966      NaN   16    20 c    0   0.86 210.92564 54.30806  3175.83 10217.01 4.17 3.91 -48.5 -0.390    19.61 21.69 02a57515o0376c  0.800000    True
57515.402098 19.212347      NaN    6    23 c    0   0.76 210.92564 54.30806  2024.48   417.87 5.18 3.65 -16.0 -0.484    19.58 21.64 02a57515o0380c  0.260870    True
57515.409082 19.038793      NaN   16    24 c    0   0.85 210.92564 54.30806  1975.73   480.54 5.25 3.65 -15.0 -0.478    19.58 21.61 02a57515o0393c  0.666667   False
57515.410533 19.454622      NaN  -14    20 c    0   0.82 210.92564 54.30806  3134.89 10280.70 4.12 3.91 -42.7 -0.393    19.61 21.65 02a57515o0396c -0.700000   False
57545.329395 19.155932      NaN   22    19 c    0   1.04 210.92564 54.30806  1103.57  8145.20 4.40 3.94 -56.1 -0.415    19.59 21.73 02a57545o0190c  1.157895   False
57545.338129 19.510313      NaN  -15    19 c    0   1.02 210.92564 54.30806  1090.68  8107.86 4.40 3.93 -61.1 -0.432    19.58 21.75 02a57545o0208c -0.789474    True
57545.345896 19.454622      NaN    3    19 c    0   0.89 210.92564 54.30806 10303.71  8225.05 4.55 3.63  80.3 -0.431    19.64 21.77 02a57545o0224c  0.157895   False
57545.355107 19.696897      NaN   -9    16 c    0   1.37 210.92564 54.30806  1149.14  8183.65 4.16 3.77 -57.0 -0.430    19.62 21.73 02a57545o0243c -0.562500    True
57545.356559 19.569016      NaN  -14    18 c    0   0.85 210.92564 54.30806 10291.83  8187.37 4.65 3.62  82.6 -0.426    19.64 21.79 02a57545o0246c -0.777778   False
57545.358980 19.631075      NaN   -4    17 c    0   0.97 210.92564 54.30806 10348.88  8269.37 4.63 3.65  81.3 -0.434    19.64 21.79 02a57545o0251c -0.235294    True
57545.361400 19.051202      NaN   27    20 c    0   0.86 210.92564 54.30806  1162.06  8066.36 4.40 3.92 -58.1 -0.425    19.56 21.74 02a57545o0256c  1.350000   False
57545.371093 19.401649      NaN   -6    21 c    0   0.88 210.92564 54.30806  1129.41  8127.04 4.36 3.89 -56.8 -0.427    19.46 21.59 02a57545o0276c -0.285714    True
57545.380784 19.401649      NaN  -37    21 c    0   1.02 210.92564 54.30806 10361.55  8156.71 4.68 3.68  80.3 -0.421    19.41 21.51 02a57545o0296c -1.761905   False
57545.390661 19.454622      NaN  -12    20 c    0   0.95 210.92564 54.30806 10323.99  8216.54 4.89 3.82  79.3 -0.420    19.52 21.66 02a57545o0315c -0.600000   False
57549.332077 19.454622      NaN   -8    20 c    0   1.04 210.92564 54.30806  2391.83  9670.25 4.08 3.84 -55.2 -0.425    19.44 21.31 02a57549o0078c -0.400000   False
57549.342782 19.271854      NaN   14    19 c    0   1.29 210.92564 54.30806  2381.67  9630.47 4.17 3.87 -53.8 -0.417    19.44 21.33 02a57549o0100c  0.736842   False
57549.359807 19.454622      NaN  -18    20 c    0   0.93 210.92564 54.30806  2438.02  9705.86 4.12 3.83 -48.5 -0.420    19.46 21.36 02a57549o0135c -0.900000    True
57549.367069 18.786693      NaN   -7    37 c    0   0.35 210.92564 54.30806  2450.68  9589.06 4.12 3.84 -53.7 -0.424    19.47 21.39 02a57549o0150c -0.189189    True
57549.375839 19.367717      NaN    8    19 c    0   0.89 210.92564 54.30806  2419.23  9652.78 4.25 3.89 -49.3 -0.416    19.49 21.47 02a57549o0168c  0.421053   False
57581.293250 19.169763      NaN  -31    26 c    0   0.86 210.92564 54.30806  3722.34  6906.92 4.17 3.83 -76.8 -0.443    19.01 20.64 02a57581o0088c -1.192308    True
57581.304631 18.767304      NaN   35    26 c    0   0.93 210.92564 54.30806  3709.75  6865.56 4.12 3.85 -61.9 -0.443    19.01 20.65 02a57581o0111c  1.346154   False
57581.321240 19.212347      NaN   -1    25 c    0   1.04 210.92564 54.30806  3765.18  6940.04 3.97 3.69 -62.6 -0.451    19.00 20.58 02a57581o0145c -0.040000   False
57581.328019 19.226921      NaN    2    24 c    0   1.04 210.92564 54.30806  3777.55  6822.65 3.92 3.63 -71.9 -0.454    19.00 20.57 02a57581o0159c  0.083333   False
57581.338880 19.026525      NaN    2    29 c    0   0.97 210.92564 54.30806  3744.79  6881.64 3.99 3.68 -65.7 -0.453    18.93 20.48 02a57581o0181c  0.068966   False
57605.257770 18.729535      NaN    6    37 c    0   0.90 210.92564 54.30806  3985.71  6981.59 4.25 3.91  41.6 -0.371    18.85 21.71 02a57605o0052c  0.162162 8388609
57605.266058 18.786693      NaN    0    37 c    0   1.04 210.92564 54.30806  3962.77  6941.02 4.44 4.23  42.0 -0.398    18.84 21.70 02a57605o0066c  0.000000 8388609
57605.277177 18.330283      NaN   49    40 c    0   1.00 210.92564 54.30806  4018.99  7014.47 5.25 5.14  65.0 -0.323    18.70 21.72 02a57605o0085c  1.225000 8388609
57605.290850 18.816441      NaN   39    23 c    0   0.91 210.92564 54.30806  4042.67  6898.39 4.91 4.71 -64.3 -0.355    19.19 21.41 02a57605o0109c  1.695652 8388609
57605.303123 19.510313      NaN   -6    19 c    0   0.86 210.92564 54.30806  3997.35  6954.22 4.12 3.93 -59.8 -0.388    19.35 21.41 02a57605o0133c -0.315789 8388609
57609.251150 19.089302      NaN  -13    28 c    0   0.95 210.92564 54.30806  1279.50 10115.73 4.18 3.78 -54.8 -0.425    19.04 20.57 02a57609o0045c -0.464286   False
57609.257024 18.063866      NaN  105    37 c    0   1.08 210.92564 54.30806 10504.77 10236.22 4.93 3.90  81.8 -0.424    19.23 20.92 02a57609o0055c  2.837838    True
57609.260345 18.867907      NaN   31    24 c    0   1.07 210.92564 54.30806  1255.70 10074.20 4.25 3.88 -54.3 -0.429    19.15 20.84 02a57609o0061c  1.291667   False
57609.274446 19.169763      NaN  -20    26 c    0   1.07 210.92564 54.30806  1310.86 10149.98 4.24 4.00 -55.4 -0.429    19.15 20.86 02a57609o0086c -0.769231   False
57609.275582 18.776955 0.339293  112    35 c    0   1.00 210.92564 54.30806 10490.68 10193.67 5.07 4.03  81.4 -0.386    19.23 20.97 02a57609o0088c  3.200000    True
57609.283416 19.089302      NaN  -18    28 c    0   1.00 210.92564 54.30806  1322.76 10027.11 4.35 3.86 -54.9 -0.413    19.11 20.83 02a57609o0102c -0.642857   False
57609.293767 19.169763      NaN  -14    26 c    0   0.89 210.92564 54.30806  1286.51 10091.39 4.49 3.94 -54.1 -0.404    19.06 20.79 02a57609o0120c -0.538462   False
57746.613969 19.549093      NaN    1    18 c    0   1.00 210.92564 54.30806  9633.11  2384.65 4.06 3.81  81.8 -0.423    19.61 21.65 02a57746o0819c  0.055556   False
57746.625461 19.334813      NaN   10    19 c    0   0.83 210.92564 54.30806  9643.49  2424.27 4.08 3.83  80.9 -0.421    19.61 21.63 02a57746o0841c  0.526316    True
57746.627011 19.102305      NaN   26    19 c    0   0.92 210.92564 54.30806   435.23  2317.46 4.23 4.16 -88.3 -0.369    19.54 21.57 02a57746o0844c  1.368421    True
57746.636855 19.569016      NaN  -10    18 c    0   0.91 210.92564 54.30806  9587.95  2351.40 4.24 4.02  81.0 -0.404    19.60 21.66 02a57746o0863c -0.555556    True
57746.638445 19.115465      NaN   25    19 c    0   0.91 210.92564 54.30806   447.85  2357.65 4.28 4.20  86.2 -0.365    19.56 21.60 02a57746o0866c  1.315789    True
57746.648259 19.569016      NaN  -15    18 c    0   1.00 210.92564 54.30806  9573.93  2469.56 4.17 3.92  78.8 -0.408    19.60 21.66 02a57746o0885c -0.833333    True
57746.650355 19.510313      NaN    6    17 c    0   1.13 210.92564 54.30806   389.09  2275.31 4.15 4.02  85.9 -0.381    19.60 21.59 02a57746o0889c  0.352941   False
57746.659628 19.401649      NaN  -18    21 c    0   0.84 210.92564 54.30806  9610.09  2411.29 4.06 3.80  79.6 -0.417    19.52 21.38 02a57746o0907c -0.857143    True
57746.661195 19.401649      NaN    3    20 c    0   0.94 210.92564 54.30806   378.07  2411.82 4.09 3.95  84.4 -0.381    19.40 21.16 02a57746o0910c  0.150000   False
57746.669931 18.729535      NaN  -15    39 c    0   1.04 210.92564 54.30806   411.38  2336.22 4.32 4.15  80.2 -0.359    18.45 19.40 02a57746o0927c -0.384615   False
57778.570698 19.212347      NaN   24    17 c    0   1.16 210.92564 54.30806  9124.22 10209.17 4.12 3.71 -88.1 -0.431    19.77 21.82 02a57778o0568c  1.411765    True
57778.576629 19.351140      NaN   -8    22 c    0   0.71 210.92564 54.30806  7899.14   408.02 4.00 3.78  15.5 -0.454    19.75 21.80 02a57778o0578c -0.363636   False
57778.584061 19.287255      NaN   16    18 c    0   1.02 210.92564 54.30806  9137.58 10250.65 4.09 3.68 -88.1 -0.432    19.77 21.81 02a57778o0592c  0.888889    True
57778.589437 18.878500      NaN   45    19 c    0   0.96 210.92564 54.30806  7911.41   448.92 3.94 3.77  18.6 -0.451    19.77 21.82 02a57778o0602c  2.368421   False
57778.596885 19.302877      NaN   15    18 c    0   0.92 210.92564 54.30806  9080.20 10176.62 4.09 3.73  89.5 -0.433    19.78 21.83 02a57778o0616c  0.833333    True
57778.602290 19.212347      NaN   15    20 c    0   1.01 210.92564 54.30806  7868.89   373.58 3.95 3.73  15.4 -0.452    19.79 21.85 02a57778o0626c  0.750000    True
57778.609876 19.318728      NaN   11    19 c    0   1.00 210.92564 54.30806  9058.08 10297.82 4.05 3.68 -88.5 -0.432    19.80 21.86 02a57778o0640c  0.578947   False
57778.615190 19.271854      NaN   17    18 c    0   1.14 210.92564 54.30806  7848.30   497.26 3.84 3.67  18.1 -0.452    19.81 21.88 02a57778o0650c  0.944444   False
57778.622705 19.472870      NaN    8    17 c    0   1.05 210.92564 54.30806  9103.57 10238.29 3.99 3.63 -89.0 -0.435    19.82 21.89 02a57778o0664c  0.470588    True
57778.628048 19.287255      NaN   10    20 c    0   0.88 210.92564 54.30806  7882.42   438.17 3.99 3.81  15.7 -0.446    19.77 21.86 02a57778o0674c  0.500000   False
57782.565439 19.436675      NaN   10    17 c    0   0.89 210.92564 54.30806  8335.07  1407.74 3.86 3.75  84.2 -0.416    19.82 21.96 02a57782o0717c  0.588235   False
57782.579866 19.115465      NaN   34    16 c    0   0.99 210.92564 54.30806  8357.01  1447.65 3.89 3.75 -88.6 -0.409    19.84 21.99 02a57782o0743c  2.125000   False
57782.593858 19.696897      NaN  -24    16 c    0   0.87 210.92564 54.30806  8300.69  1374.62 3.81 3.67  86.6 -0.414    19.88 22.03 02a57782o0769c -1.500000    True
57782.607900 19.102305      NaN   26    19 c    0   0.86 210.92564 54.30806  8277.72  1498.21 3.93 3.77  83.5 -0.405    19.81 21.96 02a57782o0795c  1.368421   False
57782.621826 19.419021      NaN   11    17 c    0   0.96 210.92564 54.30806  8326.25  1440.09 3.86 3.71  85.6 -0.415    19.84 21.99 02a57782o0821c  0.647059    True
57786.563706 19.569016      NaN  -14    18 c    0   0.85 210.92564 54.30806  9351.40  9928.78 3.91 3.51 -86.1 -0.426    19.80 21.89 02a57786o0507c -0.777778   False
57786.566299 19.063754      NaN   26    20 c    0   0.88 210.92564 54.30806  8108.09   128.92 3.89 3.68  13.0 -0.447    19.82 21.92 02a57786o0512c  1.300000    True
57786.576403 19.631075      NaN  -26    17 c    0   1.14 210.92564 54.30806  9362.58  9969.08 3.98 3.59 -88.6 -0.417    19.82 21.94 02a57786o0531c -1.529412   False
57786.579012 19.351140      NaN   -4    22 c    0   0.77 210.92564 54.30806  8120.36   169.47 3.87 3.68  17.6 -0.448    19.85 21.96 02a57786o0536c -0.181818    True
57786.589214 19.454622      NaN   12    16 c    0   1.17 210.92564 54.30806  9304.39  9893.64 3.94 3.57 -89.9 -0.428    19.83 21.94 02a57786o0555c  0.750000    True
57786.591848 19.302877      NaN   15    18 c    0   1.26 210.92564 54.30806  8064.62    93.79 3.90 3.71  15.8 -0.449    19.68 21.79 02a57786o0560c  0.833333    True
57786.602149 19.014394      NaN   18    24 c    0   0.96 210.92564 54.30806  9281.65 10015.36 3.98 3.64  85.5 -0.433    19.48 21.55 02a57786o0579c  0.750000    True
57786.604786 19.115465      NaN   22    20 c    0   1.32 210.92564 54.30806  8053.28   214.95 3.88 3.76  19.4 -0.441    19.84 21.98 02a57786o0584c  1.100000    True
57786.615038 19.302877      NaN   18    17 c    0   1.13 210.92564 54.30806  9326.62  9956.63 3.95 3.59  86.2 -0.425    19.78 21.88 02a57786o0603c  1.058824   False
57786.617646 19.318728      NaN    5    21 c    0   0.89 210.92564 54.30806  8087.66   158.38 3.90 3.74  25.1 -0.448    19.84 21.99 02a57786o0608c  0.238095   False
57806.543426 19.510313      NaN  -14    19 c    0   0.95 210.92564 54.30806  9210.92  1310.97 3.85 3.71  60.4 -0.447    19.76 21.82 02a57806o0606c -0.736842    True
57806.546470 19.696897      NaN   -3    16 c    0   1.22 210.92564 54.30806  9237.19  1348.12 3.98 3.84  55.6 -0.429    19.74 21.83 02a57806o0612c -0.187500   False
57806.563479 19.569016      NaN   -6    18 c    0   0.84 210.92564 54.30806  9179.72  1275.41 4.05 3.88  52.7 -0.427    19.76 21.89 02a57806o0643c -0.333333    True
57806.577726 19.510313      NaN  -13    19 c    0   0.79 210.92564 54.30806  9159.33  1394.57 3.91 3.72  65.2 -0.441    19.76 21.84 02a57806o0669c -0.684211   False
57806.591596 19.454622      NaN    6    18 c    0   0.95 210.92564 54.30806  9209.42  1333.86 3.91 3.71  61.1 -0.439    19.72 21.75 02a57806o0695c  0.333333   False
57834.492888 19.510313      NaN  -22    19 c    0   0.94 210.92564 54.30806  8111.25  3379.55 3.99 3.71  87.7 -0.381    19.07 21.15 02a57834o0443c -1.157895   False
57834.503330 18.900000      NaN   31    23 c    0   0.85 210.92564 54.30806  2371.28  7031.74 3.82 3.69  44.9 -0.427    19.11 21.19 02a57834o0463c  1.347826    True
57834.527024 19.351140      NaN  -10    22 c    0   1.06 210.92564 54.30806  2418.61  7107.71 3.82 3.67  46.4 -0.423    19.04 21.02 02a57834o0506c -0.454545   False
57834.542612 19.115465      NaN   13    23 c    0   0.98 210.92564 54.30806  2437.81  6992.57 4.01 3.88  51.8 -0.408    18.92 20.83 02a57834o0535c  0.565217   False
57834.554663 19.256669      NaN  -22    24 c    0   0.92 210.92564 54.30806  2392.71  7053.97 4.05 3.88  49.6 -0.393    18.86 20.73 02a57834o0557c -0.916667    True
57838.492206 19.271854      NaN    5    22 c    0   0.80 210.92564 54.30806   111.11   581.87 4.44 4.39 -73.4 -0.376    19.01 21.19 02a57838o0454c  0.227273    True
57838.492735 18.786693      NaN   51    20 c    0   1.18 210.92564 54.30806  1473.88 10390.80 4.33 4.18  26.1 -0.384    19.04 21.20 02a57838o0455c  2.550000    True
57838.494486 19.454622      NaN   -5    20 c    0   1.04 210.92564 54.30806  9037.28    98.04 4.02 3.88  39.8 -0.447    19.06 21.21 02a57838o0458c -0.250000    True
57838.495005 19.351140      NaN  -22    22 c    0   1.05 210.92564 54.30806 10401.92  9910.33 4.46 4.09  80.9 -0.414    19.01 21.18 02a57838o0459c -1.000000    True
57838.505700 19.302877      NaN  -33    23 c    0   0.96 210.92564 54.30806 10330.41  9835.14 4.42 4.10  82.0 -0.403    19.02 21.17 02a57838o0479c -1.434783    True
57838.524714 19.454622      NaN  -21    20 c    0   0.93 210.92564 54.30806   169.69   498.65 4.25 4.18 -14.6 -0.373    19.03 21.14 02a57838o0515c -1.050000    8192
57838.528687 19.351140      NaN  -21    22 c    0   0.91 210.92564 54.30806  1522.83 10305.78 4.13 3.95  18.6 -0.402    19.04 21.15 02a57838o0522c -0.954545    True
57838.541835 19.454622      NaN  -25    20 c    0   1.21 210.92564 54.30806  1495.02 10368.30 4.23 3.75   9.2 -0.385    19.03 21.12 02a57838o0547c -1.250000    8192
57838.542881 19.351140      NaN  -10    22 c    0   1.00 210.92564 54.30806   136.23   554.21 4.10 3.99 -87.9 -0.398    19.06 21.09 02a57838o0549c -0.454545    True
57842.515338 18.955691      NaN   23    24 c    0   0.81 210.92564 54.30806  3818.66  6718.60 4.04 3.91  55.2 -0.397    18.98 21.04 02a57842o0427c  0.958333   False
57842.526432 19.197966      NaN    4    24 c    0   0.93 210.92564 54.30806  3861.83  6794.26 4.26 4.09  67.1 -0.387    18.93 21.04 02a57842o0448c  0.166667   False
57842.544005 19.454622      NaN  -29    20 c    0   1.05 210.92564 54.30806  3882.92  6674.02 4.12 3.96  75.5 -0.378    18.94 20.97 02a57842o0481c -1.450000   False
57862.478560 19.226921      NaN   11    21 c    0   0.83 210.92564 54.30806  3510.94  6950.42 3.82 3.70  86.0 -0.396    18.84 20.47 02a57862o0525c  0.523810   False
57862.500554 19.256669      NaN  -12    24 c    0   0.80 210.92564 54.30806  3488.03  6910.46 3.78 3.66  86.6 -0.402    18.76 20.25 02a57862o0570c -0.500000    True
57862.510937 19.115465      NaN   19    21 c    0   1.02 210.92564 54.30806  3544.90  6986.13 3.72 3.61  84.8 -0.412    18.74 20.17 02a57862o0591c  0.904762   False
57862.522570 19.169763      NaN   12    22 c    0   0.99 210.92564 54.30806  3568.87  6867.68 3.74 3.65  71.9 -0.401    18.68 20.07 02a57862o0615c  0.545455    True
57862.530436 19.256669      NaN    6    22 c    0   1.04 210.92564 54.30806  3535.77  6926.59 3.69 3.59  76.2 -0.414    18.67 20.02 02a57862o0631c  0.272727   False
57870.492158 19.922338      NaN  -10    13 c    0   0.66 210.92564 54.30806  1882.89  8594.70 2.42 2.27   7.4 -0.466    19.53 20.68 02a57870o0440c -0.769231   False
57870.509600 20.009244      NaN   -3    12 c    0   0.89 210.92564 54.30806  1859.71  8556.76 2.44 2.28   5.6 -0.462    19.48 20.63 02a57870o0473c -0.250000   False
57870.517991 20.103715      NaN   -5    11 c    0   1.49 210.92564 54.30806  1914.99  8628.73 2.45 2.31   6.9 -0.469    19.46 20.60 02a57870o0489c -0.454545    True
57870.530201 19.719755      NaN   14    11 c    0   1.02 210.92564 54.30806  1940.68  8511.21 2.48 2.35   1.1 -0.461    19.42 20.58 02a57870o0512c  1.272727   False
57870.541671 19.950541      NaN    2    12 c    0   1.14 210.92564 54.30806  1907.91  8568.90 2.47 2.35   0.4 -0.467    19.42 20.55 02a57870o0534c  0.166667   False
57894.386745 20.103715      NaN  -21    11 c    0   1.19 210.92564 54.30806  1305.76  9769.30 2.54 2.33 -11.6 -0.463    19.65 21.54 02a57894o0292c -1.909091    True
57894.416893 19.894850      NaN   10    10 c    0   1.57 210.92564 54.30806  1282.69  9728.55 2.59 2.36 -14.0 -0.468    19.81 21.74 02a57894o0349c  1.000000    8192
57894.419529 20.321591      NaN   -4     9 c    0   1.23 210.92564 54.30806  1340.16  9800.81 2.58 2.37  -6.5 -0.467    19.78 21.70 02a57894o0354c -0.444444    True
57894.441778 19.950541      NaN    2    12 c    0   0.74 210.92564 54.30806  1354.65  9680.94 2.53 2.29  -7.6 -0.473    19.68 21.53 02a57894o0396c  0.166667    True
57894.453543 19.766969      NaN  -15    15 c    0   1.07 210.92564 54.30806  1319.58  9740.10 2.53 2.30  -4.4 -0.474    19.49 21.27 02a57894o0418c -1.000000    8192
57898.389114 20.207197      NaN  -12    10 c    0   1.36 210.92564 54.30806  1841.05  8719.51 2.66 2.37  -5.3 -0.481    19.73 21.69 02a57898o0138c -1.200000   False
57898.398663 20.071303      NaN    1    11 c    0   0.90 210.92564 54.30806  1817.41  8679.52 2.48 2.29  -1.0 -0.503    19.78 21.72 02a57898o0156c  0.090909   False
57898.417223 20.071303      NaN    4    10 c    0   1.07 210.92564 54.30806  1872.93  8753.34 2.59 2.34 -12.0 -0.486    19.75 21.68 02a57898o0191c  0.400000   False
57898.437402 20.103715      NaN  -22    11 c    0   0.99 210.92564 54.30806  1898.86  8632.60 2.46 2.25   1.9 -0.503    19.75 21.62 02a57898o0229c -2.000000   False
57898.446924 19.922338      NaN   -9    13 c    0   0.84 210.92564 54.30806  1864.84  8690.08 2.67 2.48   1.5 -0.486    19.69 21.60 02a57898o0247c -0.692308   False
57902.386132 20.207197      NaN  -17    10 c    0   1.44 210.92564 54.30806  4364.77  7529.53 2.52 2.42  -3.6 -0.451    19.81 21.63 02a57902o0297c -1.700000    8192
57902.397408 19.674510      NaN   10    13 c    0   0.46 210.92564 54.30806  4354.25  7489.63 2.57 2.47  -9.1 -0.461    19.77 21.60 02a57902o0319c  0.769231    True
57902.399963 20.137125      NaN    2    10 c    0   1.34 210.92564 54.30806  4401.16  7567.59 2.59 2.45  -2.6 -0.449    19.78 21.58 02a57902o0324c  0.200000    8192
57902.422768 19.652575      NaN   23     9 c    0   1.45 210.92564 54.30806  4425.42  7448.52 2.56 2.44  -0.1 -0.464    19.79 21.63 02a57902o0368c  2.555556    True
57902.433611 20.321591      NaN  -33     9 c    0   1.64 210.92564 54.30806  4390.28  7505.32 2.61 2.52  -1.9 -0.455    19.67 21.49 02a57902o0389c -3.666667    True
58020.235926 19.922338      NaN  -21    13 c    0   1.05 210.92564 54.30806  3530.25  3766.44 2.41 2.31 -78.5 -0.409    19.28 20.64 02a58020o0006c -1.615385 8388609
58194.569176 20.103715      NaN  -14    11 c    0   0.76 210.92564 54.30806  2250.51  8883.41 2.55 2.35  22.2 -0.453    19.73 21.58 02a58194o0731c -1.272727   False
58194.580281 20.171596      NaN    4     9 c    0   1.12 210.92564 54.30806  2226.26  8845.07 2.56 2.31  25.0 -0.453    19.75 21.58 02a58194o0749c  0.444444   False
58194.590959 20.207197      NaN   -7    10 c    0   1.47 210.92564 54.30806  2276.13  8917.26 2.63 2.46  14.7 -0.444    19.72 21.58 02a58194o0768c -0.700000   False
58194.602403 19.950541      NaN    5    11 c    0   1.08 210.92564 54.30806  2285.98  8798.30 2.41 2.21  17.3 -0.466    19.75 21.57 02a58194o0786c  0.454545    True
58196.529228 18.550302      NaN  -33    46 c    0   1.49 210.92564 54.30806  4947.12  3699.70 2.58 2.44  19.5 -0.397    17.79 19.73 02a58196o0652c -0.717391   False
58196.535461 20.321591      NaN   -4     9 c    0   0.94 210.92564 54.30806  4915.79  3663.71 2.45 2.31  46.0 -0.411    19.80 21.89 02a58196o0663c -0.444444   False
58196.543979 17.473643      NaN   69   101 c    0   0.79 210.92564 54.30806  4971.69  3738.91 2.45 2.34  37.8 -0.438    16.95 18.82 02a58196o0680c  0.683168   False
58251.578978 20.103715      NaN  -11    11 c    0   0.97 210.92564 54.30806  4115.42  3778.42 2.73 2.54 -53.0 -0.388    19.50 21.34 02a58251o0733c -1.000000    8192
58251.587115 19.652575      NaN   14    12 c    0   1.07 210.92564 54.30806  4114.69  3782.41 2.83 2.62 -51.3 -0.378    19.45 21.26 02a58251o0749c  1.166667    True
58251.594640 19.719755      NaN   11    12 c    0   1.22 210.92564 54.30806  4103.14  3786.01 2.68 2.55 -50.4 -0.387    19.43 21.20 02a58251o0764c  0.916667    True
58251.602316 19.351140      NaN   24    14 c    0   1.17 210.92564 54.30806  4113.14  3788.74 3.00 2.79 -53.4 -0.380    19.28 21.09 02a58251o0779c  1.714286    True
58252.572007 20.009244      NaN  -10    12 c    0   1.25 210.92564 54.30806  4114.89  3774.54 2.58 2.45 -49.9 -0.394    19.44 21.13 02a58252o0684c -0.833333    True
58252.582264 19.549093      NaN   16    13 c    0   0.96 210.92564 54.30806  4113.91  3779.79 2.51 2.40 -48.7 -0.402    19.46 21.08 02a58252o0703c  1.230769   False
58252.589663 19.922338      NaN   -3    13 c    0   1.09 210.92564 54.30806  4102.16  3783.09 2.54 2.45 -46.8 -0.398    19.40 21.05 02a58252o0718c -0.230769   False
58252.598499 20.009244      NaN   -8    12 c    0   1.46 210.92564 54.30806  4113.29  3786.13 2.49 2.40 -53.1 -0.398    19.37 20.99 02a58252o0735c -0.666667   False
58256.417856 18.226218      NaN    9    59 c    0   0.12 210.92564 54.30806  3184.49  5371.85 2.37 2.34 -15.0 -0.425    19.82 21.77 02a58256o0256c  0.152542   False
58256.432475 19.922338      NaN    9    10 c    0   0.80 210.92564 54.30806  3162.47  5331.38 2.41 2.41  21.2 -0.424    19.76 21.79 02a58256o0287c  0.900000   False
58256.449876 20.137125      NaN    2    10 c    0   1.13 210.92564 54.30806  3218.56  5407.47 2.34 2.31  11.3 -0.431    19.80 21.75 02a58256o0324c  0.200000    True
58256.458792 20.321591      NaN    0     9 c    0   1.13 210.92564 54.30806  3242.47  5288.33 2.38 2.29  39.6 -0.426    19.79 21.74 02a58256o0343c  0.000000   False
58280.393689 20.207197      NaN   -5    10 c    0   1.07 210.92564 54.30806  5348.63  4891.83 2.45 2.41 -68.9 -0.419    19.75 21.71 02a58280o0323c -0.500000   False
58280.407270 20.103715      NaN   -7    11 c    0   1.02 210.92564 54.30806  5338.33  4855.72 2.52 2.51  54.0 -0.412    19.67 21.62 02a58280o0352c -0.636364   False
58280.414598 19.816329      NaN    4    13 c    0   1.02 210.92564 54.30806  5393.68  4929.49 2.44 2.41  53.8 -0.422    19.45 21.31 02a58280o0368c  0.307692   False
58280.424534 20.103715      NaN   -3    11 c    0   0.84 210.92564 54.30806  5404.84  4817.15 2.42 2.38  53.3 -0.418    19.72 21.59 02a58280o0389c -0.272727   False
58284.387122 20.103715      NaN  -16    11 c    0   1.03 210.92564 54.30806  2821.51  5643.23 2.36 2.30   0.7 -0.420    19.59 21.41 02a58284o0307c -1.454545   False
58284.391741 20.009244      NaN    3    11 c    0   0.99 210.92564 54.30806  2795.96  5604.68 2.35 2.28   4.0 -0.423    19.62 21.46 02a58284o0317c  0.272727   False
58284.403480 20.103715      NaN    0    11 c    0   0.91 210.92564 54.30806  2854.48  5682.19 2.40 2.34  20.6 -0.428    19.67 21.53 02a58284o0342c  0.000000   False
58284.411716 20.207197      NaN   -4    10 c    0   1.37 210.92564 54.30806  2875.80  5561.59 2.44 2.38  21.8 -0.430    19.70 21.54 02a58284o0360c -0.400000   False
58308.365311 20.207197      NaN   -4    10 c    0   1.10 210.92564 54.30806  5560.32  3911.97 2.75 2.47 -51.2 -0.410    19.67 21.59 02a58308o0015c -0.400000    8192
58308.374538 20.103715      NaN  -10    11 c    0   0.97 210.92564 54.30806  5581.75  3793.47 2.67 2.48 -52.0 -0.409    19.64 21.54 02a58308o0035c -0.909091    8192
58312.333401 20.103715      NaN    3    10 c    0   1.12 210.92564 54.30806  5111.22  3950.85 2.52 2.35 -53.7 -0.416    19.75 21.63 02a58312o0193c  0.300000   False
58312.339561 20.009244      NaN  -14    12 c    0   0.96 210.92564 54.30806  5086.01  3910.51 2.69 2.42 -54.7 -0.407    19.71 21.63 02a58312o0206c -1.166667   False
58312.349040 19.816329      NaN   10    11 c    0   1.09 210.92564 54.30806  5143.39  3987.17 2.58 2.48 -50.8 -0.410    19.67 21.61 02a58312o0226c  0.909091   False
58312.361108 19.868040      NaN   11    10 c    0   1.07 210.92564 54.30806  5165.61  3869.74 2.53 2.47 -50.0 -0.408    19.68 21.58 02a58312o0252c  1.100000    True
58316.328042 19.719755      NaN    2    15 c    0   0.89 210.92564 54.30806  3250.21  3431.41 3.09 2.96 -62.0 -0.381    19.36 21.19 02a58316o0183c  0.133333    True
58316.337992 19.743105      NaN    7    13 c    0   0.95 210.92564 54.30806  3239.20  3390.37 3.05 3.00  68.2 -0.366    19.34 21.27 02a58316o0204c  0.538462    8192
58316.346903 20.103715      NaN  -10    11 c    0   1.10 210.92564 54.30806  3294.77  3465.78 2.82 2.80  35.2 -0.379    19.44 21.34 02a58316o0223c -0.909091    True
58316.359453 19.841877      NaN  -18    14 c    0   1.05 210.92564 54.30806  3316.80  3348.35 3.39 3.33 -52.7 -0.357    19.31 21.41 02a58316o0250c -1.285714    8192
58344.281357 20.103715      NaN   -6    11 c    0   1.19 210.92564 54.30806  3969.78  2675.62 2.61 2.40 -55.1 -0.387    19.46 21.13 02a58344o0108c -0.545455    True
58344.290487 19.922338      NaN    3    12 c    0   1.31 210.92564 54.30806  3958.66  2636.34 2.74 2.55 -63.2 -0.394    19.41 21.10 02a58344o0127c  0.250000    8192
58344.299671 19.841877      NaN   -8    14 c    0   1.06 210.92564 54.30806  4015.00  2712.28 2.67 2.48 -55.6 -0.384    19.08 20.79 02a58344o0146c -0.571429    8192
58344.308612 19.696897      NaN   12    12 c    0   1.34 210.92564 54.30806  4036.68  2590.05 2.62 2.50 -52.0 -0.392    19.43 21.14 02a58344o0165c  1.000000    True
58376.224249 19.302877      NaN  -34    23 c    0   1.35 210.92564 54.30806  5653.22  2164.64 2.62 2.39 -58.6 -0.397    18.75 19.69 02a58376o0028c -1.478261   False
58376.230043 19.719755      NaN    2    15 c    0   1.46 210.92564 54.30806  5641.56  2124.79 2.56 2.41 -64.1 -0.391    18.99 20.12 02a58376o0040c  0.133333    True
58376.238331 19.384550      NaN   10    18 c    0   1.08 210.92564 54.30806  5696.47  2227.20 2.68 2.50 -61.2 -0.388    19.11 20.35 02a58376o0057c  0.555556   False
58376.247461 19.212347      NaN   21    18 c    0   0.99 210.92564 54.30806  5719.80  2100.70 2.88 2.78 -67.9 -0.379    19.00 20.36 02a58376o0076c  1.166667   False
58520.663770 20.009244      NaN   -9    12 c    0   1.05 210.92564 54.30806  4387.03  7831.66 2.59 2.36  19.2 -0.464    19.68 21.60 02a58520o0274c -0.916667    8192
58520.673685 18.776955      NaN    3    37 c    0   0.96 210.92564 54.30806  4361.44  7791.86 2.64 2.45  19.8 -0.473    18.45 19.41 02a58520o0295c  0.027027    True
58576.556729 19.652575      NaN   10    14 c    0   0.62 210.92564 54.30806  7693.64    94.91 2.48 2.09 -59.9 -0.405    19.78 21.80 02a58576o0718c  0.571429   False
58576.558102 19.791368      NaN   19     9 c    0   1.53 210.92564 54.30806  7960.46  9831.97 2.66 2.50 -64.7 -0.402    19.80 21.82 02a58576o0721c  1.888889   False
58576.570795 19.791368      NaN   13    11 c    0   1.01 210.92564 54.30806  7936.10  9790.90 2.75 2.52 -54.5 -0.415    19.76 21.80 02a58576o0748c  1.000000   False
58576.571708 19.510313      NaN    0    19 c    0   0.65 210.92564 54.30806  7670.35    53.23 2.55 2.17 -54.5 -0.395    19.74 21.77 02a58576o0750c -0.105263   False
58576.577207 19.719755      NaN   13    12 c    0   0.95 210.92564 54.30806  7735.86   133.05 2.57 2.18 -55.4 -0.421    19.76 21.75 02a58576o0762c  0.916667   False
58576.578589 20.207197      NaN   -7    10 c    0   1.23 210.92564 54.30806  7991.20  9871.62 2.82 2.48 -54.2 -0.409    19.73 21.78 02a58576o0765c -0.900000   False
58576.591620 20.103715      NaN  -12    11 c    0   1.08 210.92564 54.30806  8011.79  9754.41 2.90 2.51 -53.5 -0.401    19.67 21.74 02a58576o0792c -1.272727    True
58580.533459 20.449472      NaN   -3     8 c    0   2.02 210.92564 54.30806  7572.60  7869.01 2.64 2.49  44.9 -0.407    19.60 21.43 02a58580o0667c -0.625000   False
58580.553444 20.207197      NaN  -16    10 c    0   1.28 210.92564 54.30806  7605.54  7907.20 2.56 2.54  80.3 -0.405    19.66 21.40 02a58580o0709c -1.800000   False
58580.565220 20.009244      NaN  -14    12 c    0   1.13 210.92564 54.30806  7626.65  7789.41 2.60 2.52  67.2 -0.409    19.59 21.37 02a58580o0734c -1.333333   False
58604.470220 20.207197      NaN   -9    10 c    0   1.30 210.92564 54.30806  7298.85  3988.75 2.37 2.30  44.6 -0.399    19.60 21.61 02a58604o0438c -1.100000   False
58604.485174 20.207197      NaN    2    10 c    0   1.43 210.92564 54.30806  7275.73  3949.48 2.37 2.30 -64.6 -0.409    19.59 21.62 02a58604o0470c  0.000000   False
58604.494705 20.009244      NaN    0    12 c    0   1.33 210.92564 54.30806  7329.45  4024.49 2.41 2.37  49.0 -0.404    19.60 21.58 02a58604o0490c -0.166667   False
58604.501777 20.282105      NaN    3     9 c    0   1.62 210.92564 54.30806  7351.93  3910.86 2.48 2.38 -61.5 -0.399    19.53 21.55 02a58604o0505c  0.111111   False
58612.399959 20.207197      NaN    2    10 c    0   1.06 210.92564 54.30806  9068.45  6884.19 2.56 2.46  58.2 -0.420    19.76 21.60 02a58612o0365c  0.000000   False
58612.401822 19.791368      NaN    7    13 c    0   0.82 210.92564 54.30806  9048.75  6844.47 2.56 2.45  57.1 -0.405    19.79 21.60 02a58612o0369c  0.384615   False
58612.407474 20.103715      NaN    2    11 c    0   1.15 210.92564 54.30806  9104.94  6924.16 2.57 2.48  79.0 -0.418    19.76 21.61 02a58612o0381c  0.000000   False
58612.432540 20.103715      NaN  -10    11 c    0   1.40 210.92564 54.30806  9114.57  6806.65 2.59 2.47  47.7 -0.459    19.78 21.63 02a58612o0433c -1.090909   False
58636.335628 20.207197      NaN  -16    10 c    0   1.24 210.92564 54.30806  1840.80  7488.32 2.48 2.37 -15.6 -0.428    19.71 21.76 02a58636o0227c -1.800000   False
58636.341238 19.791368      NaN   13    11 c    0   0.90 210.92564 54.30806  8738.47  3043.65 2.37 2.27 -63.9 -0.422    19.80 21.76 02a58636o0239c  1.000000   False
58636.347261 20.009244      NaN    8    10 c    0   0.92 210.92564 54.30806  8802.61  3133.06 2.44 2.24 -62.3 -0.410    19.80 21.77 02a58636o0252c  0.600000   False
58636.365477 20.449472      NaN   -2     8 c    0   1.21 210.92564 54.30806  8817.02  3013.54 2.46 2.25 -63.6 -0.413    19.75 21.70 02a58636o0291c -0.500000    True
58664.300439 20.039830      NaN    7    10 c    0   1.17 210.92564 54.30806  2478.73  1203.19 2.38 2.29 -65.3 -0.432    19.78 21.60 02a58664o0137c  0.500000   False
58664.303183 20.103715      NaN  -10    11 c    0   0.99 210.92564 54.30806  2457.70  1164.29 2.42 2.27 -59.8 -0.419    19.81 21.61 02a58664o0143c -1.090909   False
58664.308728 20.449472      NaN   -3     8 c    0   1.58 210.92564 54.30806  2515.39  1238.00 2.35 2.27 -77.6 -0.405    19.80 21.64 02a58664o0155c -0.625000    True
58664.318819 20.207197      NaN    0    10 c    0   1.33 210.92564 54.30806  2535.96  1119.99 2.35 2.23 -74.9 -0.431    19.82 21.68 02a58664o0177c -0.200000   False
58668.360430 20.009244      NaN    8    10 c    0   1.60 210.92564 54.30806  6957.68  4772.44 2.58 2.30  40.7 -0.393    19.70 21.53 02a58668o0259c  0.600000   False
58668.363476 19.922338      NaN    0    13 c    0   1.03 210.92564 54.30806  6938.07  4732.22 2.60 2.25  40.7 -0.574    19.74 21.50 02a58668o0265c -0.153846   False
58668.370013 20.103715      NaN  -23    11 c    0   1.21 210.92564 54.30806  6993.47  4808.50 2.68 2.25  39.4 -0.390    19.70 21.46 02a58668o0279c -2.272727   False
58668.381748 20.009244      NaN   -1    12 c    0   0.89 210.92564 54.30806  7012.71  4690.28 2.56 2.27  38.1 -0.388    19.72 21.46 02a58668o0304c -0.250000   False
58692.299708 20.171596      NaN    6     9 c    0   1.05 210.92564 54.30806  8863.35  5216.39 2.65 2.49  41.5 -0.392    19.68 21.66 02a58692o0140c  0.444444   False
58692.302589 19.719755      NaN   16    11 c    0   1.06 210.92564 54.30806  8843.14  5176.34 2.64 2.45  38.1 -0.389    19.70 21.66 02a58692o0146c  1.272727   False
58692.308687 20.321591      NaN    0     9 c    0   1.30 210.92564 54.30806  8898.76  5255.86 2.53 2.46  53.3 -0.394    19.67 21.63 02a58692o0157c -0.222222   False
58692.318540 20.137125      NaN    4    10 c    0   1.28 210.92564 54.30806  8917.30  5139.43 2.56 2.44  41.4 -0.392    19.70 21.60 02a58692o0178c  0.200000   False
58696.259275 20.103715      NaN    2    11 c    0   0.87 210.92564 54.30806  8869.80  5219.55 2.77 2.47 -64.4 -0.398    19.61 21.39 02a58696o0060c  0.000000   False
58696.263160 19.719755      NaN   16    11 c    0   0.90 210.92564 54.30806  8848.94  5179.13 2.88 2.48 -64.6 -0.397    19.64 21.51 02a58696o0068c  1.272727   False
58696.268990 20.207197      NaN  -11    10 c    0   1.06 210.92564 54.30806  8905.77  5259.16 2.86 2.52 -64.1 -0.401    19.66 21.57 02a58696o0080c -1.300000   False
58696.279054 20.009244      NaN    2    12 c    0   0.84 210.92564 54.30806  8921.71  5149.52 2.99 2.55 -63.8 -0.397    19.61 21.57 02a58696o0101c  0.000000   False
58700.300639 20.103715      NaN   -9    11 c    0   1.35 210.92564 54.30806  3326.74  7092.30 2.45 2.42   5.6 -0.386    19.55 21.20 02a58700o0151c -1.000000    True
58700.303953 19.791368      NaN   10    12 c    0   1.19 210.92564 54.30806  3308.04  7052.28 2.38 2.34  -2.0 -0.391    19.59 21.19 02a58700o0158c  0.666667    8192
58700.310446 20.207197      NaN  -13    10 c    0   1.59 210.92564 54.30806  3364.10  7130.27 2.47 2.37  26.2 -0.380    19.54 21.19 02a58700o0172c -1.500000    8192
58700.320640 20.009244      NaN    1    12 c    0   1.00 210.92564 54.30806  3383.82  7011.33 2.44 2.40  -1.2 -0.389    19.55 21.17 02a58700o0194c -0.083333    True
58708.299948 18.796518      NaN    4    36 c    0   0.94 210.92564 54.30806  4749.81  3201.89 2.87 2.31  41.7 -0.386    18.22 19.07 02a58708o0161c  0.055556   False
58708.302750 18.550302      NaN  -56    46 c    0   0.81 210.92564 54.30806  4728.75  3163.25 2.82 2.29  42.5 -0.399    18.06 18.90 02a58708o0167c -1.260870   False
58708.309789 18.702047      NaN   -8    40 c    0   1.20 210.92564 54.30806  4788.63  3242.25 2.94 2.35  42.2 -0.375    17.75 18.71 02a58708o0182c -0.250000   False
58708.319771 18.757738      NaN  -19    38 c    0   1.24 210.92564 54.30806  4810.01  3123.68 2.71 2.33  39.5 -0.400    18.16 18.98 02a58708o0203c -0.552632    True
58724.254212 20.009244      NaN   -2    12 c    0   1.12 210.92564 54.30806  5021.42  4844.43 2.75 2.32  34.3 -0.404    19.58 21.32 02a58724o0081c -0.333333   False
58724.257423 20.103715      NaN   -5    11 c    0   1.13 210.92564 54.30806  5002.93  4806.19 2.64 2.29  38.5 -0.401    19.54 21.31 02a58724o0088c -0.636364   False
58724.263511 19.841877      NaN   -4    14 c    0   0.93 210.92564 54.30806  5058.07  4882.03 2.76 2.32  36.7 -0.393    19.50 21.30 02a58724o0101c -0.428571   False
58724.275107 20.009244      NaN  -10    12 c    0   1.13 210.92564 54.30806  5078.90  4768.35 2.72 2.32  36.3 -0.394    19.49 21.25 02a58724o0126c -1.000000   False
58872.552407 20.207197      NaN    1    10 c    0   1.35 210.92564 54.30806  3611.77  5801.65 2.53 2.32  43.9 -0.392    19.85 22.00 02a58872o0760c -0.100000   False
58872.555279 20.321591      NaN    0     9 c    0   1.68 210.92564 54.30806  3633.84  5839.47 2.36 2.33 -56.3 -0.411    19.81 21.99 02a58872o0766c -0.222222   False
58872.561131 20.207197      NaN    1    10 c    0   1.14 210.92564 54.30806  3576.33  5760.31 2.35 2.31 -49.0 -0.410    19.84 21.99 02a58872o0778c -0.100000   False
58872.571799 20.207197      NaN   -2    10 c    0   1.08 210.92564 54.30806  3545.76  5880.81 2.52 2.31  40.8 -0.393    19.84 22.02 02a58872o0799c -0.400000   False
58876.651589 19.922338      NaN    5    12 c    0   1.02 210.92564 54.30806  1972.28  9648.60 2.41 2.33 -38.0 -0.426    19.70 21.82 02a58876o0927c  0.250000    True
58876.655266 19.743105      NaN    3    15 c    0   1.11 210.92564 54.30806  1991.46  9687.45 2.50 2.37 -43.3 -0.418    19.31 21.31 02a58876o0935c  0.066667    True
58876.662978 19.696897      NaN  -19    16 c    0   0.96 210.92564 54.30806  1933.79  9608.43 2.45 2.31 -39.5 -0.420    19.30 21.14 02a58876o0951c -1.312500    True
58876.669196 18.978793      NaN   11    28 c    0   1.12 210.92564 54.30806  1912.74  9724.93 2.46 2.31 -35.1 -0.427    18.50 19.82 02a58876o0963c  0.321429    8192
58884.593779 20.449472      NaN   -7     8 c    0   1.33 210.92564 54.30806  5100.41  1953.17 2.50 2.27  50.3 -0.395    19.82 21.99 02a58884o0827c -1.000000    True
58884.596741 20.207197      NaN   -2    10 c    0   0.73 210.92564 54.30806  5125.15  1988.62 2.44 2.20 -61.5 -0.403    19.85 21.98 02a58884o0833c -0.300000   False
58884.605408 20.207197      NaN  -15    10 c    0   0.94 210.92564 54.30806  5069.97  1912.25 2.47 2.26 -62.8 -0.401    19.81 21.98 02a58884o0851c -1.600000   False
58884.615927 20.449472      NaN  -17     8 c    0   1.33 210.92564 54.30806  5048.34  2031.04 2.43 2.26  52.3 -0.400    19.81 21.99 02a58884o0873c -2.250000   False
58900.591861 19.791368      NaN   15    10 c    0   0.89 210.92564 54.30806  7262.05  3491.37 2.54 2.48  71.0 -0.387    19.55 21.59 02a58900o0772c  1.400000   False
58900.593725 19.589310      NaN   12    14 c    0   0.89 210.92564 54.30806  7284.05  3523.16 2.56 2.43 -67.9 -0.391    19.32 21.32 02a58900o0776c  0.785714   False
58900.597390 19.766969      NaN  -27    15 c    0   0.75 210.92564 54.30806  7226.05  3451.57 2.87 2.78 -67.6 -0.394    19.29 21.41 02a58900o0783c -1.866667   False
58900.608099 20.009244      NaN   -7    12 c    0   0.91 210.92564 54.30806  3378.75  7012.94 2.76 2.65 -56.3 -0.386    19.52 21.66 02a58900o0803c -0.666667    True
58932.513609 20.137125      NaN    3    10 c    0   1.02 210.92564 54.30806  3608.02  8747.09 2.67 2.33 -51.9 -0.412    19.73 21.71 02a58932o0633c  0.200000   False
58932.516828 19.609992      NaN   11    14 c    0   0.66 210.92564 54.30806  3589.19  8707.69 2.70 2.37 -52.4 -0.412    19.70 21.70 02a58932o0640c  0.714286   False
58932.522331 20.103715      NaN  -22    11 c    0   1.19 210.92564 54.30806  3643.97  8783.40 2.66 2.29 -51.7 -0.416    19.71 21.69 02a58932o0652c -2.090909   False
58932.532128 19.894850      NaN    8    11 c    0   1.07 210.92564 54.30806  3662.54  8666.21 2.64 2.33 -52.4 -0.413    19.72 21.67 02a58932o0673c  0.636364   False
58956.480280 20.103715      NaN   -9    11 c    0   0.97 210.92564 54.30806   377.59  1399.14 2.72 2.33 -57.6 -0.410    19.70 21.69 02a58956o0530c -0.909091   False
58956.483493 20.071303      NaN    5    10 c    0   0.97 210.92564 54.30806   357.03  1360.27 2.74 2.36 -59.2 -0.412    19.68 21.70 02a58956o0537c  0.400000   False
58956.489223 20.207197      NaN   -9    10 c    0   1.40 210.92564 54.30806   416.85  1429.89 2.74 2.35 -57.8 -0.413    19.70 21.68 02a58956o0549c -1.000000   False
58956.499532 20.321591      NaN  -17     9 c    0   1.31 210.92564 54.30806   436.81  1308.66 2.77 2.39 -59.4 -0.415    19.66 21.63 02a58956o0570c -2.000000   False
58960.425104 19.766969      NaN   13    11 c    0   1.12 210.92564 54.30806 10210.22  9178.41 2.96 2.81  45.4 -0.373    19.66 21.55 02a58960o0416c  1.090909   False
58960.428590 20.207197      NaN   -8    10 c    0   0.90 210.92564 54.30806   348.97  1363.97 2.56 2.33 -59.0 -0.412    19.70 21.56 02a58960o0423c -0.900000   False
58960.434799 19.950541      NaN    9    10 c    0   1.26 210.92564 54.30806   409.64  1434.54 2.49 2.33 -57.5 -0.416    19.72 21.56 02a58960o0436c  0.800000   False
58960.471580 20.207197      NaN   -6    10 c    0   0.88 210.92564 54.30806   435.13  1311.07 2.37 2.29  77.0 -0.421    19.72 21.63 02a58960o0459c -0.700000   False
58964.430982 19.212347      NaN   -4    25 c    0   1.20 210.92564 54.30806  7113.43  6905.17 2.52 2.46 -82.2 -0.404    18.74 20.40 02a58964o0427c -0.200000   False
58964.434180 18.389700      NaN   47    38 c    0   1.16 210.92564 54.30806  7094.73  6865.61 2.54 2.51  85.0 -0.397    18.18 19.79 02a58964o0434c  1.210526    True
58964.440185 19.569016      NaN   -3    18 c    0   1.13 210.92564 54.30806  7150.94  6945.05 2.64 2.58 -70.2 -0.393    19.01 20.86 02a58964o0447c -0.222222   False
58964.475522 20.103715      NaN   -9    11 c    0   0.82 210.92564 54.30806  7166.60  6829.69 2.63 2.56  42.0 -0.395    19.59 21.44 02a58964o0523c -0.909091   False
58984.385056 20.321591      NaN  -19     9 c    0   1.26 210.92564 54.30806  1445.29  6783.05 2.37 2.24  10.8 -0.405    19.75 21.72 02a58984o0250c -2.222222   False
58984.388259 19.631075      NaN   19    11 c    0   0.99 210.92564 54.30806  1426.94  6742.31 2.38 2.20 -51.1 -0.415    19.79 21.70 02a58984o0257c  1.636364   False
58984.393747 20.207197      NaN  -21    10 c    0   0.82 210.92564 54.30806  1484.73  6819.13 2.38 2.20 -48.3 -0.421    19.78 21.71 02a58984o0269c -2.200000   False
58984.404468 20.321591      NaN   -4     9 c    0   1.44 210.92564 54.30806  1510.07  6701.45 2.37 2.20 -46.0 -0.417    19.79 21.73 02a58984o0290c -0.555556   False
58988.407142 19.868040      NaN    6    12 c    0   0.92 210.92564 54.30806  6712.44  3117.13 2.59 2.29  35.5 -0.390    19.71 21.63 02a58988o0375c  0.416667   False
58988.410344 20.449472      NaN   -6     8 c    0   1.30 210.92564 54.30806  6695.17  3078.49 2.44 2.34  34.9 -0.395    19.73 21.61 02a58988o0382c -0.875000   False
58988.415874 20.103715      NaN   -9    11 c    0   0.97 210.92564 54.30806  6752.85  3155.11 2.44 2.31  38.4 -0.393    19.70 21.59 02a58988o0394c -0.909091   False
58988.427368 20.039830      NaN    3    11 c    0   0.72 210.92564 54.30806  6777.41  3042.13 2.36 2.34  80.6 -0.396    19.72 21.59 02a58988o0419c  0.181818   False
58992.358373 20.207197      NaN  -19    10 c    0   1.04 210.92564 54.30806  6718.82  3124.49 2.63 2.41  33.3 -0.389    19.73 21.75 02a58992o0269c -2.000000   False
58992.361575 20.207197      NaN  -24    10 c    0   1.28 210.92564 54.30806  6698.90  3084.62 2.55 2.36  32.6 -0.393    19.72 21.74 02a58992o0276c -2.500000   False
58992.367526 20.207197      NaN    1    10 c    0   0.88 210.92564 54.30806  6757.35  3162.22 2.59 2.39  31.5 -0.387    19.74 21.75 02a58992o0289c  0.000000   False
58992.401785 20.449472      NaN   -1     8 c    0   1.77 210.92564 54.30806  6774.08  3043.15 2.64 2.38  29.0 -0.384    19.70 21.75 02a58992o0362c -0.250000   False
59011.354173 19.868040      NaN   12    10 c    0   1.00 210.92564 54.30806  9020.55  6879.55 3.00 2.95  56.4 -0.382    19.64 21.96 02a59011o0241c  1.100000 8388609
59011.357398 19.652575      NaN   15    12 c    0   1.09 210.92564 54.30806  8999.04  6833.93 2.93 2.86  55.3 -0.383    19.67 21.95 02a59011o0248c  1.166667 8388609
59011.363858 20.103715      NaN   -5    11 c    0   1.00 210.92564 54.30806  9055.68  6915.04 2.94 2.90  48.3 -0.384    19.68 21.95 02a59011o0262c -0.545455 8388609
59011.384568 19.674510      NaN    8    14 c    0   0.91 210.92564 54.30806  9067.52  6796.44 3.90 3.56  31.1 -0.330    19.44 21.95 02a59011o0306c  0.500000 8388609
59015.333919 20.321591      NaN    1     9 c    0   1.39 210.92564 54.30806  9019.70  6874.07 2.65 2.57  57.6 -0.399    19.78 21.91 02a59015o0200c  0.000000    True
59015.337583 20.207197      NaN   -9    10 c    0   0.95 210.92564 54.30806  9000.91  6833.19 2.63 2.55  63.4 -0.398    19.79 21.90 02a59015o0208c -1.000000   False
59015.343104 20.103715      NaN  -10    11 c    0   0.76 210.92564 54.30806  9054.67  6914.06 2.76 2.45  36.0 -0.390    19.78 21.90 02a59015o0220c -1.000000   False
59015.354141 19.766969      NaN   13    11 c    0   0.85 210.92564 54.30806  9073.77  6799.47 2.69 2.59  67.5 -0.396    19.76 21.87 02a59015o0244c  1.090909   False
59020.330908 20.103715      NaN   -7    11 c    0   0.99 210.92564 54.30806  6548.41   975.04 2.45 2.32 -69.4 -0.404    19.50 21.38 02a59020o0132c -0.727273   False
59020.334109 20.282105      NaN   11     6 c    0   2.27 210.92564 54.30806  6527.84   934.82 2.44 2.30 -64.1 -0.401    19.75 21.74 02a59020o0139c  1.666667   False
59020.341236 20.207197      NaN   -1    10 c    0   1.08 210.92564 54.30806  6587.57  1015.69 2.54 2.42  87.7 -0.392    19.60 21.65 02a59020o0154c -0.200000   False
59020.352367 19.569016      NaN    7    16 c    0   0.85 210.92564 54.30806  6606.58   892.42 2.36 2.31 -84.1 -0.405    19.43 21.35 02a59020o0178c  0.375000   False
59040.285251 20.103715      NaN   -9    11 c    0   1.08 210.92564 54.30806  8721.41  3087.82 2.87 2.73 -62.0 -0.377    19.58 21.62 02a59040o0091c -0.909091   False
59040.288469 19.816329      NaN   11    11 c    0   0.90 210.92564 54.30806  8701.68  3047.72 2.82 2.71 -57.8 -0.372    19.58 21.62 02a59040o0098c  0.909091    True
59040.295427 20.071303      NaN    5    10 c    0   1.29 210.92564 54.30806  8761.12  3125.32 2.73 2.65 -60.0 -0.378    19.70 21.65 02a59040o0113c  0.400000   False
59040.306084 20.207197      NaN  -26    10 c    0   1.12 210.92564 54.30806  8782.48  3007.56 2.80 2.70  41.1 -0.380    19.65 21.66 02a59040o0136c -2.700000   False
59044.317072 19.922338      NaN   10    10 c    0   0.81 210.92564 54.30806   772.11  3020.43 2.48 2.27 -55.5 -0.399    19.71 21.76 02a59044o0158c  0.900000    True
59044.320832 20.207197      NaN    0    10 c    0   0.91 210.92564 54.30806   750.45  2980.39 2.53 2.34 -61.2 -0.401    19.68 21.77 02a59044o0166c -0.100000   False
59044.327714 20.103715      NaN   -5    11 c    0   1.09 210.92564 54.30806   813.04  3058.51 2.61 2.46 -60.4 -0.404    19.62 21.76 02a59044o0181c -0.545455   False
59044.337475 20.207197      NaN   -6    10 c    0   1.01 210.92564 54.30806   836.18  2938.11 2.75 2.44 -57.4 -0.396    19.60 21.71 02a59044o0202c -0.700000   False
59048.285981 20.103715      NaN   -4    11 c    0   1.05 210.92564 54.30806   778.34  3024.80 2.55 2.35  33.7 -0.395    19.64 21.53 02a59048o0095c -0.454545   False
59048.290126 19.894850      NaN    8    11 c    0   1.18 210.92564 54.30806   757.57  2986.13 2.65 2.36  36.4 -0.389    19.44 21.30 02a59048o0104c  0.636364   False
59048.296595 20.207197      NaN    0    10 c    0   1.13 210.92564 54.30806   816.57  3059.54 2.56 2.32  35.6 -0.393    19.57 21.51 02a59048o0118c -0.100000    True
59048.308077 20.244005      NaN    6     8 c    0   1.28 210.92564 54.30806   840.40  2939.99 2.36 2.33  13.9 -0.405    19.68 21.65 02a59048o0143c  0.625000   False
59108.240914 19.334813      NaN   26    14 c    0   1.42 210.92564 54.30806  4738.74  3193.49 2.37 2.34  61.9 -0.401    19.32 20.86 02a59108o0046c  1.785714   False
59108.246004 19.841877      NaN   -9    14 c    0   1.37 210.92564 54.30806  4718.44  3166.59 2.56 2.40  37.6 -0.391    19.27 20.84 02a59108o0057c -0.714286   False
59108.250126 19.841877      NaN  -13    14 c    0   1.16 210.92564 54.30806  4778.02  3237.84 2.42 2.39  52.2 -0.395    19.30 20.84 02a59108o0066c -1.000000   False
59108.260706 19.529530      NaN    9    16 c    0   1.16 210.92564 54.30806  4797.49  3127.72 2.62 2.44 -52.2 -0.395    19.22 20.80 02a59108o0089c  0.500000   False
59206.608827 20.207197      NaN   -2    10 c    0   1.14 210.92564 54.30806  4750.07  3181.09 2.53 2.47 -30.5 -0.370    19.71 21.84 01a59206o0880c -0.300000   False
59206.612058 20.207197      NaN    1    10 c    0   0.85 210.92564 54.30806  4728.12  3146.20 2.57 2.51 -32.1 -0.368    19.69 21.85 01a59206o0887c  0.000000   False
59206.617585 19.979496      NaN    8    10 c    0   1.00 210.92564 54.30806  4789.28  3222.62 2.73 2.64  -7.8 -0.359    19.62 21.85 01a59206o0899c  0.700000   False
59206.631405 20.207197      NaN  -13    10 c    0   1.21 210.92564 54.30806  4807.66  3110.78 2.76 2.58  21.5 -0.358    19.63 21.85 01a59206o0929c -1.400000   False
59208.639885 20.071303      NaN    5    10 c    0   0.76 210.92564 54.30806  8815.12  1663.09 2.61 2.33 -54.2 -0.407    19.68 21.64 02a59208o0962c  0.400000   False
59208.650450 20.103715      NaN   10     8 c    0   1.62 210.92564 54.30806  8835.49  1702.07 2.62 2.34 -53.8 -0.404    19.70 21.65 02a59208o0985c  1.125000   False
59208.655955 20.039830      NaN    6    10 c    0   1.14 210.92564 54.30806  8780.92  1628.79 2.58 2.31 -55.2 -0.401    19.67 21.61 02a59208o0997c  0.500000   False
59208.664725 19.841877      NaN    1    14 c    0   0.89 210.92564 54.30806  8762.63  1749.50 2.57 2.34 -56.4 -0.404    19.41 20.84 02a59208o1016c  0.000000   False
59228.630646 20.137125      NaN    3    10 c    0   1.14 210.92564 54.30806  7513.12  5601.59 2.68 2.51  50.2 -0.390    19.74 21.88 02a59228o0867c  0.200000   False
59228.633851 19.979496      NaN    5    11 c    0   0.79 210.92564 54.30806  7533.33  5639.90 2.71 2.51  48.7 -0.388    19.72 21.88 02a59228o0874c  0.363636   False
59228.650265 20.321591      NaN   -3     9 c    0   1.27 210.92564 54.30806  7481.19  5566.18 2.70 2.49  48.1 -0.390    19.76 21.90 02a59228o0909c -0.444444   False
59228.658974 20.321591      NaN    1     9 c    0   1.16 210.92564 54.30806  7461.97  5683.37 2.69 2.45  45.8 -0.392    19.80 21.83 02a59228o0928c  0.000000   False
59230.596813 20.207197      NaN    1    10 c    0   1.19 210.92564 54.30806  3629.39  8719.15 2.94 2.61 -76.6 -0.397    19.72 22.31 01a59230o0856c  0.000000   False
59230.600047 19.868040      NaN   15     9 c    0   1.16 210.92564 54.30806  3610.04  8681.52 2.90 2.59 -77.2 -0.395    19.77 22.33 01a59230o0863c  1.555556   False
59230.605590 20.071303      NaN    2    11 c    0   0.86 210.92564 54.30806  3668.30  8754.88 2.80 2.62 -83.6 -0.389    19.76 22.34 01a59230o0875c  0.090909   False
59230.615358 20.321591      NaN   -3     9 c    0   1.11 210.92564 54.30806  3686.74  8639.06 2.75 2.58 -80.9 -0.393    19.78 22.39 01a59230o0896c -0.444444    True
59238.585766 20.321591      NaN    0     9 c    0   0.91 210.92564 54.30806  1116.98  5137.70 2.29 2.19 -63.9 -0.397    19.95 22.17 01a59238o0765c -0.111111   False
59238.588065 20.103715      NaN    7     9 c    0   0.91 210.92564 54.30806  1096.88  5100.56 2.37 2.29 -67.2 -0.388    19.94 22.16 01a59238o0770c  0.666667   False
59238.590826 20.321591      NaN   -3     9 c    0   0.73 210.92564 54.30806  1155.79  5177.55 2.39 2.33 -75.5 -0.384    19.95 22.18 01a59238o0776c -0.444444   False
59238.595897 19.922338      NaN   13     9 c    0   1.36 210.92564 54.30806  1174.84  5059.54 2.46 2.42 -79.1 -0.383    19.88 22.19 01a59238o0787c  1.333333   False
59254.582395 20.103715      NaN  -27    11 c    0   1.07 210.92564 54.30806   361.40  1404.19 2.77 2.47  45.0 -0.394    19.64 22.07 01a59254o0809c -2.545455   False
59254.584237 19.719755      NaN    6    14 c    0   0.78 210.92564 54.30806   333.52  1369.69 2.60 2.34  67.0 -0.430    19.62 22.01 01a59254o0813c  0.357143   False
59254.587068 19.155932      NaN   17    21 c    0   0.70 210.92564 54.30806   400.49  1442.28 2.53 2.31  65.8 -0.427    19.24 21.52 01a59254o0819c  0.761905   False
59254.593104 20.207197      NaN   -6    10 c    0   1.04 210.92564 54.30806   417.66  1324.57 2.51 2.28  67.5 -0.426    19.76 22.16 01a59254o0832c -0.700000   False
59256.529166 19.791368      NaN   15    10 c    0   0.92 210.92564 54.30806  5350.75  3596.22 2.50 2.34  47.2 -0.402    19.79 21.98 02a59256o0695c  1.400000    True
59256.532384 19.922338      NaN   16     8 c    0   1.02 210.92564 54.30806  5370.05  3635.68 2.63 2.39  45.7 -0.397    19.76 21.98 02a59256o0702c  1.875000   False
59256.537897 20.449472      NaN   -9     8 c    0   1.27 210.92564 54.30806  5313.61  3558.69 2.56 2.33  43.1 -0.401    19.81 21.97 02a59256o0714c -1.250000   False
59256.543014 20.321591      NaN    0     9 c    0   0.92 210.92564 54.30806  5295.26  3674.30 2.62 2.40  46.2 -0.397    19.76 21.98 02a59256o0725c -0.111111   False
59258.571978 19.979496      NaN   11     9 c    0   1.19 210.92564 54.30806  7127.47  6874.65 2.54 2.52  66.8 -0.368    19.75 22.04 01a59258o0790c  1.111111   False
59258.573832 20.207197      NaN    4     9 c    0   0.72 210.92564 54.30806  7112.13  6832.44 2.73 2.59  43.8 -0.356    19.73 22.03 01a59258o0794c  0.333333   False
59258.576596 20.282105      NaN    2     9 c    0   1.50 210.92564 54.30806  7167.67  6912.39 2.69 2.64  62.9 -0.366    19.74 22.04 01a59258o0800c  0.111111   False
59258.582589 20.449472      NaN   -6     8 c    0   1.19 210.92564 54.30806  7184.91  6797.91 2.52 2.48  79.4 -0.375    19.80 22.04 01a59258o0813c -0.875000   False
59262.501830 20.321591      NaN   -3     9 c    0   1.37 210.92564 54.30806  7125.03  6874.88 2.40 2.25 -88.3 -0.394    19.77 21.77 01a59262o0623c -0.444444   False
59262.504607 19.696897      NaN   19    10 c    0   1.04 210.92564 54.30806  7106.26  6835.17 2.40 2.28 -87.4 -0.390    19.78 21.82 01a59262o0629c  1.800000   False
59262.508306 20.321591      NaN  -15     9 c    0   1.19 210.92564 54.30806  7164.64  6912.42 2.46 2.36  83.5 -0.379    19.75 21.86 01a59262o0637c -1.777778   False
59262.514297 20.137125      NaN    6     9 c    0   1.14 210.92564 54.30806  7182.92  6796.29 2.49 2.41  86.1 -0.374    19.77 21.85 01a59262o0650c  0.555556   False
59288.544037 20.207197      NaN    0    10 c    0   1.29 210.92564 54.30806  5465.27  8622.87 2.42 2.34  52.3 -0.408    19.81 21.80 02a59288o0704c -0.100000   False
59288.579411 20.103715      NaN  -11    11 c    0   0.79 210.92564 54.30806  5442.76  8582.24 2.56 2.31  34.1 -0.395    19.77 21.76 02a59288o0780c -1.090909    True
59288.607793 19.454622      NaN  -23    20 c    0   1.00 210.92564 54.30806  5493.85  8656.02 2.61 2.36  33.3 -0.390    18.70 20.56 02a59288o0841c -1.200000   False
59288.632589 20.321591      NaN   -7     9 c    0   1.50 210.92564 54.30806  5508.81  8536.13 2.78 2.35  41.1 -0.386    19.67 21.69 02a59288o0894c -0.888889   False
59292.459472 20.103715      NaN    4    10 c    0   0.84 210.92564 54.30806  1727.12  5356.12 2.49 2.30  55.8 -0.413    19.75 21.80 02a59292o0510c  0.300000   False
59292.462673 20.137125      NaN    6     9 c    0   1.05 210.92564 54.30806  1750.29  5395.74 2.46 2.31  60.5 -0.408    19.74 21.78 02a59292o0517c  0.555556   False
59292.466844 19.979496      NaN    2    12 c    0   0.70 210.92564 54.30806  1689.70  5316.43 2.59 2.36  48.1 -0.401    19.72 21.79 02a59292o0526c  0.083333   False
59292.473270 20.009244      NaN    7    10 c    0   1.04 210.92564 54.30806  1671.40  5431.66 2.52 2.31  48.3 -0.404    19.74 21.81 02a59292o0540c  0.600000   False
59292.649611 19.674510      NaN    5    15 c    0   1.38 210.92564 54.30806  8868.83  5188.81 2.51 2.32  36.6 -0.395    19.18 20.41 02a59292o0918c  0.266667   False
59310.449546 20.449472      NaN  -17     8 c    0   0.87 210.92564 54.30806  9028.13  6844.18 2.61 2.41  87.7 -0.400    20.01 21.98 01a59310o0425c -2.250000   False
59310.451851 20.321591      NaN   -2     9 c    0   1.36 210.92564 54.30806  9008.69  6804.67 2.58 2.43 -84.9 -0.393    20.03 21.99 01a59310o0430c -0.333333    True
59310.455624 20.321591      NaN  -15     9 c    0   0.88 210.92564 54.30806  9070.63  6881.60 2.54 2.41  87.5 -0.394    20.01 21.99 01a59310o0438c -1.777778   False
59310.464868 20.207197      NaN  -13    10 c    0   0.67 210.92564 54.30806  9086.88  6765.72 2.61 2.55 -83.1 -0.385    19.96 22.08 01a59310o0457c -1.400000   False
59314.443833 20.594452      NaN   -4     7 c    0   1.34 210.92564 54.30806  6520.73   960.20 2.46 2.29   5.9 -0.391    19.96 21.85 01a59314o0481c -0.714286   False
59314.445680 20.137125      NaN    6     9 c    0   1.18 210.92564 54.30806  6501.51   921.01 2.67 2.39  -6.2 -0.369    19.94 21.88 01a59314o0485c  0.555556   False
59314.448467 20.449472      NaN    0     8 c    0   1.28 210.92564 54.30806  6563.22   999.94 2.62 2.37  -2.3 -0.372    19.95 21.87 01a59314o0491c -0.125000   False
59314.453560 20.362567      NaN    3     8 c    0   1.02 210.92564 54.30806  6578.18   886.79 2.40 2.20 -18.7 -0.396    19.97 21.86 01a59314o0502c  0.250000   False
59318.482085 20.321591      NaN    0     9 c    0   1.12 210.92564 54.30806  4058.87  9624.57 2.42 2.28 -41.0 -0.387    19.76 21.52 01a59318o0559c -0.111111 8388608
59318.517343 20.594452      NaN  -21     7 c    0   1.20 210.92564 54.30806  4086.05  9658.32 2.29 2.10 -51.4 -0.388    19.89 21.56 01a59318o0635c -3.142857 8388608
59318.520566 19.868040      NaN   15     9 c    0   0.83 210.92564 54.30806  4026.55  9580.56 2.28 2.08 -45.0 -0.388    19.89 21.57 01a59318o0642c  1.555556 8388608
59318.543605 20.449472      NaN    0     8 c    0   2.01 210.92564 54.30806  4012.39  9694.38 2.28 2.10 -53.4 -0.387    19.86 21.46 01a59318o0691c -0.125000 8388609
59322.408613 20.543943      NaN    5     6 c    0   1.62 210.92564 54.30806  3055.06  4976.54 2.30 2.21 -82.1 -0.395    19.96 21.79 01a59322o0383c  0.666667   False
59322.410910 20.594452      NaN    0     7 c    0   1.29 210.92564 54.30806  3035.22  4938.30 2.29 2.17 -84.2 -0.398    19.97 21.80 01a59322o0388c -0.142857   False
59322.414135 20.282105      NaN    2     9 c    0   1.00 210.92564 54.30806  3092.85  5013.86 2.24 2.12 -74.8 -0.401    19.99 21.81 01a59322o0395c  0.111111   False
59322.419674 20.594452      NaN    0     7 c    0   1.22 210.92564 54.30806  3111.30  4898.69 2.33 2.19 -67.1 -0.399    19.92 21.79 01a59322o0407c -0.142857   False
59344.419514 20.009244      NaN   10     9 c    0   1.23 210.92564 54.30806  1106.00  5153.06 2.37 2.24 -41.4 -0.421    19.73 21.69 02a59344o0385c  1.000000   False
59344.423635 20.321591      NaN  -15     9 c    0   1.24 210.92564 54.30806  1086.44  5114.35 2.39 2.26 -41.5 -0.418    19.71 21.70 02a59344o0394c -1.777778   False
59344.429702 20.071303      NaN   11     8 c    0   1.48 210.92564 54.30806  1146.93  5187.87 2.40 2.26 -46.6 -0.423    19.71 21.72 02a59344o0407c  1.250000   False
59344.462022 20.103715      NaN   -4    11 c    0   0.73 210.92564 54.30806  1165.10  5065.12 2.33 2.28 -19.2 -0.419    19.69 21.62 02a59344o0474c -0.454545   False
59370.364702 20.449472      NaN  -13     8 c    0   0.90 210.92564 54.30806  2004.95  9689.11 2.28 2.04 -62.9 -0.403    19.99 22.07 01a59370o0279c -1.750000   False
59370.367930 20.449472      NaN   -5     8 c    0   1.44 210.92564 54.30806  2026.37  9728.27 2.32 2.08 -64.4 -0.403    20.00 22.06 01a59370o0286c -0.750000    True
59370.374378 20.594452      NaN   -3     7 c    0   1.33 210.92564 54.30806  1964.20  9648.18 2.25 1.99 -64.9 -0.405    20.01 22.04 01a59370o0300c -0.571429   False
59370.408119 20.207197      NaN  -11    10 c    0   0.70 210.92564 54.30806  1948.76  9761.58 2.37 2.12 -61.6 -0.407    19.96 22.00 01a59370o0367c -1.200000   False
59374.345057 20.362567      NaN    3     8 c    0   1.34 210.92564 54.30806  2006.18  9691.99 2.45 2.21 -61.3 -0.392    19.98 22.03 01a59374o0234c  0.250000   False
59374.348286 20.207197      NaN    4     9 c    0   0.82 210.92564 54.30806  2027.54  9730.19 2.30 2.10 -65.2 -0.401    19.98 22.02 01a59374o0241c  0.333333   False
59374.353832 20.207197      NaN    7     8 c    0   0.94 210.92564 54.30806  1969.01  9651.94 2.30 2.10 -53.8 -0.390    19.99 22.02 01a59374o0253c  0.750000   False
59374.364434 20.207197      NaN  -26    10 c    0   0.67 210.92564 54.30806  1948.54  9767.04 2.38 2.11 -62.0 -0.402    19.97 22.04 01a59374o0276c -2.700000   False
59378.326788 20.321591      NaN    7     7 c    0   1.30 210.92564 54.30806  5031.08  1954.67 2.15 2.08  53.7 -0.401    19.98 21.72 01a59378o0193c  0.857143   False
59378.330008 20.449472      NaN  -16     8 c    0   1.03 210.92564 54.30806  5051.97  1995.14 2.17 2.12  32.1 -0.400    19.93 21.73 01a59378o0200c -2.125000    4096
59378.335546 19.922338      NaN   16     8 c    0   1.24 210.92564 54.30806  4995.98  1916.87 2.21 2.11  19.9 -0.398    19.97 21.75 01a59378o0212c  1.875000   False
59378.348438 19.922338      NaN   16     8 c    0   0.67 210.92564 54.30806  4981.37  2032.09 2.23 2.16  11.2 -0.391    19.97 21.87 01a59378o0240c  1.875000   False
59404.284177 20.207197      NaN  -10    10 c    0   1.15 210.92564 54.30806  1735.57  8901.33 2.63 1.98 -48.8 -0.449    19.74 21.54 02a59404o0088c -1.100000   False
59404.287411 20.207197      NaN  -13    10 c    0   1.20 210.92564 54.30806  1715.66  8862.53 2.67 2.01 -50.2 -0.440    19.73 21.54 02a59404o0095c -1.400000   False
59404.292910 20.207197      NaN  -16    10 c    0   1.19 210.92564 54.30806  1770.08  8935.20 2.61 2.07 -51.0 -0.431    19.70 21.51 02a59404o0107c -1.700000    True
59404.302990 20.009244      NaN    0    12 c    0   1.20 210.92564 54.30806  1790.18  8816.11 2.68 2.07 -50.0 -0.437    19.66 21.51 02a59404o0129c -0.083333   False
59408.274563 19.696897      NaN   10    13 c    0   1.16 210.92564 54.30806  1738.10  8900.51 2.59 2.03 -48.8 -0.440    19.66 21.40 02a59408o0068c  0.692308   False
59408.277767 19.922338      NaN    7    11 c    0   1.35 210.92564 54.30806  1716.77  8861.35 2.61 2.15 -52.0 -0.423    19.64 21.42 02a59408o0075c  0.545455   False
59408.283262 19.609992      NaN   17    12 c    0   1.15 210.92564 54.30806  1771.76  8936.29 2.58 2.16 -51.2 -0.430    19.62 21.42 02a59408o0087c  1.333333   False
59408.295675 20.103715      NaN    0    11 c    0   1.36 210.92564 54.30806  1793.51  8815.51 2.52 2.08 -47.9 -0.435    19.67 21.47 02a59408o0114c -0.090909   False
59426.249901 19.791368      NaN    6    13 c    0   0.78 210.92564 54.30806  6895.49  1798.20 2.36 2.16 -72.9 -0.407    19.54 20.73 01a59426o0032c  0.384615   False
59426.253177 20.103715      NaN   -5    11 c    0   1.23 210.92564 54.30806  6914.52  1838.19 2.40 2.20 -74.5 -0.404    19.71 21.20 01a59426o0039c -0.545455   False
59426.258716 20.321591      NaN   -8     9 c    0   0.96 210.92564 54.30806  6860.24  1763.12 2.29 2.16 -72.8 -0.405    19.86 21.60 01a59426o0051c -1.000000   False
59426.272762 20.449472      NaN   -6     8 c    0   1.04 210.92564 54.30806  6844.10  1880.71 2.31 2.17 -75.0 -0.407    19.88 21.67 01a59426o0081c -0.875000   False
59430.242183 19.256669      NaN  -18    24 c    0   1.40 210.92564 54.30806  6895.65  1802.86 2.31 2.17 -36.4 -0.389    18.64 19.07 01a59430o0020c -0.791667   False
59430.244954 19.510313      NaN   -3    19 c    0   1.06 210.92564 54.30806  6915.81  1839.36 2.30 2.14 -75.4 -0.400    19.10 19.81 01a59430o0026c -0.210526   False
59430.250541 20.039830      NaN    3    11 c    0   0.81 210.92564 54.30806  6864.42  1765.39 2.31 2.15 -75.2 -0.398    19.66 20.96 01a59430o0038c  0.181818   False
59430.260749 20.207197      NaN   -7    10 c    0   0.84 210.92564 54.30806  6846.10  1880.40 2.36 2.19 -80.1 -0.402    19.86 21.60 01a59430o0060c -0.800000    True
59434.246925 19.569016      NaN   16    13 c    0   1.24 210.92564 54.30806  9441.96  5357.25 2.85 2.42 -84.3 -0.365    19.33 20.53 01a59434o0034c  1.153846   False
59434.250609 19.979496      NaN    2    12 c    0   0.95 210.92564 54.30806  9462.27  5392.38 2.84 2.40 -87.2 -0.376    19.54 21.12 01a59434o0042c  0.083333   False
59434.256155 20.207197      NaN   -3    10 c    0   1.12 210.92564 54.30806  9403.71  5322.27 2.78 2.39 -81.9 -0.380    19.71 21.52 01a59434o0054c -0.400000   False
59434.267220 20.207197      NaN   -1    10 c    0   1.18 210.92564 54.30806  9387.17  5441.37 2.50 2.22 -79.5 -0.399    19.85 21.64 01a59434o0078c -0.200000   False
59588.641428 19.609992      NaN   23    10 c    0   1.94 210.92564 54.30806  3851.48  7458.17 2.64 2.40  46.7 -0.398    19.65 21.81 02a59588o0978c  2.200000   False
59588.646929 19.894850      NaN    5    12 c    0   1.16 210.92564 54.30806  3872.34  7496.58 2.57 2.39  44.6 -0.407    19.61 21.81 02a59588o0990c  0.333333   False
59588.658083 19.743105      NaN   11    12 c    0   0.91 210.92564 54.30806  3812.49  7417.34 2.56 2.35  45.7 -0.405    19.61 21.75 02a59588o1014c  0.833333   False
59588.665789 20.009244      NaN    0    12 c    0   1.12 210.92564 54.30806  3789.07  7536.89 2.65 2.37  46.6 -0.397    19.46 21.22 02a59588o1030c -0.083333   False
59615.558656 20.207197      NaN   -3    10 c    0   1.27 210.92564 54.30806  1539.59  3714.78 2.42 2.36  61.7 -0.422    19.60 21.48 02a59615o0775c -0.400000   False
59615.561412 20.207197      NaN    0    10 c    0   1.10 210.92564 54.30806  1559.27  3753.81 2.41 2.34  54.4 -0.424    19.61 21.49 02a59615o0781c -0.100000   False
59615.564167 20.009244      NaN    4    11 c    0   1.23 210.92564 54.30806  1500.80  3674.05 2.54 2.37  44.3 -0.417    19.59 21.49 02a59615o0787c  0.272727    True
59615.571520 20.207197      NaN   -4    10 c    0   1.43 210.92564 54.30806  1483.39  3789.05 2.45 2.37  58.6 -0.420    19.60 21.51 02a59615o0803c -0.500000   False
59619.586609 19.674510      NaN   17    11 c    0   1.20 210.92564 54.30806  4038.29  9609.78 2.54 2.48  49.4 -0.406    19.67 21.67 02a59619o0807c  1.454545   False
59619.588435 19.894850      NaN    8    11 c    0   1.30 210.92564 54.30806  4058.25  9649.32 2.57 2.47  50.2 -0.405    19.66 21.67 02a59619o0811c  0.636364   False
59619.592559 19.922338      NaN   -4    13 c    0   1.14 210.92564 54.30806  3995.89  9570.27 2.64 2.44  46.5 -0.396    19.63 21.67 02a59619o0820c -0.384615   False
59619.610269 20.103715      NaN   -9    11 c    0   2.00 210.92564 54.30806  3974.64  9687.76 2.66 2.46  42.8 -0.396    19.65 21.62 02a59619o0858c -0.909091   False
59639.510262 20.103715      NaN  -10    11 c    0   1.11 210.92564 54.30806  1850.95  7513.16 2.33 2.28  62.7 -0.428    19.73 21.72 02a59639o0653c -1.000000   False
59639.513468 20.207197      NaN  -12    10 c    0   1.78 210.92564 54.30806  1870.97  7553.35 2.44 2.32  41.7 -0.416    19.69 21.70 02a59639o0660c -1.300000   False
59639.516215 20.071303      NaN    5    10 c    0   1.16 210.92564 54.30806  1811.48  7472.28 2.32 2.27  61.2 -0.432    19.71 21.71 02a59639o0666c  0.400000   False
59639.522156 20.103715      NaN   -6    11 c    0   0.78 210.92564 54.30806  1791.44  7588.21 2.36 2.31  70.9 -0.429    19.72 21.72 02a59639o0679c -0.636364   False
59643.579606 19.922338      NaN   -3    13 c    0   1.50 210.92564 54.30806   782.77  3009.87 2.23 2.10   6.2 -0.449    19.23 21.76 02a59643o0746c -0.307692   False
59643.582534 19.419021      NaN   27    12 c    0   1.56 210.92564 54.30806   761.12  2969.34 2.25 2.12   1.8 -0.448    19.21 21.75 02a59643o0752c  2.166667   False
59643.617736 19.841877      NaN   -5    14 c    0   1.04 210.92564 54.30806   819.56  3042.81 2.33 2.09  29.7 -0.440    19.25 21.72 02a59643o0823c -0.428571   False
59643.623182 19.401649      NaN   19    15 c    0   1.20 210.92564 54.30806   840.65  2920.96 2.25 2.12   8.2 -0.448    19.22 21.71 02a59643o0834c  1.200000    True
59647.511394 19.631075      NaN  -37    17 c    0   1.37 210.92564 54.30806  9804.96  7561.39 2.70 2.33  86.8 -0.448    18.96 21.75 02a59647o0432c -2.235294    True
59647.514333 19.569016      NaN  -46    18 c    0   1.14 210.92564 54.30806  9826.12  7598.70 2.73 2.33  80.1 -0.441    18.94 21.77 02a59647o0438c -2.611111   False
59647.519354 18.000411      NaN   53    59 c    0   1.28 210.92564 54.30806  9767.04  7526.05 2.65 2.37  80.1 -0.451    17.72 20.47 02a59647o0448c  0.881356   False
59647.539712 19.401649      NaN   -6    21 c    0   1.08 210.92564 54.30806  9751.83  7646.16 2.89 2.56  68.0 -0.421    18.89 21.75 02a59647o0488c -0.333333   False
59671.401837 19.841877      NaN  -25    14 c    0   0.92 210.92564 54.30806  3626.86  5830.62 2.72 2.52  41.0 -0.395    19.49 21.62 02a59671o0314c -1.857143 8388609
59671.428617 20.103715      NaN   -1    11 c    0   1.36 210.92564 54.30806  3660.82  5867.95 2.79 2.53  42.6 -0.393    19.53 21.63 02a59671o0371c -0.181818 8388609
59671.431827 19.922338      NaN   -3    13 c    0   1.40 210.92564 54.30806  3602.89  5793.63 2.92 2.59  44.1 -0.384    19.45 21.63 02a59671o0378c -0.307692 8388609
59671.437311 19.472870      NaN   21    13 c    0   1.09 210.92564 54.30806  3583.19  5910.41 2.95 2.56  40.6 -0.386    19.42 21.63 02a59671o0390c  1.538462 8388609
59675.445368 16.594484      NaN  141   232 c    0   1.14 210.92564 54.30806  1947.48  9635.33 2.52 2.40  40.8 -0.389    16.29 18.27 02a59675o0501c  0.603448    True
59675.451766 18.675237      NaN  -48    41 c    0   0.75 210.92564 54.30806  1927.15  9751.37 2.40 2.35  28.7 -0.457    18.45 20.52 02a59675o0515c -1.195122    8192
59679.432660 19.302877      NaN  -41    23 c    0   1.28 210.92564 54.30806  1983.81  9675.10 2.53 2.39  41.5 -0.435    18.97 20.69 02a59679o0440c -1.826087   False
59679.438161 19.302877      NaN   -2    23 c    0   0.92 210.92564 54.30806  2004.27  9713.26 2.48 2.38  33.5 -0.440    18.97 20.71 02a59679o0452c -0.130435   False
59679.439989 19.169763      NaN   10    23 c    0   1.03 210.92564 54.30806  1943.27  9633.17 2.48 2.36  33.3 -0.449    18.99 20.72 02a59679o0456c  0.391304   False
59679.445014 19.510313      NaN  -25    19 c    0   0.94 210.92564 54.30806  1921.28  9750.87 2.48 2.41  31.1 -0.442    19.00 20.75 02a59679o0467c -1.368421   False
59695.447397 20.009244      NaN   -9    12 c    0   1.06 210.92564 54.30806  8852.00  5213.39 2.73 2.49  32.2 -0.400    19.49 21.38 02a59695o0478c -0.833333    8192
59695.450623 19.766969      NaN   10    12 c    0   1.16 210.92564 54.30806  8832.54  5173.07 2.66 2.39  33.1 -0.403    19.51 21.38 02a59695o0485c  0.750000    True
59695.485942 19.491430      NaN   23    12 c    0   1.17 210.92564 54.30806  8882.56  5252.42 2.75 2.44  30.1 -0.390    19.47 21.34 02a59695o0561c  1.833333    True
59695.514381 19.169763      NaN   19    20 c    0   0.81 210.92564 54.30806  8899.61  5136.88 2.76 2.40  28.5 -0.395    19.02 20.86 02a59695o0622c  0.900000    True
59699.416003 16.143916      NaN -412   422 c    0   1.28 210.92564 54.30806  3325.84  7093.62 2.64 2.33  24.5 -0.397    15.53 16.82 02a59699o0410c -0.978673    True
59699.419220 18.816441      NaN   -2    36 c    0   0.96 210.92564 54.30806  3308.67  7058.26 2.59 2.33  26.3 -0.397    18.25 19.68 02a59699o0417c -0.083333   False
59699.424739 17.845990      NaN  -67    88 c    0   1.27 210.92564 54.30806  3364.62  7132.20 2.63 2.33  24.3 -0.400    17.23 18.61 02a59699o0429c -0.772727   False
59699.459844 19.142275      NaN   21    20 c    0   1.10 210.92564 54.30806  3370.29  7013.16 2.58 2.25  27.3 -0.396    18.82 20.34 02a59699o0505c  1.000000   False
59723.379391 19.766969      NaN  -13    15 c    0   0.77 210.92564 54.30806  5005.75  4852.19 2.69 2.33  28.8 -0.399    19.57 21.29 02a59723o0312c -0.933333   False
59723.382603 19.922338      NaN   -1    13 c    0   0.91 210.92564 54.30806  4982.99  4811.01 2.96 2.46  29.7 -0.388    19.52 21.28 02a59723o0319c -0.153846   False
59723.388089 19.922338      NaN   -2    13 c    0   0.99 210.92564 54.30806  5043.94  4889.27 2.69 2.30  28.5 -0.402    19.58 21.25 02a59723o0331c -0.230769   False
59723.400898 19.589310      NaN   18    12 c    0   0.92 210.92564 54.30806  5062.58  4775.13 2.76 2.37  26.9 -0.397    19.55 21.26 02a59723o0359c  1.416667   False
59727.350487 17.797727      NaN   73    68 c    0   1.22 210.92564 54.30806  5010.29  4858.33 2.68 2.28  31.0 -0.399    17.52 18.91 02a59727o0248c  1.058824   False
59727.353687 19.026525      NaN   12    26 c    0   0.92 210.92564 54.30806  4990.67  4818.96 2.65 2.25  29.9 -0.401    18.58 20.08 02a59727o0255c  0.423077   False
59727.360089 17.751519      NaN  121    56 c    0   1.46 210.92564 54.30806  5048.59  4894.52 2.64 2.25  30.7 -0.403    17.59 18.92 02a59727o0269c  2.142857    True
59727.371522 18.757738      NaN    7    36 c    0   1.39 210.92564 54.30806  5069.35  4777.17 2.81 2.30  31.3 -0.389    18.00 19.43 02a59727o0294c  0.166667   False
59731.393020 20.103715      NaN  -12    11 c    0   1.42 210.92564 54.30806  3596.88  8740.52 2.74 2.67  34.6 -0.390    19.54 21.53 02a59731o0172c -1.181818   False
59731.398541 19.922338      NaN   -9    13 c    0   1.02 210.92564 54.30806  3576.83  8701.36 2.84 2.66  42.2 -0.385    19.56 21.51 02a59731o0184c -0.769231   False
59731.401810 19.791368      NaN    9    12 c    0   1.49 210.92564 54.30806  3633.45  8778.30 2.61 2.58  47.0 -0.392    19.59 21.52 02a59731o0191c  0.666667   False
59731.414645 19.674510      NaN   14    12 c    0   1.11 210.92564 54.30806  3650.99  8657.56 2.70 2.54  25.0 -0.395    19.57 21.46 02a59731o0219c  1.083333   False
59751.314809 19.454622      NaN   28    11 c    0   1.04 210.92564 54.30806  4505.42  1071.60 2.41 2.29  79.3 -0.428    19.65 21.48 02a59751o0156c  2.454545   False
59751.318028 20.207197      NaN  -13    10 c    0   1.13 210.92564 54.30806  4485.19  1035.20 2.38 2.26  74.9 -0.430    19.63 21.48 02a59751o0163c -1.400000   False
59751.323522 19.979496      NaN   11     9 c    0   1.43 210.92564 54.30806  4546.48  1110.38 2.33 2.24  80.8 -0.430    19.66 21.47 02a59751o0175c  1.111111   False
59751.334507 19.841877      NaN   13    10 c    0   1.00 210.92564 54.30806  4567.80   998.14 2.51 2.36  84.6 -0.424    19.64 21.45 02a59751o0199c  1.200000   False
59783.267980 19.791368      NaN    6    13 c    0   0.85 210.92564 54.30806  1453.11  6774.85 2.41 2.26 -40.3 -0.429    19.57 21.12 02a59783o0058c  0.384615    True
59783.271622 19.922338      NaN   -3    13 c    0   1.50 210.92564 54.30806  1433.90  6735.79 2.58 2.37 -49.0 -0.424    19.53 21.16 02a59783o0066c -0.307692   False
59783.278464 20.009244      NaN   -7    12 c    0   0.90 210.92564 54.30806  1490.20  6811.46 2.47 2.26 -47.3 -0.431    19.60 21.20 02a59783o0081c -0.666667   False
59783.292955 19.549093      NaN   23    11 c    0   1.31 210.92564 54.30806  1509.20  6691.14 2.37 2.17 -49.2 -0.441    19.57 21.12 02a59783o0113c  2.000000   False
59787.293213 19.922338      NaN   -3    13 c    0   0.98 210.92564 54.30806  6722.70  3118.04 2.82 2.75  55.0 -0.404    19.41 21.28 02a59787o0117c -0.307692    True
59787.297291 19.766969      NaN  -17    15 c    0   1.03 210.92564 54.30806  6702.46  3075.48 2.90 2.84  55.5 -0.387    19.39 21.27 02a59787o0126c -1.200000    True
59787.303716 19.922338      NaN   -8    13 c    0   0.91 210.92564 54.30806  6760.13  3150.88 2.85 2.76  41.7 -0.391    19.42 21.26 02a59787o0140c -0.692308    True
59787.318300 19.766969      NaN  -15    15 c    0   0.79 210.92564 54.30806  6781.38  3032.66 2.85 2.72  38.5 -0.390    19.44 21.27 02a59787o0172c -1.066667    8192
59811.240646 18.878500      NaN    7    32 c    0   1.13 210.92564 54.30806  9023.73  6871.19 2.67 2.41  28.6 -0.410    18.72 19.75 02a59811o0025c  0.187500   False
59811.243827 18.944322      NaN   31    22 c    0   0.92 210.92564 54.30806  9003.18  6829.32 2.59 2.43  26.8 -0.415    19.14 20.36 02a59811o0032c  1.363636   False
59811.251095 19.816329      NaN    8    12 c    0   1.79 210.92564 54.30806  9061.89  6907.38 2.65 2.49  25.0 -0.411    19.43 21.04 02a59811o0048c  0.583333   False
59811.262036 19.841877      NaN   -6    14 c    0   1.18 210.92564 54.30806  9080.18  6789.18 2.60 2.49  24.2 -0.418    19.49 21.14 02a59811o0072c -0.500000   False
59819.241262 19.766969      NaN    4    14 c    0   1.41 210.92564 54.30806  6563.02   970.17 2.35 2.22  59.5 -0.408    19.14 20.53 02a59819o0037c  0.214286   False
59819.246702 20.009244      NaN   -4    12 c    0   1.06 210.92564 54.30806  6541.75   930.33 2.35 2.24  86.0 -0.415    19.34 20.93 02a59819o0049c -0.416667   False
59819.249867 19.922338      NaN   -8    13 c    0   1.01 210.92564 54.30806  6602.68  1010.46 2.52 2.40  84.3 -0.399    19.35 21.00 02a59819o0056c -0.692308    True
59819.259883 19.841877      NaN   -6    14 c    0   0.98 210.92564 54.30806  6625.46   893.05 2.40 2.23 -75.0 -0.427    19.37 21.05 02a59819o0078c -0.500000   False
59841.218401 18.053859      NaN   72    49 c    0   1.14 210.92564 54.30806  6992.04  9578.14 3.07 2.87  66.0 -0.352    17.82 19.42 01a59841o0022c  1.448980   False
59841.222104 19.051202      NaN  -12    29 c    0   0.95 210.92564 54.30806  7012.83  9618.90 3.06 2.87  69.8 -0.351    18.50 20.18 01a59841o0030c -0.448276   False
59841.232292 19.569016      NaN    0    18 c    0   1.07 210.92564 54.30806  6950.77  9547.20 3.10 2.92  73.2 -0.347    18.98 20.90 01a59841o0052c -0.055556   False
59841.238300 19.212347      NaN   16    20 c    0   0.93 210.92564 54.30806  6930.62  9664.07 3.11 2.95  72.2 -0.345    19.00 20.95 01a59841o0065c  0.750000   False
59999.634833 19.014394      NaN   -5    30 c    0   0.86 210.92564 54.30806  9207.18  9010.52 2.78 2.66  58.8 -0.391    18.65 20.44 02a59999o0111c -0.200000    True
59999.637641 19.212347      NaN   -8    25 c    0   0.89 210.92564 54.30806  9187.93  8968.30 2.79 2.68  51.3 -0.386    18.85 20.68 02a59999o0117c -0.360000    True
59999.650179 19.256669      NaN  -10    24 c    0   1.19 210.92564 54.30806  9242.10  9048.72 2.80 2.58  41.6 -0.389    18.66 20.40 02a59999o0142c -0.458333    True
59999.656837 19.302877      NaN  -12    23 c    0   0.96 210.92564 54.30806  9259.25  8929.96 2.74 2.67  54.5 -0.388    18.85 20.61 02a59999o0155c -0.565217    8192
60048.393577 20.009244      NaN  -24    12 c    0   1.07 210.92564 54.30806  5689.80  7372.63 2.59 2.31  44.1 -0.410    19.52 21.42 02a60048o0341c -2.083333   False
60048.395386 20.103715      NaN  -15    11 c    0   1.08 210.92564 54.30806  5709.83  7411.32 2.60 2.33  43.3 -0.410    19.55 21.42 02a60048o0345c -1.454545   False
60048.401280 20.137125      NaN    6     9 c    0   1.20 210.92564 54.30806  5651.10  7334.90 2.65 2.34  41.5 -0.408    19.55 21.43 02a60048o0357c  0.555556   False
60048.436787 20.009244      NaN    0    12 c    0   1.00 210.92564 54.30806  5632.77  7454.28 2.60 2.30  36.8 -0.410    19.59 21.48 02a60048o0428c -0.083333    True
60050.476350 19.510313      NaN   16    14 c    0   1.49 210.92564 54.30806  7486.36  9042.90 2.56 2.41  40.8 -0.420    19.44 21.13 02a60050o0512c  1.071429    True
60050.479980 19.569016      NaN    1    18 c    0   1.18 210.92564 54.30806  7466.82  9001.52 2.54 2.42  44.0 -0.415    19.18 20.81 02a60050o0520c  0.000000    8192
60050.515339 20.009244      NaN   -6    12 c    0   1.28 210.92564 54.30806  7521.56  9076.22 2.58 2.37  37.6 -0.410    19.51 21.22 02a60050o0595c -0.583333    True
60050.521155 19.197966      NaN   38    13 c    0   1.05 210.92564 54.30806  7539.64  8956.26 2.62 2.41  36.4 -0.410    19.50 21.21 02a60050o0607c  2.846154    True
60052.473293 19.696897      NaN   10    13 c    0   1.71 210.92564 54.30806  5199.58  4843.04 2.42 2.19  34.8 -0.405    19.31 20.97 02a60052o0517c  0.692308   False
60052.476484 19.256669      NaN   28    15 c    0   1.46 210.92564 54.30806  5179.96  4803.46 2.52 2.21  29.4 -0.396    19.08 20.78 02a60052o0524c  1.800000   False
60052.509238 19.816329      NaN    5    13 c    0   1.03 210.92564 54.30806  5240.10  4872.77 2.54 2.21  32.3 -0.400    19.45 21.04 02a60052o0592c  0.307692   False
60052.515613 19.894850      NaN    2    13 c    0   0.98 210.92564 54.30806  5261.12  4754.43 2.56 2.21  33.7 -0.395    19.42 20.99 02a60052o0605c  0.076923    True
60056.426687 19.922338      NaN   -2    13 c    0   1.34 210.92564 54.30806  1309.57  5139.21 2.48 2.28  20.2 -0.423    19.44 21.06 02a60056o0426c -0.230769   False
60056.430308 19.766969      NaN   -6    15 c    0   1.02 210.92564 54.30806  1291.21  5098.88 2.60 2.46  11.7 -0.418    19.37 21.05 02a60056o0434c -0.466667   False
60056.465450 19.674510      NaN   17    11 c    0   1.42 210.92564 54.30806  1343.53  5166.60 2.42 2.22  20.0 -0.426    19.49 21.06 02a60056o0509c  1.454545   False
60056.470537 20.009244      NaN   -5    12 c    0   1.35 210.92564 54.30806  1365.44  5047.88 2.42 2.23  16.7 -0.423    19.47 21.04 02a60056o0520c -0.500000   False
60058.400358 19.609992      NaN   14    13 c    0   1.23 210.92564 54.30806  5930.34  9511.49 2.76 2.42  41.3 -0.397    19.41 21.02 02a60058o0368c  1.000000    True
60058.403081 19.766969      NaN    7    13 c    0   1.12 210.92564 54.30806  5951.49  9548.52 2.74 2.41  37.3 -0.401    19.44 21.03 02a60058o0374c  0.461538   False
60058.406260 19.766969      NaN  -19    15 c    0   0.96 210.92564 54.30806  5889.42  9473.11 2.79 2.42  42.0 -0.393    19.44 21.03 02a60058o0381c -1.333333   False
60058.412604 19.922338      NaN  -13    13 c    0   1.33 210.92564 54.30806  5868.63  9592.67 2.73 2.41  39.1 -0.397    19.44 21.03 02a60058o0395c -1.076923   False
60076.451715 19.922338      NaN    7    11 c    0   1.21 210.92564 54.30806  6730.79   956.58 2.33 2.17 -71.7 -0.423    19.51 21.04 02a60076o0241c  0.545455   False
60076.455118 20.207197      NaN  -12    10 c    0   1.67 210.92564 54.30806  6711.64   918.74 2.31 2.11 -75.2 -0.429    19.50 21.03 02a60076o0248c -1.300000   False
60076.458122 20.009244      NaN    0    12 c    0   0.85 210.92564 54.30806  6773.20   998.40 2.32 2.11 -72.5 -0.428    19.54 21.05 02a60076o0254c -0.083333   False
60076.463264 19.922338      NaN   -3    13 c    0   1.12 210.92564 54.30806  6792.84   876.46 2.30 2.12 -80.2 -0.429    19.48 21.02 02a60076o0264c -0.307692   False
60078.380061 20.207197      NaN   -2    10 c    0   1.03 210.92564 54.30806  3239.32  4958.34 2.32 2.16  25.3 -0.414    19.63 21.30 02a60078o0314c -0.300000   False
60078.383226 20.103715      NaN   -1    11 c    0   1.07 210.92564 54.30806  3220.02  4922.94 2.29 2.16  18.9 -0.423    19.62 21.30 02a60078o0321c -0.181818   False
60078.390093 20.103715      NaN   -5    11 c    0   1.30 210.92564 54.30806  3278.78  4998.23 2.29 2.15  24.6 -0.417    19.59 21.30 02a60078o0336c -0.545455   False
60078.401655 19.454622      NaN   25    12 c    0   1.00 210.92564 54.30806  3299.25  4879.82 2.34 2.16  23.4 -0.418    19.61 21.34 02a60078o0361c  2.000000   False